Maze:
##########################
#                        #
#                        #
#                        #
#                        #
#                        #
#     ##############     #
#     #            #     #
#     #          D #     #
#     # A          #     #
#     #            #     #
#     #            #     #
#     #     B      #     #
#     #S           #     #
#     #            #     #
#     #            #     #
#     #           C#     #
#     #            #     #
#     #            #     #
#     ##############     #
#                        #
#                        #
#                        #
#                        #
#                        #
##########################
[[ 1.  7.]
 [ 2.  3.]
 [ 6.  6.]
 [12. 10.]
 [11.  2.]
 [ 1.  6.]
 [ 2.  2.]
 [ 6.  6.]
 [11. 10.]
 [11.  2.]
 [ 1.  5.]
 [ 2.  1.]
 [ 6.  6.]
 [10.  9.]
 [11.  2.]
 [ 1.  4.]
 [ 2.  0.]
 [ 6.  6.]
 [ 9.  8.]
 [11.  2.]
 [ 1.  3.]
 [ 2. -1.]
 [ 6.  6.]
 [ 8.  7.]
 [11.  2.]
 [ 1.  2.]
 [ 2. -2.]
 [ 6.  6.]
 [ 7.  6.]
 [11.  2.]
 [ 1.  1.]
 [ 2. -3.]
 [ 6.  6.]
 [ 7.  6.]
 [11.  2.]
 [ 1.  0.]
 [ 2. -4.]
 [ 6.  6.]
 [ 7.  6.]
 [11.  2.]
 [ 1. -1.]
 [ 2. -5.]
 [ 6.  6.]
 [ 7.  6.]
 [11.  2.]
 [ 1. -2.]
 [ 2. -5.]
 [ 6.  6.]
 [ 7.  6.]
 [11.  2.]
 [ 1. -3.]
 [ 2. -5.]
 [ 6.  6.]
 [ 7.  6.]
 [11.  2.]
 [ 1. -4.]
 [ 2. -5.]
 [ 6.  6.]
 [ 7.  6.]
 [11.  2.]
 [ 2. -5.]
 [ 3. -5.]
 [ 6.  6.]
 [ 7.  6.]
 [11.  2.]
 [ 3. -5.]
 [ 4. -5.]
 [ 6.  6.]
 [ 7.  6.]
 [11.  2.]
 [ 4. -5.]
 [ 5. -5.]
 [ 6.  6.]
 [ 7.  6.]
 [11.  2.]
 [ 5. -5.]
 [ 6. -5.]
 [ 6.  6.]
 [ 7.  6.]
 [11.  2.]
 [ 6. -5.]
 [ 7. -5.]
 [ 6.  6.]
 [ 7.  6.]
 [11.  2.]
 [ 7. -5.]
 [ 8. -5.]
 [ 6.  6.]
 [ 7.  6.]
 [11.  3.]
 [ 8. -5.]
 [ 9. -5.]
 [ 6.  6.]
 [ 7.  6.]
 [11.  4.]
 [ 9. -5.]
 [10. -5.]
 [ 6.  6.]
 [ 7.  6.]
 [10.  5.]
 [ 9. -5.]
 [10. -5.]
 [ 6.  6.]
 [ 7.  6.]
 [10.  5.]
 [10. -5.]
 [11. -5.]
 [ 6.  6.]
 [ 7.  6.]
 [ 9.  5.]]
