Maze:
##########################
#                        #
#                        #
#                        #
#                        #
#                        #
#     ##############     #
#     #            #     #
#     #            #     #
#     #            #     #
#     #     A      #     #
#     # B          #     #
#     #     S      #     #
#     #            #     #
#     #            #     #
#     #            #     #
#     #  D         #     #
#     #C           #     #
#     #            #     #
#     ##############     #
#                        #
#                        #
#                        #
#                        #
#                        #
##########################
[[ 6.  6.]
 [ 6.  4.]
 [ 2.  5.]
 [ 1. 11.]
 [ 3. 10.]
 [ 6.  6.]
 [ 6.  5.]
 [ 3.  4.]
 [ 0. 11.]
 [ 4.  9.]
 [ 6.  6.]
 [ 6.  5.]
 [ 4.  4.]
 [-1. 11.]
 [ 5.  8.]
 [ 6.  6.]
 [ 6.  5.]
 [ 5.  4.]
 [-1. 11.]
 [ 5.  7.]
 [ 6.  6.]
 [ 7.  6.]
 [ 6.  5.]
 [-1. 11.]
 [ 5.  7.]
 [ 6.  6.]
 [ 8.  7.]
 [ 7.  5.]
 [-1. 11.]
 [ 5.  7.]
 [ 6.  6.]
 [ 9.  7.]
 [ 8.  5.]
 [-1. 11.]
 [ 5.  7.]
 [ 6.  6.]
 [10.  8.]
 [ 9.  6.]
 [-1. 11.]
 [ 5.  7.]
 [ 6.  6.]
 [11.  9.]
 [10.  7.]
 [-1. 11.]
 [ 5.  7.]
 [ 6.  6.]
 [12. 10.]
 [11.  8.]
 [-1. 11.]
 [ 5.  7.]
 [ 6.  6.]
 [13. 11.]
 [12.  9.]
 [-1. 11.]
 [ 5.  7.]
 [ 6.  6.]
 [13. 12.]
 [13. 10.]
 [-1. 11.]
 [ 5.  7.]
 [ 6.  6.]
 [13. 13.]
 [13. 11.]
 [-1. 11.]
 [ 5.  7.]
 [ 6.  6.]
 [13. 14.]
 [13. 12.]
 [-1. 11.]
 [ 5.  7.]
 [ 6.  6.]
 [13. 15.]
 [13. 13.]
 [-1. 11.]
 [ 5.  7.]
 [ 6.  6.]
 [13. 16.]
 [13. 14.]
 [-1. 11.]
 [ 5.  7.]
 [ 6.  6.]
 [13. 17.]
 [13. 15.]
 [-1. 11.]
 [ 5.  7.]
 [ 6.  6.]
 [13. 17.]
 [13. 16.]
 [-1. 11.]
 [ 5.  7.]
 [ 6.  6.]
 [13. 17.]
 [13. 16.]
 [-1. 11.]
 [ 5.  7.]]
