Maze:
##########################
#                        #
#                        #
#                        #
#                        #
#                        #
#     ##############     #
#     #            #     #
#     #            #     #
#     #            #     #
#     # A          #     #
#     #     B      #     #
#     #     D      #     #
#     #            #     #
#     #           C#     #
#     #            #     #
#     #          S #     #
#     #            #     #
#     #            #     #
#     ##############     #
#                        #
#                        #
#                        #
#                        #
#                        #
##########################
[[11. 10.]
 [ 2.  4.]
 [ 6.  5.]
 [12.  8.]
 [ 6.  6.]
 [12.  9.]
 [ 1.  4.]
 [ 6.  4.]
 [12.  7.]
 [ 6.  6.]
 [12.  8.]
 [ 0.  4.]
 [ 6.  3.]
 [12.  6.]
 [ 6.  6.]
 [12.  7.]
 [-1.  4.]
 [ 6.  2.]
 [12.  5.]
 [ 6.  6.]
 [12.  6.]
 [-1.  4.]
 [ 5.  1.]
 [12.  4.]
 [ 6.  6.]
 [12.  5.]
 [-1.  4.]
 [ 4.  0.]
 [12.  3.]
 [ 6.  6.]
 [12.  4.]
 [-1.  4.]
 [ 3.  0.]
 [12.  2.]
 [ 6.  6.]
 [12.  3.]
 [-1.  4.]
 [ 2.  0.]
 [12.  1.]
 [ 6.  6.]
 [12.  2.]
 [-1.  4.]
 [ 1.  0.]
 [12.  0.]
 [ 6.  6.]
 [12.  1.]
 [-1.  4.]
 [ 0.  1.]
 [12. -1.]
 [ 6.  6.]
 [12.  0.]
 [-1.  5.]
 [ 0.  2.]
 [12. -2.]
 [ 6.  6.]
 [12. -1.]
 [-2.  6.]
 [-1.  3.]
 [12. -3.]
 [ 6.  6.]
 [12. -2.]
 [-2.  7.]
 [-1.  4.]
 [12. -4.]
 [ 6.  6.]
 [12. -3.]
 [-2.  8.]
 [-1.  5.]
 [12. -5.]
 [ 6.  6.]
 [12. -4.]
 [-2.  9.]
 [-1.  6.]
 [12. -5.]
 [ 6.  6.]
 [12. -4.]
 [-2. 10.]
 [-1.  7.]
 [12. -5.]
 [ 6.  6.]
 [12. -4.]
 [-2. 11.]
 [-1.  8.]
 [12. -5.]
 [ 6.  6.]
 [12. -4.]
 [-2. 12.]
 [-1.  9.]
 [12. -5.]
 [ 6.  6.]
 [12. -4.]
 [-2. 13.]
 [-1. 10.]
 [12. -5.]
 [ 6.  6.]
 [12. -4.]
 [-2. 14.]
 [-1. 11.]
 [12. -5.]
 [ 6.  6.]
 [12. -4.]
 [-2. 14.]
 [-1. 11.]
 [12. -5.]
 [ 6.  6.]
 [12. -4.]
 [-2. 15.]
 [-1. 12.]
 [12. -5.]
 [ 6.  6.]]
