Maze:
##########################
#                        #
#                        #
#                        #
#                        #
#                        #
#     ##############     #
#     #            #     #
#     #            #     #
#     #  C         #     #
#     #   D        #     #
#     #            #     #
#     #     B A    #     #
#     #            #     #
#     #            #     #
#     #            #     #
#     #            #     #
#     #            #     #
#     #     S      #     #
#     ##############     #
#                        #
#                        #
#                        #
#                        #
#                        #
##########################
[[ 6. 12.]
 [ 8.  6.]
 [ 6.  6.]
 [ 3.  3.]
 [ 4.  4.]
 [ 6. 12.]
 [ 9.  6.]
 [ 6.  6.]
 [ 2.  2.]
 [ 5.  5.]
 [ 6. 12.]
 [10.  6.]
 [ 6.  6.]
 [ 2.  2.]
 [ 6.  5.]
 [ 6. 12.]
 [11.  6.]
 [ 6.  6.]
 [ 2.  2.]
 [ 7.  5.]
 [ 6. 12.]
 [12.  6.]
 [ 6.  6.]
 [ 2.  2.]
 [ 8.  5.]
 [ 6. 12.]
 [13.  6.]
 [ 6.  6.]
 [ 2.  2.]
 [ 9.  5.]
 [ 6. 12.]
 [14.  6.]
 [ 6.  6.]
 [ 2.  2.]
 [10.  5.]
 [ 6. 12.]
 [15.  6.]
 [ 6.  6.]
 [ 2.  2.]
 [11.  5.]
 [ 6. 12.]
 [16.  6.]
 [ 6.  6.]
 [ 2.  2.]
 [12.  5.]
 [ 6. 12.]
 [17.  6.]
 [ 6.  6.]
 [ 2.  2.]
 [13.  5.]
 [ 6. 12.]
 [17.  6.]
 [ 6.  6.]
 [ 2.  2.]
 [14.  5.]
 [ 6. 12.]
 [17.  6.]
 [ 6.  6.]
 [ 2.  2.]
 [15.  5.]
 [ 6. 12.]
 [17.  6.]
 [ 6.  6.]
 [ 2.  2.]
 [16.  5.]
 [ 6. 12.]
 [17.  7.]
 [ 6.  6.]
 [ 2.  2.]
 [17.  6.]
 [ 6. 12.]
 [17.  8.]
 [ 6.  6.]
 [ 2.  2.]
 [17.  7.]
 [ 6. 12.]
 [17.  9.]
 [ 6.  6.]
 [ 2.  2.]
 [17.  8.]
 [ 6. 12.]
 [17. 10.]
 [ 6.  6.]
 [ 2.  2.]
 [17.  9.]
 [ 6. 12.]
 [17. 11.]
 [ 6.  6.]
 [ 2.  2.]
 [17. 10.]
 [ 6. 12.]
 [17. 12.]
 [ 6.  6.]
 [ 2.  2.]
 [17. 11.]
 [ 6. 12.]
 [17. 13.]
 [ 6.  6.]
 [ 2.  2.]
 [17. 12.]
 [ 6. 12.]
 [17. 13.]
 [ 6.  6.]
 [ 2.  2.]
 [17. 12.]
 [ 6. 12.]
 [17. 14.]
 [ 6.  6.]
 [ 2.  2.]
 [17. 13.]]
