Maze:
##########################
#                        #
#                        #
#                        #
#                        #
#                        #
#     ##############     #
#     #    A       #     #
#     #        D   #     #
#     #            #     #
#     #     S      #     #
#     #            #     #
#     #     C      #     #
#     #         B  #     #
#     #            #     #
#     #            #     #
#     #            #     #
#     #            #     #
#     #            #     #
#     ##############     #
#                        #
#                        #
#                        #
#                        #
#                        #
##########################
[[ 6.  4.]
 [ 5.  1.]
 [10.  7.]
 [ 6.  6.]
 [ 9.  2.]
 [ 5.  5.]
 [ 4.  1.]
 [11.  8.]
 [ 6.  6.]
 [ 8.  2.]
 [ 5.  5.]
 [ 3.  1.]
 [12.  9.]
 [ 6.  6.]
 [ 7.  2.]
 [ 5.  5.]
 [ 2.  1.]
 [13.  9.]
 [ 6.  6.]
 [ 6.  2.]
 [ 5.  5.]
 [ 1.  1.]
 [13.  9.]
 [ 6.  6.]
 [ 5.  3.]
 [ 5.  6.]
 [ 0.  1.]
 [13.  9.]
 [ 6.  6.]
 [ 5.  4.]
 [ 5.  6.]
 [ 0.  1.]
 [14.  9.]
 [ 6.  6.]
 [ 5.  5.]
 [ 6.  7.]
 [ 0.  1.]
 [14.  9.]
 [ 6.  6.]
 [ 5.  6.]
 [ 6.  7.]
 [ 0.  1.]
 [14.  9.]
 [ 6.  6.]
 [ 5.  7.]
 [ 7.  6.]
 [ 0.  1.]
 [15.  9.]
 [ 6.  6.]
 [ 6.  7.]
 [ 6.  5.]
 [ 0.  1.]
 [15.  9.]
 [ 6.  6.]
 [ 7.  7.]
 [ 6.  5.]
 [ 0.  1.]
 [16.  9.]
 [ 6.  6.]
 [ 7.  6.]
 [ 5.  6.]
 [ 0.  1.]
 [16.  9.]
 [ 6.  6.]
 [ 7.  5.]
 [ 5.  6.]
 [ 0.  1.]
 [16.  9.]
 [ 6.  6.]
 [ 6.  5.]
 [ 6.  7.]
 [ 0.  1.]
 [16.  9.]
 [ 6.  6.]
 [ 5.  5.]
 [ 6.  7.]
 [ 0.  1.]
 [16.  9.]
 [ 6.  6.]
 [ 5.  6.]
 [ 6.  7.]
 [ 0.  1.]
 [16.  9.]
 [ 6.  6.]
 [ 5.  7.]
 [ 7.  6.]
 [ 0.  1.]
 [16.  9.]
 [ 6.  6.]
 [ 6.  7.]
 [ 6.  5.]
 [ 0.  1.]
 [16.  9.]
 [ 6.  6.]
 [ 7.  7.]
 [ 6.  5.]
 [ 0.  1.]
 [16.  9.]
 [ 6.  6.]
 [ 7.  6.]
 [ 6.  5.]
 [ 0.  1.]
 [16.  9.]
 [ 6.  6.]
 [ 7.  6.]
 [ 5.  6.]
 [ 0.  1.]
 [16.  9.]
 [ 6.  6.]
 [ 7.  5.]]
