Maze:
##########################
#                        #
#                        #
#                        #
#                        #
#                        #
#     ##############     #
#     #            #     #
#     #            #     #
#     #            #     #
#     #            #     #
#     #          C #     #
#     #     D A    #     #
#     #            #     #
#     #            #     #
#     #   S        #     #
#     #            #     #
#     #            #     #
#     #      B     #     #
#     ##############     #
#                        #
#                        #
#                        #
#                        #
#                        #
##########################
[[ 4.  9.]
 [ 8.  6.]
 [ 7. 12.]
 [11.  5.]
 [ 6.  6.]
 [ 4.  9.]
 [ 9.  6.]
 [ 7. 12.]
 [12.  5.]
 [ 6.  6.]
 [ 4.  9.]
 [10.  6.]
 [ 7. 12.]
 [13.  5.]
 [ 6.  6.]
 [ 4. 10.]
 [11.  6.]
 [ 7. 12.]
 [14.  5.]
 [ 6.  6.]
 [ 4. 10.]
 [12.  6.]
 [ 8. 13.]
 [15.  5.]
 [ 6.  6.]
 [ 4. 10.]
 [13.  6.]
 [ 8. 13.]
 [16.  5.]
 [ 6.  6.]
 [ 4. 10.]
 [14.  6.]
 [ 8. 13.]
 [17.  5.]
 [ 6.  6.]
 [ 4. 10.]
 [15.  6.]
 [ 8. 13.]
 [17.  5.]
 [ 6.  6.]
 [ 4. 10.]
 [16.  6.]
 [ 8. 13.]
 [17.  5.]
 [ 6.  6.]
 [ 4. 11.]
 [17.  5.]
 [ 8. 13.]
 [17.  4.]
 [ 6.  6.]
 [ 4. 11.]
 [17.  4.]
 [ 8. 13.]
 [17.  3.]
 [ 6.  6.]
 [ 4. 11.]
 [17.  3.]
 [ 8. 13.]
 [17.  2.]
 [ 6.  6.]
 [ 4. 11.]
 [17.  2.]
 [ 8. 13.]
 [17.  1.]
 [ 6.  6.]
 [ 4. 11.]
 [17.  1.]
 [ 8. 13.]
 [17.  0.]
 [ 6.  6.]
 [ 4. 11.]
 [17.  0.]
 [ 8. 13.]
 [17. -1.]
 [ 6.  6.]
 [ 4. 11.]
 [17. -1.]
 [ 8. 13.]
 [17. -2.]
 [ 6.  6.]
 [ 4. 11.]
 [17. -2.]
 [ 8. 13.]
 [17. -3.]
 [ 6.  6.]
 [ 4. 11.]
 [17. -3.]
 [ 8. 13.]
 [17. -4.]
 [ 6.  6.]
 [ 4. 11.]
 [17. -4.]
 [ 8. 13.]
 [17. -5.]
 [ 6.  6.]
 [ 4. 11.]
 [17. -4.]
 [ 8. 13.]
 [17. -5.]
 [ 6.  6.]]
