Maze:
##########################
#                        #
#                        #
#                        #
#                        #
#                        #
#     ##############     #
#     #      C     #     #
#     #            #     #
#     #            #     #
#     #            #     #
#     # A          #     #
#     #     B      #     #
#     #            #     #
#     #            #     #
#     #         S  #     #
#     #            #     #
#     #            #     #
#     #        D   #     #
#     ##############     #
#                        #
#                        #
#                        #
#                        #
#                        #
##########################
[[10.  9.]
 [ 2.  5.]
 [ 6.  6.]
 [ 7.  1.]
 [ 9. 12.]
 [10.  8.]
 [ 2.  5.]
 [ 6.  6.]
 [ 7.  1.]
 [ 9. 11.]
 [10.  7.]
 [ 2.  5.]
 [ 6.  6.]
 [ 7.  1.]
 [ 9. 10.]
 [10.  6.]
 [ 2.  5.]
 [ 6.  6.]
 [ 7.  1.]
 [ 9.  9.]
 [10.  5.]
 [ 2.  5.]
 [ 6.  6.]
 [ 7.  1.]
 [ 9.  8.]
 [10.  4.]
 [ 2.  5.]
 [ 6.  6.]
 [ 7.  0.]
 [ 9.  7.]
 [10.  3.]
 [ 1.  5.]
 [ 6.  6.]
 [ 7. -1.]
 [ 9.  6.]
 [10.  2.]
 [ 1.  5.]
 [ 6.  6.]
 [ 7. -2.]
 [ 9.  5.]
 [10.  1.]
 [ 1.  5.]
 [ 6.  6.]
 [ 7. -3.]
 [ 9.  4.]
 [10.  0.]
 [ 1.  5.]
 [ 6.  6.]
 [ 6. -4.]
 [ 9.  3.]
 [10. -1.]
 [ 1.  5.]
 [ 6.  6.]
 [ 6. -5.]
 [ 9.  2.]
 [10. -2.]
 [ 1.  5.]
 [ 6.  6.]
 [ 6. -5.]
 [ 9.  1.]
 [10. -3.]
 [ 1.  5.]
 [ 6.  6.]
 [ 5. -5.]
 [ 9.  0.]
 [10. -4.]
 [ 1.  5.]
 [ 6.  6.]
 [ 4. -5.]
 [ 9. -1.]
 [10. -5.]
 [ 1.  5.]
 [ 6.  6.]
 [ 3. -5.]
 [ 9. -2.]
 [10. -5.]
 [ 1.  5.]
 [ 6.  6.]
 [ 2. -5.]
 [ 9. -3.]
 [10. -5.]
 [ 1.  5.]
 [ 6.  6.]
 [ 2. -5.]
 [ 9. -4.]
 [11. -5.]
 [ 1.  5.]
 [ 6.  6.]
 [ 2. -5.]
 [10. -5.]
 [12. -5.]
 [ 1.  5.]
 [ 6.  6.]
 [ 2. -5.]
 [11. -5.]
 [13. -5.]
 [ 1.  5.]
 [ 6.  6.]
 [ 2. -5.]
 [12. -5.]
 [13. -5.]
 [ 1.  5.]
 [ 6.  6.]
 [ 2. -5.]
 [12. -5.]
 [14. -5.]
 [ 1.  5.]
 [ 6.  6.]
 [ 2. -5.]
 [13. -5.]]
