Maze:
##########################
#                        #
#                        #
#                        #
#                        #
#                        #
#     ##############     #
#     #            #     #
#     #            #     #
#     #          S #     #
#     #            #     #
#     #  A         #     #
#     #     B      #     #
#     # D          #     #
#     #            #     #
#     #            #     #
#     #            #     #
#     #            #     #
#     #         C  #     #
#     ##############     #
#                        #
#                        #
#                        #
#                        #
#                        #
##########################
[[11.  3.]
 [ 3.  5.]
 [ 6.  6.]
 [10. 12.]
 [ 2.  7.]
 [11.  3.]
 [ 3.  4.]
 [ 6.  6.]
 [10. 12.]
 [ 2.  6.]
 [11.  3.]
 [ 3.  3.]
 [ 6.  6.]
 [10. 12.]
 [ 2.  5.]
 [11.  3.]
 [ 3.  2.]
 [ 6.  6.]
 [10. 12.]
 [ 2.  4.]
 [11.  3.]
 [ 3.  1.]
 [ 6.  6.]
 [10. 12.]
 [ 2.  3.]
 [11.  3.]
 [ 3.  0.]
 [ 6.  6.]
 [10. 12.]
 [ 2.  2.]
 [11.  3.]
 [ 3. -1.]
 [ 6.  6.]
 [10. 12.]
 [ 2.  1.]
 [11.  3.]
 [ 3. -2.]
 [ 6.  6.]
 [10. 12.]
 [ 2.  0.]
 [11.  3.]
 [ 3. -3.]
 [ 6.  6.]
 [10. 12.]
 [ 2. -1.]
 [11.  3.]
 [ 3. -4.]
 [ 6.  6.]
 [10. 12.]
 [ 2. -2.]
 [11.  3.]
 [ 3. -5.]
 [ 6.  6.]
 [10. 12.]
 [ 2. -3.]
 [11.  3.]
 [ 3. -5.]
 [ 6.  6.]
 [10. 12.]
 [ 2. -4.]
 [11.  3.]
 [ 4. -5.]
 [ 6.  6.]
 [10. 12.]
 [ 3. -5.]
 [11.  3.]
 [ 5. -5.]
 [ 6.  6.]
 [10. 12.]
 [ 4. -5.]
 [11.  3.]
 [ 6. -5.]
 [ 6.  6.]
 [10. 12.]
 [ 5. -5.]
 [11.  3.]
 [ 7. -5.]
 [ 6.  6.]
 [10. 12.]
 [ 6. -5.]
 [11.  3.]
 [ 8. -5.]
 [ 6.  6.]
 [10. 12.]
 [ 7. -5.]
 [11.  3.]
 [ 9. -5.]
 [ 6.  6.]
 [10. 12.]
 [ 8. -5.]
 [11.  3.]
 [10. -5.]
 [ 6.  6.]
 [10. 12.]
 [ 9. -5.]
 [11.  3.]
 [11. -5.]
 [ 6.  6.]
 [10. 12.]
 [10. -5.]
 [11.  3.]
 [11. -5.]
 [ 6.  6.]
 [10. 12.]
 [10. -5.]
 [11.  3.]
 [12. -5.]
 [ 6.  6.]
 [10. 12.]
 [11. -5.]]
