Maze:
##########################
#                        #
#                        #
#                        #
#                        #
#                        #
#     ##############     #
#     #            #     #
#     #            #     #
#     #    D       #     #
#     #       C    #     #
#     #            #     #
#     #     B      #     #
#     #S           #     #
#     #            #     #
#     #         A  #     #
#     #            #     #
#     #            #     #
#     #            #     #
#     ##############     #
#                        #
#                        #
#                        #
#                        #
#                        #
##########################
[[ 1.  7.]
 [10.  9.]
 [ 6.  6.]
 [ 8.  4.]
 [ 5.  3.]
 [ 1.  7.]
 [10.  9.]
 [ 6.  6.]
 [ 8.  5.]
 [ 4.  4.]
 [ 1.  8.]
 [10.  9.]
 [ 6.  6.]
 [ 7.  5.]
 [ 3.  5.]
 [ 1.  9.]
 [10.  9.]
 [ 6.  6.]
 [ 7.  5.]
 [ 2.  6.]
 [ 1. 10.]
 [10.  9.]
 [ 6.  6.]
 [ 7.  5.]
 [ 2.  7.]
 [ 1. 11.]
 [10.  9.]
 [ 6.  6.]
 [ 7.  5.]
 [ 2.  8.]
 [ 1. 12.]
 [10.  9.]
 [ 6.  6.]
 [ 7.  5.]
 [ 2.  9.]
 [ 1. 13.]
 [10.  9.]
 [ 6.  6.]
 [ 7.  5.]
 [ 2. 10.]
 [ 1. 14.]
 [10.  9.]
 [ 6.  6.]
 [ 7.  5.]
 [ 2. 11.]
 [ 1. 15.]
 [10.  9.]
 [ 6.  6.]
 [ 7.  5.]
 [ 2. 12.]
 [ 1. 16.]
 [10.  9.]
 [ 6.  6.]
 [ 7.  5.]
 [ 2. 13.]
 [ 1. 17.]
 [10.  9.]
 [ 6.  6.]
 [ 7.  5.]
 [ 2. 14.]
 [ 1. 17.]
 [10.  9.]
 [ 6.  6.]
 [ 7.  5.]
 [ 2. 15.]
 [ 1. 17.]
 [10.  9.]
 [ 6.  6.]
 [ 7.  5.]
 [ 2. 16.]
 [ 0. 17.]
 [10.  9.]
 [ 6.  6.]
 [ 7.  5.]
 [ 1. 17.]
 [-1. 17.]
 [10.  9.]
 [ 6.  6.]
 [ 7.  5.]
 [ 0. 17.]
 [-2. 17.]
 [10.  9.]
 [ 6.  6.]
 [ 7.  5.]
 [-1. 17.]
 [-3. 17.]
 [10.  9.]
 [ 6.  6.]
 [ 7.  5.]
 [-2. 17.]
 [-4. 17.]
 [10.  9.]
 [ 6.  6.]
 [ 7.  5.]
 [-3. 17.]
 [-5. 17.]
 [10.  9.]
 [ 6.  6.]
 [ 7.  5.]
 [-4. 17.]
 [-5. 17.]
 [10.  9.]
 [ 6.  6.]
 [ 7.  5.]
 [-4. 17.]]
