Maze:
##########################
#                        #
#                        #
#                        #
#                        #
#                        #
#     ##############     #
#     #  A         #     #
#     #            #     #
#     #            #     #
#     #        S   #     #
#     #     D      #     #
#     #     B      #     #
#     #            #     #
#     #            #     #
#     #            #     #
#     #            #     #
#     #   C        #     #
#     #            #     #
#     ##############     #
#                        #
#                        #
#                        #
#                        #
#                        #
##########################
[[ 9.  4.]
 [ 3.  1.]
 [ 6.  6.]
 [ 4. 11.]
 [ 6.  5.]
 [10.  4.]
 [ 3.  0.]
 [ 6.  6.]
 [ 4. 11.]
 [ 6.  4.]
 [11.  4.]
 [ 3. -1.]
 [ 6.  6.]
 [ 4. 11.]
 [ 7.  3.]
 [12.  4.]
 [ 3. -1.]
 [ 6.  6.]
 [ 4. 11.]
 [ 8.  3.]
 [13.  4.]
 [ 3. -1.]
 [ 6.  6.]
 [ 4. 11.]
 [ 9.  3.]
 [14.  4.]
 [ 3. -1.]
 [ 6.  6.]
 [ 4. 11.]
 [10.  3.]
 [15.  4.]
 [ 3. -1.]
 [ 6.  6.]
 [ 4. 11.]
 [11.  3.]
 [16.  4.]
 [ 3. -1.]
 [ 6.  6.]
 [ 4. 11.]
 [12.  3.]
 [17.  4.]
 [ 3. -1.]
 [ 6.  6.]
 [ 4. 11.]
 [13.  3.]
 [17.  4.]
 [ 3. -1.]
 [ 6.  6.]
 [ 4. 11.]
 [14.  3.]
 [17.  4.]
 [ 3. -1.]
 [ 6.  6.]
 [ 4. 11.]
 [15.  3.]
 [17.  4.]
 [ 3. -1.]
 [ 6.  6.]
 [ 4. 11.]
 [16.  3.]
 [17.  5.]
 [ 3. -1.]
 [ 6.  6.]
 [ 4. 11.]
 [17.  4.]
 [17.  6.]
 [ 3. -1.]
 [ 6.  6.]
 [ 4. 11.]
 [17.  5.]
 [17.  7.]
 [ 3. -1.]
 [ 6.  6.]
 [ 4. 11.]
 [17.  6.]
 [17.  8.]
 [ 3. -1.]
 [ 6.  6.]
 [ 4. 11.]
 [17.  7.]
 [17.  9.]
 [ 3. -1.]
 [ 6.  6.]
 [ 4. 11.]
 [17.  8.]
 [17. 10.]
 [ 3. -1.]
 [ 6.  6.]
 [ 4. 11.]
 [17.  9.]
 [17. 11.]
 [ 3. -1.]
 [ 6.  6.]
 [ 4. 11.]
 [17. 10.]
 [17. 12.]
 [ 3. -1.]
 [ 6.  6.]
 [ 4. 11.]
 [17. 11.]
 [17. 12.]
 [ 3. -1.]
 [ 6.  6.]
 [ 4. 11.]
 [17. 11.]
 [17. 13.]
 [ 3. -1.]
 [ 6.  6.]
 [ 4. 11.]
 [17. 12.]]
