Maze:
##########################
#                        #
#                        #
#                        #
#                        #
#                        #
#     ##############     #
#     #            #     #
#     #      C     #     #
#     #           B#     #
#     #            #     #
#     #            #     #
#     #     D      #     #
#     #            #     #
#     #            #     #
#     #            #     #
#     #            #     #
#     #   S        #     #
#     #    A       #     #
#     ##############     #
#                        #
#                        #
#                        #
#                        #
#                        #
##########################
[[ 4. 11.]
 [ 5. 12.]
 [12.  3.]
 [ 7.  2.]
 [ 6.  6.]
 [ 5. 12.]
 [ 4. 11.]
 [13.  3.]
 [ 8.  1.]
 [ 6.  6.]
 [ 4. 11.]
 [ 5. 12.]
 [14.  3.]
 [ 9.  1.]
 [ 6.  6.]
 [ 5. 12.]
 [ 4. 11.]
 [15.  3.]
 [10.  1.]
 [ 6.  6.]
 [ 4. 11.]
 [ 5. 12.]
 [16.  3.]
 [11.  1.]
 [ 6.  6.]
 [ 5. 12.]
 [ 4. 11.]
 [17.  3.]
 [12.  1.]
 [ 6.  6.]
 [ 4. 11.]
 [ 5. 12.]
 [17.  3.]
 [13.  1.]
 [ 6.  6.]
 [ 5. 12.]
 [ 4. 11.]
 [17.  3.]
 [14.  1.]
 [ 6.  6.]
 [ 4. 11.]
 [ 5. 12.]
 [17.  4.]
 [15.  1.]
 [ 6.  6.]
 [ 5. 12.]
 [ 4. 11.]
 [17.  5.]
 [16.  2.]
 [ 6.  6.]
 [ 4. 11.]
 [ 5. 12.]
 [17.  6.]
 [16.  3.]
 [ 6.  6.]
 [ 5. 12.]
 [ 4. 11.]
 [17.  7.]
 [16.  4.]
 [ 6.  6.]
 [ 4. 11.]
 [ 5. 12.]
 [17.  8.]
 [17.  5.]
 [ 6.  6.]
 [ 5. 12.]
 [ 4. 11.]
 [17.  9.]
 [17.  6.]
 [ 6.  6.]
 [ 4. 11.]
 [ 5. 12.]
 [17. 10.]
 [17.  7.]
 [ 6.  6.]
 [ 5. 12.]
 [ 4. 11.]
 [17. 11.]
 [17.  8.]
 [ 6.  6.]
 [ 4. 11.]
 [ 5. 12.]
 [17. 12.]
 [17.  9.]
 [ 6.  6.]
 [ 5. 12.]
 [ 4. 11.]
 [17. 13.]
 [17. 10.]
 [ 6.  6.]
 [ 4. 11.]
 [ 5. 12.]
 [17. 14.]
 [17. 11.]
 [ 6.  6.]
 [ 5. 12.]
 [ 4. 11.]
 [17. 15.]
 [17. 12.]
 [ 6.  6.]
 [ 5. 12.]
 [ 4. 11.]
 [17. 15.]
 [17. 12.]
 [ 6.  6.]
 [ 4. 11.]
 [ 5. 12.]
 [17. 16.]
 [17. 13.]
 [ 6.  6.]]
