Maze:
##########################
#                        #
#                        #
#                        #
#                        #
#                        #
#     ##############     #
#     #  A         #     #
#     #            #     #
#     # C          #     #
#     #            #     #
#     #          S #     #
#     #     B      #     #
#     #            #     #
#     #            #     #
#     #    D       #     #
#     #            #     #
#     #            #     #
#     #            #     #
#     ##############     #
#                        #
#                        #
#                        #
#                        #
#                        #
##########################
[[11.  5.]
 [ 3.  1.]
 [ 6.  6.]
 [ 2.  3.]
 [ 5.  9.]
 [11.  5.]
 [ 2.  2.]
 [ 6.  6.]
 [ 2.  4.]
 [ 5.  9.]
 [11.  5.]
 [ 2.  3.]
 [ 6.  6.]
 [ 2.  5.]
 [ 5.  9.]
 [11.  5.]
 [ 2.  4.]
 [ 6.  6.]
 [ 2.  6.]
 [ 5.  9.]
 [11.  5.]
 [ 2.  5.]
 [ 6.  6.]
 [ 2.  7.]
 [ 5.  8.]
 [11.  5.]
 [ 1.  6.]
 [ 6.  6.]
 [ 2.  8.]
 [ 5.  7.]
 [11.  5.]
 [ 1.  7.]
 [ 6.  6.]
 [ 2.  9.]
 [ 4.  7.]
 [11.  5.]
 [ 0.  8.]
 [ 6.  6.]
 [ 2. 10.]
 [ 3.  7.]
 [11.  5.]
 [-1.  9.]
 [ 6.  6.]
 [ 2. 11.]
 [ 2.  7.]
 [11.  5.]
 [-1. 10.]
 [ 6.  6.]
 [ 3. 12.]
 [ 1.  7.]
 [11.  5.]
 [-1. 11.]
 [ 6.  6.]
 [ 3. 12.]
 [ 0.  8.]
 [11.  5.]
 [-1. 12.]
 [ 6.  6.]
 [ 4. 12.]
 [ 0.  9.]
 [11.  5.]
 [-1. 13.]
 [ 6.  6.]
 [ 5. 12.]
 [ 0. 10.]
 [11.  5.]
 [-1. 14.]
 [ 6.  6.]
 [ 5. 12.]
 [ 0. 11.]
 [11.  5.]
 [-1. 15.]
 [ 6.  6.]
 [ 5. 12.]
 [ 0. 12.]
 [11.  5.]
 [-1. 16.]
 [ 6.  6.]
 [ 5. 12.]
 [ 0. 13.]
 [11.  5.]
 [-1. 17.]
 [ 6.  6.]
 [ 5. 12.]
 [ 0. 14.]
 [11.  5.]
 [-1. 17.]
 [ 6.  6.]
 [ 5. 12.]
 [ 0. 15.]
 [11.  5.]
 [-1. 17.]
 [ 6.  6.]
 [ 5. 12.]
 [ 0. 16.]
 [11.  5.]
 [-2. 17.]
 [ 6.  6.]
 [ 5. 12.]
 [-1. 17.]
 [11.  5.]
 [-2. 17.]
 [ 6.  6.]
 [ 5. 12.]
 [-1. 17.]
 [11.  5.]
 [-3. 17.]
 [ 6.  6.]
 [ 5. 12.]
 [-2. 17.]]
