Maze:
##########################
#                        #
#                        #
#                        #
#                        #
#                        #
#     ##############     #
#     #            #     #
#     #            #     #
#     #            #     #
#     #            #     #
#     #            #     #
#     #  S  C      #     #
#     #         D  #     #
#     #            #     #
#     #            #     #
#     #       A    #     #
#     # B          #     #
#     #            #     #
#     ##############     #
#                        #
#                        #
#                        #
#                        #
#                        #
##########################
[[ 3.  6.]
 [ 8. 10.]
 [ 2. 11.]
 [ 6.  6.]
 [10.  7.]
 [ 4.  6.]
 [ 7. 11.]
 [ 2. 12.]
 [ 6.  6.]
 [ 9.  8.]
 [ 5.  6.]
 [ 6. 12.]
 [ 2. 12.]
 [ 6.  6.]
 [ 8.  9.]
 [ 5.  6.]
 [ 6. 13.]
 [ 3. 13.]
 [ 6.  6.]
 [ 7.  9.]
 [ 5.  6.]
 [ 7. 14.]
 [ 4. 13.]
 [ 6.  6.]
 [ 6.  9.]
 [ 5.  6.]
 [ 8. 15.]
 [ 5. 14.]
 [ 6.  6.]
 [ 6.  8.]
 [ 5.  6.]
 [ 9. 15.]
 [ 6. 15.]
 [ 6.  6.]
 [ 5.  7.]
 [ 6.  5.]
 [10. 15.]
 [ 7. 15.]
 [ 6.  6.]
 [ 5.  6.]
 [ 7.  6.]
 [11. 15.]
 [ 8. 15.]
 [ 6.  6.]
 [ 5.  5.]
 [ 7.  6.]
 [12. 15.]
 [ 9. 15.]
 [ 6.  6.]
 [ 6.  5.]
 [ 6.  7.]
 [13. 15.]
 [10. 15.]
 [ 6.  6.]
 [ 7.  5.]
 [ 6.  7.]
 [14. 15.]
 [11. 15.]
 [ 6.  6.]
 [ 7.  6.]
 [ 5.  6.]
 [15. 15.]
 [12. 15.]
 [ 6.  6.]
 [ 7.  7.]
 [ 5.  6.]
 [16. 15.]
 [13. 15.]
 [ 6.  6.]
 [ 6.  7.]
 [ 6.  5.]
 [17. 15.]
 [14. 15.]
 [ 6.  6.]
 [ 5.  7.]
 [ 6.  5.]
 [17. 15.]
 [15. 15.]
 [ 6.  6.]
 [ 5.  6.]
 [ 7.  6.]
 [17. 15.]
 [16. 15.]
 [ 6.  6.]
 [ 5.  5.]
 [ 7.  6.]
 [17. 15.]
 [16. 15.]
 [ 6.  6.]
 [ 6.  5.]
 [ 6.  7.]
 [17. 15.]
 [16. 15.]
 [ 6.  6.]
 [ 7.  5.]
 [ 6.  7.]
 [17. 15.]
 [16. 15.]
 [ 6.  6.]
 [ 7.  6.]
 [ 6.  7.]
 [17. 15.]
 [16. 15.]
 [ 6.  6.]
 [ 7.  6.]
 [ 5.  6.]
 [17. 15.]
 [16. 15.]
 [ 6.  6.]
 [ 7.  7.]]
