Maze:
##########################
#                        #
#                        #
#                        #
#                        #
#                        #
#     ##############     #
#     #            #     #
#     #      S     #     #
#     #  B         #     #
#     #            #     #
#     #            #     #
#     #     D    C #     #
#     # A          #     #
#     #            #     #
#     #            #     #
#     #            #     #
#     #            #     #
#     #            #     #
#     ##############     #
#                        #
#                        #
#                        #
#                        #
#                        #
##########################
[[ 7.  2.]
 [ 2.  7.]
 [ 3.  3.]
 [11.  6.]
 [ 6.  6.]
 [ 8.  2.]
 [ 1.  8.]
 [ 2.  3.]
 [12.  6.]
 [ 6.  6.]
 [ 9.  2.]
 [ 1.  8.]
 [ 1.  3.]
 [13.  6.]
 [ 6.  6.]
 [10.  2.]
 [ 1.  8.]
 [ 0.  4.]
 [14.  6.]
 [ 6.  6.]
 [11.  2.]
 [ 1.  9.]
 [ 0.  5.]
 [15.  6.]
 [ 6.  6.]
 [12.  2.]
 [ 1. 10.]
 [ 0.  6.]
 [16.  6.]
 [ 6.  6.]
 [13.  2.]
 [ 1. 11.]
 [ 0.  7.]
 [17.  6.]
 [ 6.  6.]
 [14.  2.]
 [ 1. 12.]
 [ 0.  8.]
 [17.  6.]
 [ 6.  6.]
 [15.  2.]
 [ 1. 13.]
 [ 0.  9.]
 [17.  7.]
 [ 6.  6.]
 [15.  2.]
 [ 1. 14.]
 [ 0. 10.]
 [17.  8.]
 [ 6.  6.]
 [15.  2.]
 [ 1. 15.]
 [ 0. 11.]
 [17.  9.]
 [ 6.  6.]
 [15.  2.]
 [ 1. 16.]
 [ 0. 12.]
 [17.  9.]
 [ 6.  6.]
 [15.  2.]
 [ 1. 17.]
 [ 0. 13.]
 [17.  9.]
 [ 6.  6.]
 [15.  2.]
 [ 1. 17.]
 [ 0. 14.]
 [17.  9.]
 [ 6.  6.]
 [15.  2.]
 [ 1. 17.]
 [ 0. 15.]
 [17.  9.]
 [ 6.  6.]
 [15.  2.]
 [ 1. 17.]
 [ 0. 16.]
 [17.  9.]
 [ 6.  6.]
 [15.  2.]
 [ 2. 17.]
 [ 1. 17.]
 [17.  9.]
 [ 6.  6.]
 [15.  2.]
 [ 3. 17.]
 [ 2. 17.]
 [17.  9.]
 [ 6.  6.]
 [15.  2.]
 [ 4. 17.]
 [ 3. 17.]
 [17.  9.]
 [ 6.  6.]
 [15.  2.]
 [ 5. 17.]
 [ 4. 17.]
 [17.  9.]
 [ 6.  6.]
 [15.  2.]
 [ 5. 17.]
 [ 4. 17.]
 [17.  9.]
 [ 6.  6.]
 [15.  2.]
 [ 6. 17.]
 [ 5. 17.]
 [17.  9.]
 [ 6.  6.]]
