Maze:
##########################
#                        #
#                        #
#                        #
#                        #
#                        #
#     ##############     #
#     #     A      #     #
#     #        B   #     #
#     #            #     #
#     #            #     #
#     # S          #     #
#     #     C      #     #
#     #            #     #
#     #            #     #
#     #            #     #
#     #            #     #
#     #            #     #
#     #   D        #     #
#     ##############     #
#                        #
#                        #
#                        #
#                        #
#                        #
##########################
[[ 2.  5.]
 [ 6.  1.]
 [ 9.  2.]
 [ 6.  6.]
 [ 4. 12.]
 [ 3.  5.]
 [ 5.  1.]
 [ 8.  1.]
 [ 6.  6.]
 [ 4. 11.]
 [ 4.  5.]
 [ 4.  1.]
 [ 7.  1.]
 [ 6.  6.]
 [ 4. 10.]
 [ 5.  5.]
 [ 3.  1.]
 [ 6.  1.]
 [ 6.  6.]
 [ 4.  9.]
 [ 5.  5.]
 [ 2.  1.]
 [ 5.  1.]
 [ 6.  6.]
 [ 4.  8.]
 [ 5.  5.]
 [ 1.  1.]
 [ 4.  1.]
 [ 6.  6.]
 [ 4.  7.]
 [ 6.  5.]
 [ 0.  1.]
 [ 3.  1.]
 [ 6.  6.]
 [ 4.  6.]
 [ 6.  5.]
 [-1.  1.]
 [ 2.  1.]
 [ 6.  6.]
 [ 5.  5.]
 [ 7.  6.]
 [-2.  1.]
 [ 1.  1.]
 [ 6.  6.]
 [ 6.  5.]
 [ 6.  7.]
 [-3.  1.]
 [ 0.  1.]
 [ 6.  6.]
 [ 7.  5.]
 [ 6.  7.]
 [-4.  1.]
 [-1.  1.]
 [ 6.  6.]
 [ 7.  6.]
 [ 5.  6.]
 [-5.  1.]
 [-2.  1.]
 [ 6.  6.]
 [ 7.  7.]
 [ 5.  6.]
 [-5.  1.]
 [-3.  1.]
 [ 6.  6.]
 [ 6.  7.]
 [ 6.  5.]
 [-5.  1.]
 [-4.  1.]
 [ 6.  6.]
 [ 5.  7.]
 [ 6.  5.]
 [-5.  1.]
 [-4.  1.]
 [ 6.  6.]
 [ 5.  6.]
 [ 7.  6.]
 [-5.  1.]
 [-4.  1.]
 [ 6.  6.]
 [ 5.  5.]
 [ 7.  6.]
 [-5.  1.]
 [-4.  1.]
 [ 6.  6.]
 [ 6.  5.]
 [ 6.  7.]
 [-5.  1.]
 [-4.  1.]
 [ 6.  6.]
 [ 7.  5.]
 [ 6.  7.]
 [-5.  1.]
 [-4.  1.]
 [ 6.  6.]
 [ 7.  6.]
 [ 5.  6.]
 [-5.  1.]
 [-4.  1.]
 [ 6.  6.]
 [ 7.  7.]
 [ 5.  6.]
 [-5.  1.]
 [-4.  1.]
 [ 6.  6.]
 [ 7.  7.]
 [ 5.  6.]
 [-5.  1.]
 [-4.  1.]
 [ 6.  6.]
 [ 6.  7.]]
