Maze:
##########################
#                        #
#                        #
#                        #
#                        #
#                        #
#     ##############     #
#     #            #     #
#     #            #     #
#     #    S       #     #
#     #            #     #
#     #D           #     #
#     #     B      #     #
#     #            #     #
#     #           A#     #
#     #            #     #
#     #            #     #
#     #   C        #     #
#     #            #     #
#     ##############     #
#                        #
#                        #
#                        #
#                        #
#                        #
##########################
[[ 5.  3.]
 [12.  8.]
 [ 6.  6.]
 [ 4. 11.]
 [ 1.  5.]
 [ 6.  2.]
 [12.  8.]
 [ 6.  6.]
 [ 4. 11.]
 [ 2.  5.]
 [ 7.  2.]
 [12.  8.]
 [ 6.  6.]
 [ 4. 11.]
 [ 3.  4.]
 [ 8.  2.]
 [12.  8.]
 [ 6.  6.]
 [ 4. 11.]
 [ 4.  4.]
 [ 9.  2.]
 [12.  8.]
 [ 6.  6.]
 [ 4. 11.]
 [ 5.  4.]
 [10.  2.]
 [12.  8.]
 [ 6.  6.]
 [ 4. 11.]
 [ 6.  3.]
 [11.  2.]
 [12.  8.]
 [ 6.  6.]
 [ 4. 11.]
 [ 7.  3.]
 [12.  2.]
 [12.  8.]
 [ 6.  6.]
 [ 4. 11.]
 [ 8.  3.]
 [13.  2.]
 [12.  8.]
 [ 6.  6.]
 [ 4. 11.]
 [ 9.  3.]
 [14.  2.]
 [12.  8.]
 [ 6.  6.]
 [ 4. 11.]
 [10.  3.]
 [15.  2.]
 [12.  9.]
 [ 6.  6.]
 [ 4. 11.]
 [11.  3.]
 [16.  2.]
 [12.  9.]
 [ 6.  6.]
 [ 4. 11.]
 [12.  3.]
 [17.  2.]
 [12. 10.]
 [ 6.  6.]
 [ 4. 11.]
 [13.  3.]
 [17.  2.]
 [12. 10.]
 [ 6.  6.]
 [ 4. 11.]
 [14.  3.]
 [17.  2.]
 [12. 10.]
 [ 6.  6.]
 [ 4. 11.]
 [15.  3.]
 [17.  2.]
 [12. 10.]
 [ 6.  6.]
 [ 4. 11.]
 [16.  3.]
 [17.  1.]
 [12. 10.]
 [ 6.  6.]
 [ 4. 11.]
 [17.  2.]
 [17.  0.]
 [12. 10.]
 [ 6.  6.]
 [ 4. 11.]
 [17.  1.]
 [17. -1.]
 [12. 10.]
 [ 6.  6.]
 [ 4. 11.]
 [17.  0.]
 [17. -2.]
 [12. 10.]
 [ 6.  6.]
 [ 4. 11.]
 [17. -1.]
 [17. -2.]
 [12. 10.]
 [ 6.  6.]
 [ 4. 11.]
 [17. -1.]
 [17. -3.]
 [12. 10.]
 [ 6.  6.]
 [ 4. 11.]
 [17. -2.]]
