Maze:
##########################
#                        #
#                        #
#                        #
#                        #
#                        #
#     ##############     #
#     #            #     #
#     #      S     #     #
#     #            #     #
#     #           A#     #
#     #B           #     #
#     #     C      #     #
#     #            #     #
#     #            #     #
#     #            #     #
#     #         D  #     #
#     #            #     #
#     #            #     #
#     ##############     #
#                        #
#                        #
#                        #
#                        #
#                        #
##########################
[[ 7.  2.]
 [12.  4.]
 [ 1.  5.]
 [ 6.  6.]
 [10. 10.]
 [ 7.  3.]
 [12.  4.]
 [ 0.  5.]
 [ 6.  6.]
 [10.  9.]
 [ 7.  4.]
 [12.  3.]
 [-1.  5.]
 [ 6.  6.]
 [10.  8.]
 [ 7.  5.]
 [12.  3.]
 [-2.  5.]
 [ 6.  6.]
 [10.  7.]
 [ 7.  5.]
 [12.  2.]
 [-2.  5.]
 [ 6.  6.]
 [10.  6.]
 [ 7.  5.]
 [12.  1.]
 [-2.  5.]
 [ 6.  6.]
 [ 9.  5.]
 [ 6.  5.]
 [12.  1.]
 [-2.  5.]
 [ 6.  6.]
 [ 8.  5.]
 [ 6.  5.]
 [12.  1.]
 [-3.  5.]
 [ 6.  6.]
 [ 7.  5.]
 [ 5.  6.]
 [12.  1.]
 [-3.  5.]
 [ 6.  6.]
 [ 6.  5.]
 [ 5.  6.]
 [12.  1.]
 [-3.  5.]
 [ 6.  6.]
 [ 5.  5.]
 [ 6.  7.]
 [12.  1.]
 [-4.  5.]
 [ 6.  6.]
 [ 5.  6.]
 [ 7.  6.]
 [12.  1.]
 [-4.  5.]
 [ 6.  6.]
 [ 5.  7.]
 [ 7.  6.]
 [12.  1.]
 [-4.  5.]
 [ 6.  6.]
 [ 6.  7.]
 [ 6.  5.]
 [12.  1.]
 [-4.  5.]
 [ 6.  6.]
 [ 7.  7.]
 [ 6.  5.]
 [12.  1.]
 [-4.  5.]
 [ 6.  6.]
 [ 7.  6.]
 [ 5.  6.]
 [12.  1.]
 [-4.  5.]
 [ 6.  6.]
 [ 7.  5.]
 [ 5.  6.]
 [12.  1.]
 [-4.  5.]
 [ 6.  6.]
 [ 6.  5.]
 [ 5.  6.]
 [12.  1.]
 [-4.  5.]
 [ 6.  6.]
 [ 5.  5.]
 [ 6.  7.]
 [12.  1.]
 [-4.  5.]
 [ 6.  6.]
 [ 5.  6.]
 [ 7.  6.]
 [12.  1.]
 [-4.  5.]
 [ 6.  6.]
 [ 5.  7.]
 [ 7.  6.]
 [12.  1.]
 [-4.  5.]
 [ 6.  6.]
 [ 5.  7.]
 [ 7.  6.]
 [12.  1.]
 [-4.  5.]
 [ 6.  6.]
 [ 6.  7.]]
