Maze:
##########################
#                        #
#                        #
#                        #
#                        #
#                        #
#     ##############     #
#     #            #     #
#     #      D     #     #
#     #            #     #
#     #            #     #
#     #            #     #
#     #     B      #     #
#     #            #     #
#     #         S  #     #
#     #            #     #
#     #            #     #
#     #  C         #     #
#     #     A      #     #
#     ##############     #
#                        #
#                        #
#                        #
#                        #
#                        #
##########################
[[10.  8.]
 [ 6. 12.]
 [ 6.  6.]
 [ 3. 11.]
 [ 7.  2.]
 [10.  9.]
 [ 5. 12.]
 [ 6.  6.]
 [ 2. 11.]
 [ 7.  3.]
 [10. 10.]
 [ 4. 12.]
 [ 6.  6.]
 [ 1. 11.]
 [ 7.  4.]
 [10. 11.]
 [ 3. 12.]
 [ 6.  6.]
 [ 0. 11.]
 [ 7.  5.]
 [10. 11.]
 [ 2. 12.]
 [ 6.  6.]
 [-1. 11.]
 [ 8.  5.]
 [10. 12.]
 [ 1. 12.]
 [ 6.  6.]
 [-2. 11.]
 [ 8.  6.]
 [10. 12.]
 [ 0. 12.]
 [ 6.  6.]
 [-3. 11.]
 [ 9.  7.]
 [10. 13.]
 [-1. 12.]
 [ 6.  6.]
 [-4. 11.]
 [ 9.  8.]
 [10. 14.]
 [-2. 12.]
 [ 6.  6.]
 [-5. 11.]
 [ 9.  9.]
 [10. 15.]
 [-3. 12.]
 [ 6.  6.]
 [-5. 11.]
 [ 9. 10.]
 [10. 16.]
 [-4. 12.]
 [ 6.  6.]
 [-5. 11.]
 [ 9. 11.]
 [10. 17.]
 [-5. 11.]
 [ 6.  6.]
 [-5. 10.]
 [ 9. 12.]
 [10. 17.]
 [-5. 10.]
 [ 6.  6.]
 [-5.  9.]
 [ 9. 13.]
 [10. 17.]
 [-5.  9.]
 [ 6.  6.]
 [-5.  8.]
 [ 9. 14.]
 [10. 17.]
 [-5.  8.]
 [ 6.  6.]
 [-5.  7.]
 [ 9. 15.]
 [10. 17.]
 [-5.  7.]
 [ 6.  6.]
 [-5.  6.]
 [ 9. 16.]
 [11. 17.]
 [-5.  6.]
 [ 6.  6.]
 [-5.  5.]
 [10. 17.]
 [12. 17.]
 [-5.  5.]
 [ 6.  6.]
 [-5.  4.]
 [11. 17.]
 [13. 17.]
 [-5.  4.]
 [ 6.  6.]
 [-5.  3.]
 [12. 17.]
 [14. 17.]
 [-5.  3.]
 [ 6.  6.]
 [-5.  2.]
 [13. 17.]
 [14. 17.]
 [-5.  3.]
 [ 6.  6.]
 [-5.  2.]
 [13. 17.]
 [15. 17.]
 [-5.  2.]
 [ 6.  6.]
 [-5.  1.]
 [14. 17.]]
