Maze:
##########################
#                        #
#                        #
#                        #
#                        #
#                        #
#     ##############     #
#     #       A    #     #
#     #            #     #
#     #            #     #
#     #            #     #
#     #            #     #
#     #    CS      #     #
#     #           B#     #
#     #            #     #
#     #            #     #
#     #            #     #
#     #            #     #
#     #        D   #     #
#     ##############     #
#                        #
#                        #
#                        #
#                        #
#                        #
##########################
[[ 6.  6.]
 [ 8.  1.]
 [12.  7.]
 [ 5.  6.]
 [ 9. 12.]
 [ 6.  6.]
 [ 8.  1.]
 [12.  8.]
 [ 4.  6.]
 [ 9. 12.]
 [ 6.  6.]
 [ 8.  1.]
 [11.  9.]
 [ 3.  6.]
 [ 8. 13.]
 [ 6.  6.]
 [ 8.  1.]
 [10. 10.]
 [ 2.  6.]
 [ 7. 14.]
 [ 6.  6.]
 [ 8.  1.]
 [ 9. 11.]
 [ 1.  6.]
 [ 6. 15.]
 [ 6.  6.]
 [ 8.  1.]
 [ 8. 12.]
 [ 1.  6.]
 [ 5. 16.]
 [ 6.  6.]
 [ 8.  1.]
 [ 7. 13.]
 [ 1.  6.]
 [ 4. 17.]
 [ 6.  6.]
 [ 8.  1.]
 [ 6. 14.]
 [ 1.  6.]
 [ 3. 17.]
 [ 6.  6.]
 [ 8.  1.]
 [ 5. 15.]
 [ 1.  6.]
 [ 2. 17.]
 [ 6.  6.]
 [ 8.  1.]
 [ 4. 16.]
 [ 1.  6.]
 [ 1. 17.]
 [ 6.  6.]
 [ 8.  1.]
 [ 3. 16.]
 [ 1.  6.]
 [ 0. 17.]
 [ 6.  6.]
 [ 8.  1.]
 [ 2. 16.]
 [ 1.  6.]
 [-1. 17.]
 [ 6.  6.]
 [ 8.  1.]
 [ 1. 16.]
 [ 1.  6.]
 [-2. 17.]
 [ 6.  6.]
 [ 8.  1.]
 [ 0. 16.]
 [ 1.  6.]
 [-3. 17.]
 [ 6.  6.]
 [ 8.  1.]
 [-1. 16.]
 [ 1.  6.]
 [-4. 17.]
 [ 6.  6.]
 [ 8.  1.]
 [-2. 16.]
 [ 1.  6.]
 [-5. 17.]
 [ 6.  6.]
 [ 8.  1.]
 [-3. 16.]
 [ 1.  6.]
 [-5. 17.]
 [ 6.  6.]
 [ 8.  1.]
 [-4. 16.]
 [ 1.  6.]
 [-5. 17.]
 [ 6.  6.]
 [ 8.  1.]
 [-4. 16.]
 [ 1.  6.]
 [-5. 17.]]
