Maze:
##########################
#                        #
#                        #
#                        #
#                        #
#                        #
#     ##############     #
#     #            #     #
#     #            #     #
#     #            #     #
#     #        S   #     #
#     #            #     #
#     #     D      #     #
#     #   C        #     #
#     #           A#     #
#     #            #     #
#     #            #     #
#     #          B #     #
#     #            #     #
#     ##############     #
#                        #
#                        #
#                        #
#                        #
#                        #
##########################
[[ 9.  4.]
 [12.  8.]
 [11. 11.]
 [ 4.  7.]
 [ 6.  6.]
 [10.  4.]
 [11.  9.]
 [10. 11.]
 [ 3.  7.]
 [ 6.  6.]
 [11.  5.]
 [10. 10.]
 [ 9. 11.]
 [ 2.  7.]
 [ 6.  6.]
 [11.  6.]
 [ 9. 11.]
 [ 8. 11.]
 [ 1.  7.]
 [ 6.  6.]
 [11.  7.]
 [ 8. 11.]
 [ 7. 11.]
 [ 0.  7.]
 [ 6.  6.]
 [11.  8.]
 [ 7. 11.]
 [ 6. 11.]
 [-1.  7.]
 [ 6.  6.]
 [11.  9.]
 [ 6. 11.]
 [ 5. 11.]
 [-2.  7.]
 [ 6.  6.]
 [11.  9.]
 [ 5. 11.]
 [ 4. 11.]
 [-3.  7.]
 [ 6.  6.]
 [11.  9.]
 [ 4. 11.]
 [ 3. 11.]
 [-4.  7.]
 [ 6.  6.]
 [11.  9.]
 [ 3. 11.]
 [ 2. 11.]
 [-5.  7.]
 [ 6.  6.]
 [11.  9.]
 [ 2. 11.]
 [ 1. 11.]
 [-5.  7.]
 [ 6.  6.]
 [11.  9.]
 [ 1. 11.]
 [ 0. 11.]
 [-5.  7.]
 [ 6.  6.]
 [11.  9.]
 [ 0. 11.]
 [-1. 11.]
 [-5.  7.]
 [ 6.  6.]
 [11.  9.]
 [-1. 11.]
 [-2. 11.]
 [-5.  7.]
 [ 6.  6.]
 [11.  9.]
 [-2. 11.]
 [-3. 11.]
 [-5.  6.]
 [ 6.  6.]
 [11.  9.]
 [-3. 11.]
 [-4. 11.]
 [-5.  5.]
 [ 6.  6.]
 [11.  9.]
 [-4. 11.]
 [-5. 11.]
 [-5.  4.]
 [ 6.  6.]
 [11.  9.]
 [-4. 11.]
 [-5. 11.]
 [-5.  3.]
 [ 6.  6.]
 [11.  9.]
 [-4. 11.]
 [-5. 11.]
 [-5.  3.]
 [ 6.  6.]]
