Maze:
##########################
#                        #
#                        #
#                        #
#                        #
#                        #
#     ##############     #
#     #            #     #
#     #            #     #
#     #            #     #
#     #            #     #
#     #S           #     #
#     #     D     B#     #
#     #            #     #
#     #       A    #     #
#     #            #     #
#     #   C        #     #
#     #            #     #
#     #            #     #
#     ##############     #
#                        #
#                        #
#                        #
#                        #
#                        #
##########################
[[ 1.  5.]
 [ 8.  8.]
 [12.  6.]
 [ 4. 10.]
 [ 6.  6.]
 [ 1.  5.]
 [ 7.  7.]
 [11.  6.]
 [ 5. 11.]
 [ 6.  6.]
 [ 1.  5.]
 [ 7.  7.]
 [10.  6.]
 [ 6. 11.]
 [ 6.  6.]
 [ 1.  5.]
 [ 7.  7.]
 [ 9.  6.]
 [ 7. 10.]
 [ 6.  6.]
 [ 1.  5.]
 [ 7.  7.]
 [ 8.  6.]
 [ 7.  9.]
 [ 6.  6.]
 [ 0.  5.]
 [ 6.  7.]
 [ 7.  6.]
 [ 7.  8.]
 [ 6.  6.]
 [-1.  5.]
 [ 5.  6.]
 [ 7.  6.]
 [ 6.  7.]
 [ 6.  6.]
 [-2.  5.]
 [ 6.  5.]
 [ 7.  6.]
 [ 6.  8.]
 [ 6.  6.]
 [-2.  5.]
 [ 6.  5.]
 [ 7.  6.]
 [ 7.  7.]
 [ 6.  6.]
 [-2.  5.]
 [ 5.  6.]
 [ 6.  7.]
 [ 7.  6.]
 [ 6.  6.]
 [-3.  5.]
 [ 6.  5.]
 [ 6.  7.]
 [ 8.  7.]
 [ 6.  6.]
 [-3.  5.]
 [ 6.  5.]
 [ 6.  7.]
 [ 7.  7.]
 [ 6.  6.]
 [-3.  5.]
 [ 6.  5.]
 [ 7.  6.]
 [ 6.  7.]
 [ 6.  6.]
 [-3.  5.]
 [ 5.  6.]
 [ 7.  6.]
 [ 7.  8.]
 [ 6.  6.]
 [-3.  5.]
 [ 5.  6.]
 [ 7.  6.]
 [ 7.  7.]
 [ 6.  6.]
 [-3.  5.]
 [ 5.  6.]
 [ 6.  7.]
 [ 7.  6.]
 [ 6.  6.]
 [-3.  5.]
 [ 6.  5.]
 [ 6.  7.]
 [ 8.  7.]
 [ 6.  6.]
 [-3.  5.]
 [ 6.  5.]
 [ 6.  7.]
 [ 7.  7.]
 [ 6.  6.]
 [-3.  5.]
 [ 6.  5.]
 [ 7.  6.]
 [ 6.  7.]
 [ 6.  6.]
 [-3.  5.]
 [ 5.  6.]
 [ 7.  6.]
 [ 7.  8.]
 [ 6.  6.]
 [-3.  5.]
 [ 5.  6.]
 [ 7.  6.]
 [ 7.  8.]
 [ 6.  6.]
 [-3.  5.]
 [ 5.  6.]
 [ 7.  6.]
 [ 7.  7.]
 [ 6.  6.]]
