Maze:
##########################
#                        #
#                        #
#                        #
#                        #
#                        #
#     ##############     #
#     #            #     #
#     #  B         #     #
#     #            #     #
#     #            #     #
#     #    A   C   #     #
#     #     D      #     #
#     #            #     #
#     #            #     #
#     #            #     #
#     #            #     #
#     #      S     #     #
#     #            #     #
#     ##############     #
#                        #
#                        #
#                        #
#                        #
#                        #
##########################
[[ 7. 11.]
 [ 5.  5.]
 [ 3.  2.]
 [ 9.  5.]
 [ 6.  6.]
 [ 7. 11.]
 [ 5.  5.]
 [ 4.  3.]
 [ 9.  4.]
 [ 6.  6.]
 [ 7. 11.]
 [ 5.  5.]
 [ 5.  4.]
 [ 8.  3.]
 [ 6.  6.]
 [ 7. 12.]
 [ 5.  6.]
 [ 5.  5.]
 [ 7.  3.]
 [ 6.  6.]
 [ 7. 13.]
 [ 6.  7.]
 [ 5.  5.]
 [ 6.  4.]
 [ 6.  6.]
 [ 7. 14.]
 [ 6.  7.]
 [ 6.  5.]
 [ 5.  5.]
 [ 6.  6.]
 [ 7. 14.]
 [ 6.  7.]
 [ 5.  6.]
 [ 6.  5.]
 [ 6.  6.]
 [ 7. 15.]
 [ 7.  6.]
 [ 5.  6.]
 [ 5.  4.]
 [ 6.  6.]
 [ 7. 15.]
 [ 7.  6.]
 [ 5.  6.]
 [ 5.  5.]
 [ 6.  6.]
 [ 7. 15.]
 [ 7.  6.]
 [ 6.  5.]
 [ 5.  6.]
 [ 6.  6.]
 [ 7. 15.]
 [ 6.  7.]
 [ 6.  5.]
 [ 4.  5.]
 [ 6.  6.]
 [ 7. 15.]
 [ 6.  7.]
 [ 6.  5.]
 [ 5.  5.]
 [ 6.  6.]
 [ 7. 15.]
 [ 6.  7.]
 [ 5.  6.]
 [ 6.  5.]
 [ 6.  6.]
 [ 7. 15.]
 [ 7.  6.]
 [ 5.  6.]
 [ 5.  4.]
 [ 6.  6.]
 [ 7. 15.]
 [ 7.  6.]
 [ 5.  6.]
 [ 5.  5.]
 [ 6.  6.]
 [ 7. 15.]
 [ 7.  6.]
 [ 6.  5.]
 [ 5.  6.]
 [ 6.  6.]
 [ 7. 15.]
 [ 6.  7.]
 [ 6.  5.]
 [ 4.  5.]
 [ 6.  6.]
 [ 7. 15.]
 [ 6.  7.]
 [ 6.  5.]
 [ 5.  5.]
 [ 6.  6.]
 [ 7. 15.]
 [ 6.  7.]
 [ 5.  6.]
 [ 6.  5.]
 [ 6.  6.]
 [ 7. 15.]
 [ 7.  6.]
 [ 5.  6.]
 [ 5.  4.]
 [ 6.  6.]
 [ 7. 15.]
 [ 7.  6.]
 [ 5.  6.]
 [ 5.  4.]
 [ 6.  6.]
 [ 7. 15.]
 [ 7.  6.]
 [ 5.  6.]
 [ 5.  5.]
 [ 6.  6.]]
