Maze:
##########################
#                        #
#                        #
#                        #
#                        #
#                        #
#     ##############     #
#     #  A         #     #
#     #            #     #
#     #            #     #
#     # D          #     #
#     #            #     #
#     #     B      #     #
#     #            #     #
#     #            #     #
#     #            #     #
#     #            #     #
#     #         S  #     #
#     #C           #     #
#     ##############     #
#                        #
#                        #
#                        #
#                        #
#                        #
##########################
[[10. 11.]
 [ 3.  1.]
 [ 6.  6.]
 [ 1. 12.]
 [ 2.  4.]
 [11. 11.]
 [ 2.  2.]
 [ 6.  6.]
 [ 1. 12.]
 [ 2.  5.]
 [11. 11.]
 [ 2.  3.]
 [ 6.  6.]
 [ 1. 12.]
 [ 2.  6.]
 [11. 11.]
 [ 2.  4.]
 [ 6.  6.]
 [ 1. 12.]
 [ 2.  7.]
 [11. 11.]
 [ 2.  5.]
 [ 6.  6.]
 [ 1. 12.]
 [ 2.  8.]
 [11. 11.]
 [ 1.  6.]
 [ 6.  6.]
 [ 1. 12.]
 [ 2.  9.]
 [11. 11.]
 [ 1.  7.]
 [ 6.  6.]
 [ 1. 13.]
 [ 3. 10.]
 [11. 11.]
 [ 1.  8.]
 [ 6.  6.]
 [ 0. 13.]
 [ 4. 11.]
 [11. 11.]
 [ 2.  8.]
 [ 6.  6.]
 [-1. 13.]
 [ 5. 11.]
 [11. 11.]
 [ 2.  9.]
 [ 6.  6.]
 [-1. 13.]
 [ 6. 11.]
 [11. 11.]
 [ 3.  9.]
 [ 6.  6.]
 [-1. 12.]
 [ 7. 11.]
 [11. 11.]
 [ 4. 10.]
 [ 6.  6.]
 [-1. 11.]
 [ 8. 11.]
 [11. 11.]
 [ 5. 11.]
 [ 6.  6.]
 [ 0. 11.]
 [ 9. 11.]
 [11. 11.]
 [ 6. 11.]
 [ 6.  6.]
 [ 1. 11.]
 [ 9. 11.]
 [11. 11.]
 [ 7. 11.]
 [ 6.  6.]
 [ 2. 11.]
 [ 9. 11.]
 [11. 11.]
 [ 8. 11.]
 [ 6.  6.]
 [ 3. 11.]
 [10. 11.]
 [10. 11.]
 [ 9. 11.]
 [ 6.  6.]
 [ 3. 11.]
 [11. 11.]
 [11. 11.]
 [10. 12.]
 [ 6.  6.]
 [ 3. 11.]
 [10. 11.]
 [11. 11.]
 [10. 12.]
 [ 6.  6.]
 [ 3. 11.]
 [11. 10.]
 [11. 10.]
 [10. 11.]
 [ 6.  6.]
 [ 3. 11.]
 [11. 11.]
 [11. 10.]
 [10. 11.]
 [ 6.  6.]
 [ 3. 11.]
 [11. 11.]
 [11. 10.]
 [10. 11.]
 [ 6.  6.]
 [ 3. 11.]
 [12. 10.]]
