Maze:
##########################
#                        #
#                        #
#                        #
#                        #
#                        #
#     ##############     #
#     #            #     #
#     #            #     #
#     #     D      #     #
#     #            #     #
#     #C           #     #
#     #     S      #     #
#     #        A   #     #
#     #            #     #
#     #            #     #
#     #            #     #
#     #            #     #
#     #         B  #     #
#     ##############     #
#                        #
#                        #
#                        #
#                        #
#                        #
##########################
[[ 6.  6.]
 [ 9.  7.]
 [10. 12.]
 [ 1.  5.]
 [ 6.  3.]
 [ 6.  6.]
 [ 9.  6.]
 [10. 12.]
 [ 0.  5.]
 [ 6.  4.]
 [ 6.  6.]
 [ 9.  5.]
 [10. 12.]
 [ 0.  5.]
 [ 6.  5.]
 [ 6.  6.]
 [ 8.  5.]
 [10. 12.]
 [ 0.  5.]
 [ 6.  5.]
 [ 6.  6.]
 [ 7.  5.]
 [10. 12.]
 [ 0.  5.]
 [ 6.  5.]
 [ 6.  6.]
 [ 6.  5.]
 [10. 12.]
 [ 0.  5.]
 [ 5.  6.]
 [ 6.  6.]
 [ 5.  5.]
 [10. 12.]
 [ 0.  5.]
 [ 5.  6.]
 [ 6.  6.]
 [ 5.  6.]
 [10. 12.]
 [ 0.  5.]
 [ 6.  7.]
 [ 6.  6.]
 [ 5.  7.]
 [10. 11.]
 [ 0.  5.]
 [ 6.  7.]
 [ 6.  6.]
 [ 6.  7.]
 [ 9. 10.]
 [ 0.  5.]
 [ 7.  6.]
 [ 6.  6.]
 [ 7.  7.]
 [ 8.  9.]
 [ 0.  5.]
 [ 7.  6.]
 [ 6.  6.]
 [ 7.  6.]
 [ 8.  8.]
 [ 0.  5.]
 [ 6.  5.]
 [ 6.  6.]
 [ 7.  5.]
 [ 7.  7.]
 [ 0.  5.]
 [ 6.  5.]
 [ 6.  6.]
 [ 6.  5.]
 [ 7.  6.]
 [ 0.  5.]
 [ 5.  6.]
 [ 6.  6.]
 [ 5.  5.]
 [ 7.  6.]
 [ 0.  5.]
 [ 5.  6.]
 [ 6.  6.]
 [ 5.  6.]
 [ 7.  6.]
 [ 0.  5.]
 [ 6.  7.]
 [ 6.  6.]
 [ 5.  7.]
 [ 6.  7.]
 [ 0.  5.]
 [ 7.  6.]
 [ 6.  6.]
 [ 4.  7.]
 [ 6.  7.]
 [ 0.  5.]
 [ 7.  6.]
 [ 6.  6.]
 [ 3.  7.]
 [ 6.  7.]
 [ 1.  5.]
 [ 7.  6.]
 [ 6.  6.]
 [ 3.  8.]
 [ 6.  7.]
 [ 2.  6.]
 [ 7.  6.]
 [ 6.  6.]
 [ 3.  8.]
 [ 6.  7.]
 [ 2.  6.]
 [ 7.  6.]
 [ 6.  6.]
 [ 3.  9.]
 [ 6.  7.]
 [ 2.  7.]
 [ 7.  6.]]
