Maze:
##########################
#                        #
#                        #
#                        #
#                        #
#                        #
#     ##############     #
#     #            #     #
#     #            #     #
#     #            #     #
#     #            #     #
#     #            #     #
#     #     D      #     #
#     # A          #     #
#     #            #     #
#     #       S    #     #
#     #           B#     #
#     #     C      #     #
#     #            #     #
#     ##############     #
#                        #
#                        #
#                        #
#                        #
#                        #
##########################
[[ 8.  9.]
 [ 2.  7.]
 [12. 10.]
 [ 6. 11.]
 [ 6.  6.]
 [ 8. 10.]
 [ 3.  7.]
 [11. 10.]
 [ 5. 12.]
 [ 6.  6.]
 [ 7. 11.]
 [ 4.  7.]
 [10. 10.]
 [ 4. 12.]
 [ 6.  6.]
 [ 6. 12.]
 [ 5.  7.]
 [ 9. 10.]
 [ 3. 12.]
 [ 6.  6.]
 [ 5. 13.]
 [ 6.  7.]
 [ 8. 10.]
 [ 2. 12.]
 [ 6.  6.]
 [ 4. 13.]
 [ 6.  7.]
 [ 7. 10.]
 [ 1. 12.]
 [ 6.  6.]
 [ 3. 13.]
 [ 6.  7.]
 [ 6.  9.]
 [ 0. 12.]
 [ 6.  6.]
 [ 2. 13.]
 [ 6.  7.]
 [ 6.  8.]
 [-1. 12.]
 [ 6.  6.]
 [ 1. 13.]
 [ 6.  8.]
 [ 6.  7.]
 [-2. 12.]
 [ 6.  6.]
 [ 0. 13.]
 [ 6.  7.]
 [ 6.  8.]
 [-3. 12.]
 [ 6.  6.]
 [-1. 13.]
 [ 6.  8.]
 [ 6.  7.]
 [-4. 12.]
 [ 6.  6.]
 [-2. 13.]
 [ 6.  7.]
 [ 6.  8.]
 [-5. 12.]
 [ 6.  6.]
 [-3. 13.]
 [ 6.  8.]
 [ 6.  7.]
 [-5. 12.]
 [ 6.  6.]
 [-4. 13.]
 [ 6.  7.]
 [ 6.  8.]
 [-5. 12.]
 [ 6.  6.]
 [-5. 12.]
 [ 6.  8.]
 [ 6.  7.]
 [-5. 11.]
 [ 6.  6.]
 [-5. 11.]
 [ 6.  7.]
 [ 6.  8.]
 [-5. 10.]
 [ 6.  6.]
 [-5. 10.]
 [ 6.  8.]
 [ 6.  7.]
 [-5.  9.]
 [ 6.  6.]
 [-5.  9.]
 [ 6.  7.]
 [ 6.  8.]
 [-5.  8.]
 [ 6.  6.]
 [-5.  8.]
 [ 6.  8.]
 [ 6.  7.]
 [-5.  7.]
 [ 6.  6.]
 [-5.  7.]
 [ 6.  7.]
 [ 6.  8.]
 [-5.  6.]
 [ 6.  6.]
 [-5.  7.]
 [ 6.  7.]
 [ 6.  8.]
 [-5.  6.]
 [ 6.  6.]
 [-5.  6.]
 [ 6.  8.]
 [ 6.  7.]
 [-5.  5.]
 [ 6.  6.]]
