Maze:
##########################
#                        #
#                        #
#                        #
#                        #
#                        #
#     ##############     #
#     #        S   #     #
#     #            #     #
#     #            #     #
#     #            #     #
#     #     B      #     #
#     #C    A      #     #
#     #   D        #     #
#     #            #     #
#     #            #     #
#     #            #     #
#     #            #     #
#     #            #     #
#     ##############     #
#                        #
#                        #
#                        #
#                        #
#                        #
##########################
[[ 9.  1.]
 [ 6.  6.]
 [ 6.  5.]
 [ 1.  6.]
 [ 4.  7.]
 [10.  0.]
 [ 6.  6.]
 [ 6.  5.]
 [ 0.  6.]
 [ 3.  7.]
 [11. -1.]
 [ 6.  6.]
 [ 6.  5.]
 [-1.  6.]
 [ 2.  7.]
 [12. -2.]
 [ 6.  6.]
 [ 6.  5.]
 [-2.  6.]
 [ 1.  7.]
 [12. -2.]
 [ 6.  6.]
 [ 6.  5.]
 [-3.  6.]
 [ 0.  7.]
 [12. -2.]
 [ 6.  6.]
 [ 6.  5.]
 [-4.  6.]
 [-1.  7.]
 [12. -2.]
 [ 6.  6.]
 [ 6.  5.]
 [-5.  6.]
 [-2.  7.]
 [12. -2.]
 [ 6.  6.]
 [ 6.  5.]
 [-5.  6.]
 [-3.  7.]
 [12. -2.]
 [ 6.  6.]
 [ 6.  5.]
 [-5.  6.]
 [-4.  7.]
 [12. -2.]
 [ 6.  6.]
 [ 6.  5.]
 [-5.  5.]
 [-5.  6.]
 [12. -2.]
 [ 6.  6.]
 [ 6.  5.]
 [-5.  4.]
 [-5.  5.]
 [12. -2.]
 [ 6.  6.]
 [ 6.  5.]
 [-5.  3.]
 [-5.  4.]
 [12. -2.]
 [ 6.  6.]
 [ 6.  5.]
 [-5.  2.]
 [-5.  3.]
 [12. -2.]
 [ 6.  6.]
 [ 6.  5.]
 [-5.  1.]
 [-5.  2.]
 [12. -2.]
 [ 6.  6.]
 [ 6.  5.]
 [-5.  0.]
 [-5.  1.]
 [12. -2.]
 [ 6.  6.]
 [ 6.  5.]
 [-5. -1.]
 [-5.  0.]
 [12. -2.]
 [ 6.  6.]
 [ 6.  5.]
 [-5. -2.]
 [-5. -1.]
 [12. -2.]
 [ 6.  6.]
 [ 6.  5.]
 [-5. -3.]
 [-5. -2.]
 [12. -2.]
 [ 6.  6.]
 [ 6.  5.]
 [-5. -4.]
 [-5. -3.]
 [12. -2.]
 [ 6.  6.]
 [ 6.  5.]
 [-5. -5.]
 [-5. -4.]
 [12. -2.]
 [ 6.  6.]
 [ 6.  5.]
 [-5. -5.]
 [-5. -4.]]
