Maze:
##########################
#                        #
#                        #
#                        #
#                        #
#                        #
#     ##############     #
#     #            #     #
#     #        B   #     #
#     #            #     #
#     #           S#     #
#     #            #     #
#     #     C      #     #
#     #            #     #
#     #            #     #
#     #            #     #
#     #A           #     #
#     # D          #     #
#     #            #     #
#     ##############     #
#                        #
#                        #
#                        #
#                        #
#                        #
##########################
[[12.  4.]
 [ 1. 10.]
 [ 9.  2.]
 [ 6.  6.]
 [ 2. 11.]
 [13.  5.]
 [ 2. 11.]
 [10.  2.]
 [ 6.  6.]
 [ 3. 12.]
 [14.  6.]
 [ 3. 12.]
 [11.  2.]
 [ 6.  6.]
 [ 4. 13.]
 [15.  7.]
 [ 4. 13.]
 [12.  3.]
 [ 6.  6.]
 [ 5. 14.]
 [16.  8.]
 [ 5. 14.]
 [13.  4.]
 [ 6.  6.]
 [ 6. 15.]
 [17.  9.]
 [ 6. 15.]
 [14.  5.]
 [ 6.  6.]
 [ 7. 16.]
 [17. 10.]
 [ 7. 16.]
 [15.  6.]
 [ 6.  6.]
 [ 8. 17.]
 [17. 11.]
 [ 8. 17.]
 [15.  7.]
 [ 6.  6.]
 [ 9. 17.]
 [17. 12.]
 [ 9. 17.]
 [15.  8.]
 [ 6.  6.]
 [10. 17.]
 [17. 13.]
 [10. 17.]
 [15.  9.]
 [ 6.  6.]
 [11. 17.]
 [17. 14.]
 [11. 17.]
 [15. 10.]
 [ 6.  6.]
 [12. 17.]
 [17. 14.]
 [12. 17.]
 [15. 11.]
 [ 6.  6.]
 [13. 17.]
 [17. 14.]
 [13. 17.]
 [15. 12.]
 [ 6.  6.]
 [14. 17.]
 [17. 14.]
 [14. 17.]
 [16. 13.]
 [ 6.  6.]
 [15. 17.]
 [17. 15.]
 [15. 17.]
 [17. 14.]
 [ 6.  6.]
 [16. 17.]
 [17. 16.]
 [16. 17.]
 [17. 15.]
 [ 6.  6.]
 [17. 17.]
 [17. 15.]
 [16. 17.]
 [17. 16.]
 [ 6.  6.]
 [17. 17.]
 [17. 14.]
 [16. 17.]
 [16. 15.]
 [ 6.  6.]
 [17. 17.]
 [17. 13.]
 [17. 16.]
 [17. 15.]
 [ 6.  6.]
 [17. 17.]
 [17. 12.]
 [17. 15.]
 [17. 16.]
 [ 6.  6.]
 [17. 17.]
 [17. 12.]
 [17. 15.]
 [17. 16.]
 [ 6.  6.]
 [17. 17.]
 [17. 11.]
 [17. 15.]
 [17. 16.]
 [ 6.  6.]
 [17. 17.]]
