Maze:
##########################
#                        #
#                        #
#                        #
#                        #
#                        #
#     ##############     #
#     #       S    #     #
#     #            #     #
#     #            #     #
#     #            #     #
#     #          B #     #
#     # C   D      #     #
#     #A           #     #
#     #            #     #
#     #            #     #
#     #            #     #
#     #            #     #
#     #            #     #
#     ##############     #
#                        #
#                        #
#                        #
#                        #
#                        #
##########################
[[ 8.  1.]
 [ 1.  7.]
 [11.  5.]
 [ 2.  6.]
 [ 6.  6.]
 [ 8.  0.]
 [ 2.  6.]
 [10.  4.]
 [ 1.  7.]
 [ 6.  6.]
 [ 8. -1.]
 [ 1.  7.]
 [ 9.  3.]
 [ 2.  6.]
 [ 6.  6.]
 [ 8. -2.]
 [ 2.  6.]
 [ 9.  2.]
 [ 1.  7.]
 [ 6.  6.]
 [ 8. -3.]
 [ 1.  7.]
 [ 9.  1.]
 [ 2.  6.]
 [ 6.  6.]
 [ 8. -4.]
 [ 2.  6.]
 [ 9.  0.]
 [ 1.  7.]
 [ 6.  6.]
 [ 8. -5.]
 [ 1.  7.]
 [ 9. -1.]
 [ 2.  6.]
 [ 6.  6.]
 [ 8. -5.]
 [ 2.  6.]
 [ 9. -2.]
 [ 1.  7.]
 [ 6.  6.]
 [ 8. -5.]
 [ 1.  7.]
 [ 9. -3.]
 [ 2.  6.]
 [ 6.  6.]
 [ 8. -5.]
 [ 2.  6.]
 [ 9. -4.]
 [ 1.  7.]
 [ 6.  6.]
 [ 7. -5.]
 [ 1.  7.]
 [ 8. -5.]
 [ 2.  6.]
 [ 6.  6.]
 [ 6. -5.]
 [ 2.  6.]
 [ 7. -5.]
 [ 1.  7.]
 [ 6.  6.]
 [ 5. -5.]
 [ 1.  7.]
 [ 6. -5.]
 [ 2.  6.]
 [ 6.  6.]
 [ 4. -5.]
 [ 2.  6.]
 [ 5. -5.]
 [ 1.  7.]
 [ 6.  6.]
 [ 3. -5.]
 [ 1.  7.]
 [ 4. -5.]
 [ 2.  6.]
 [ 6.  6.]
 [ 2. -5.]
 [ 2.  6.]
 [ 3. -5.]
 [ 1.  7.]
 [ 6.  6.]
 [ 1. -5.]
 [ 1.  7.]
 [ 2. -5.]
 [ 2.  6.]
 [ 6.  6.]
 [ 0. -5.]
 [ 2.  6.]
 [ 1. -5.]
 [ 1.  7.]
 [ 6.  6.]
 [-1. -5.]
 [ 1.  7.]
 [ 0. -5.]
 [ 2.  6.]
 [ 6.  6.]
 [-2. -5.]
 [ 2.  6.]
 [-1. -5.]
 [ 1.  7.]
 [ 6.  6.]
 [-2. -5.]
 [ 2.  6.]
 [-1. -5.]
 [ 1.  7.]
 [ 6.  6.]
 [-3. -5.]
 [ 1.  7.]
 [-2. -5.]
 [ 2.  6.]
 [ 6.  6.]]
