Maze:
##########################
#                        #
#                        #
#                        #
#                        #
#                        #
#     ##############     #
#     #           A#     #
#     #            #     #
#     #            #     #
#     #            #     #
#     #            #     #
#     #     D  B   #     #
#     #            #     #
#     #            #     #
#     #            #     #
#     #            #     #
#     #   C        #     #
#     #    S       #     #
#     ##############     #
#                        #
#                        #
#                        #
#                        #
#                        #
##########################
[[ 5. 12.]
 [12.  1.]
 [ 9.  6.]
 [ 4. 11.]
 [ 6.  6.]
 [ 4. 11.]
 [11.  2.]
 [ 9.  5.]
 [ 3. 10.]
 [ 6.  6.]
 [ 3. 10.]
 [10.  3.]
 [10.  4.]
 [ 2.  9.]
 [ 6.  6.]
 [ 2.  9.]
 [10.  4.]
 [10.  3.]
 [ 1.  8.]
 [ 6.  6.]
 [ 1.  8.]
 [10.  3.]
 [10.  4.]
 [ 0.  7.]
 [ 6.  6.]
 [ 0.  7.]
 [10.  4.]
 [10.  3.]
 [-1.  6.]
 [ 6.  6.]
 [-1.  6.]
 [10.  3.]
 [10.  4.]
 [-2.  5.]
 [ 6.  6.]
 [-2.  5.]
 [10.  4.]
 [10.  3.]
 [-3.  4.]
 [ 6.  6.]
 [-3.  4.]
 [10.  3.]
 [10.  4.]
 [-4.  3.]
 [ 6.  6.]
 [-4.  3.]
 [10.  4.]
 [10.  3.]
 [-5.  2.]
 [ 6.  6.]
 [-5.  2.]
 [10.  3.]
 [10.  4.]
 [-5.  1.]
 [ 6.  6.]
 [-5.  1.]
 [10.  4.]
 [10.  3.]
 [-5.  0.]
 [ 6.  6.]
 [-5.  0.]
 [10.  3.]
 [10.  4.]
 [-5. -1.]
 [ 6.  6.]
 [-5. -1.]
 [10.  4.]
 [10.  3.]
 [-5. -2.]
 [ 6.  6.]
 [-5. -2.]
 [10.  3.]
 [10.  4.]
 [-5. -3.]
 [ 6.  6.]
 [-5. -3.]
 [10.  4.]
 [10.  3.]
 [-5. -4.]
 [ 6.  6.]
 [-5. -4.]
 [10.  3.]
 [10.  4.]
 [-5. -5.]
 [ 6.  6.]
 [-5. -4.]
 [10.  4.]
 [10.  3.]
 [-5. -5.]
 [ 6.  6.]
 [-5. -4.]
 [10.  3.]
 [10.  4.]
 [-5. -5.]
 [ 6.  6.]]
