Maze:
##########################
#                        #
#                        #
#                        #
#                        #
#                        #
#     ##############     #
#     #            #     #
#     #            #     #
#     #            #     #
#     #            #     #
#     #D           #     #
#     #     A      #     #
#     #        S   #     #
#     #            #     #
#     #   C        #     #
#     #            #     #
#     #            #     #
#     #           B#     #
#     ##############     #
#                        #
#                        #
#                        #
#                        #
#                        #
##########################
[[ 9.  7.]
 [ 6.  6.]
 [12. 12.]
 [ 4.  9.]
 [ 1.  5.]
 [10.  7.]
 [ 6.  6.]
 [12. 11.]
 [ 5.  9.]
 [ 0.  5.]
 [10.  6.]
 [ 6.  6.]
 [12. 10.]
 [ 5.  8.]
 [-1.  5.]
 [10.  5.]
 [ 6.  6.]
 [12.  9.]
 [ 6.  7.]
 [-2.  5.]
 [10.  4.]
 [ 6.  6.]
 [12.  8.]
 [ 6.  7.]
 [-2.  5.]
 [10.  3.]
 [ 6.  6.]
 [12.  7.]
 [ 6.  7.]
 [-2.  5.]
 [10.  2.]
 [ 6.  6.]
 [12.  6.]
 [ 6.  7.]
 [-2.  5.]
 [10.  1.]
 [ 6.  6.]
 [11.  5.]
 [ 6.  7.]
 [-2.  5.]
 [10.  0.]
 [ 6.  6.]
 [11.  4.]
 [ 6.  7.]
 [-2.  5.]
 [10. -1.]
 [ 6.  6.]
 [11.  3.]
 [ 6.  7.]
 [-2.  5.]
 [10. -2.]
 [ 6.  6.]
 [11.  2.]
 [ 6.  7.]
 [-2.  5.]
 [10. -3.]
 [ 6.  6.]
 [11.  1.]
 [ 6.  7.]
 [-2.  5.]
 [10. -4.]
 [ 6.  6.]
 [11.  0.]
 [ 6.  7.]
 [-2.  5.]
 [10. -5.]
 [ 6.  6.]
 [11. -1.]
 [ 6.  7.]
 [-2.  5.]
 [10. -5.]
 [ 6.  6.]
 [11. -2.]
 [ 6.  7.]
 [-2.  5.]
 [10. -5.]
 [ 6.  6.]
 [11. -3.]
 [ 6.  7.]
 [-2.  5.]
 [10. -5.]
 [ 6.  6.]
 [11. -4.]
 [ 6.  7.]
 [-2.  5.]
 [ 9. -5.]
 [ 6.  6.]
 [10. -5.]
 [ 6.  7.]
 [-2.  5.]
 [ 8. -5.]
 [ 6.  6.]
 [ 9. -5.]
 [ 6.  7.]
 [-2.  5.]
 [ 7. -5.]
 [ 6.  6.]
 [ 8. -5.]
 [ 6.  7.]
 [-2.  5.]
 [ 7. -5.]
 [ 6.  6.]
 [ 8. -5.]
 [ 6.  7.]
 [-2.  5.]
 [ 6. -5.]
 [ 6.  6.]
 [ 7. -5.]
 [ 6.  7.]
 [-2.  5.]]
