Maze:
##########################
#                        #
#                        #
#                        #
#                        #
#                        #
#     ##############     #
#     #            #     #
#     #            #     #
#     #            #     #
#     #     A      #     #
#     #            #     #
#     #     D      #     #
#     #            #     #
#     #            #     #
#     #        C   #     #
#     #            #     #
#     # S          #     #
#     #B           #     #
#     ##############     #
#                        #
#                        #
#                        #
#                        #
#                        #
##########################
[[ 2. 11.]
 [ 6.  4.]
 [ 1. 12.]
 [ 9.  9.]
 [ 6.  6.]
 [ 3. 10.]
 [ 6.  5.]
 [ 2. 11.]
 [10.  9.]
 [ 6.  6.]
 [ 4.  9.]
 [ 6.  5.]
 [ 3. 10.]
 [11.  9.]
 [ 6.  6.]
 [ 5.  8.]
 [ 6.  5.]
 [ 4.  9.]
 [12.  9.]
 [ 6.  6.]
 [ 6.  8.]
 [ 6.  5.]
 [ 5.  8.]
 [12.  9.]
 [ 6.  6.]
 [ 7.  8.]
 [ 6.  5.]
 [ 6.  8.]
 [13.  9.]
 [ 6.  6.]
 [ 8.  8.]
 [ 6.  5.]
 [ 7.  8.]
 [13.  9.]
 [ 6.  6.]
 [ 9.  8.]
 [ 6.  5.]
 [ 8.  8.]
 [14.  9.]
 [ 6.  6.]
 [10.  8.]
 [ 6.  5.]
 [ 9.  8.]
 [15.  9.]
 [ 6.  6.]
 [11.  8.]
 [ 6.  5.]
 [10.  8.]
 [16.  9.]
 [ 6.  6.]
 [12.  8.]
 [ 6.  5.]
 [11.  8.]
 [17.  9.]
 [ 6.  6.]
 [13.  8.]
 [ 6.  5.]
 [12.  8.]
 [17.  9.]
 [ 6.  6.]
 [14.  8.]
 [ 6.  5.]
 [13.  8.]
 [17.  9.]
 [ 6.  6.]
 [15.  8.]
 [ 6.  5.]
 [14.  8.]
 [17.  9.]
 [ 6.  6.]
 [16.  8.]
 [ 6.  5.]
 [15.  8.]
 [17.  9.]
 [ 6.  6.]
 [17.  8.]
 [ 6.  5.]
 [16.  8.]
 [17. 10.]
 [ 6.  6.]
 [17.  8.]
 [ 6.  5.]
 [16.  8.]
 [17. 11.]
 [ 6.  6.]
 [17.  8.]
 [ 6.  5.]
 [16.  8.]
 [17. 12.]
 [ 6.  6.]
 [17.  8.]
 [ 6.  5.]
 [16.  8.]
 [17. 13.]
 [ 6.  6.]
 [17.  8.]
 [ 6.  5.]
 [16.  8.]
 [17. 13.]
 [ 6.  6.]]
