Maze:
##########################
#                        #
#                        #
#                        #
#                        #
#                        #
#     ##############     #
#     #            #     #
#     #            #     #
#     #            #     #
#     #            #     #
#     #            #     #
#     #     D      #     #
#     #            #     #
#     #  S         #     #
#     #            #     #
#     #           A#     #
#     #         C  #     #
#     #     B      #     #
#     ##############     #
#                        #
#                        #
#                        #
#                        #
#                        #
##########################
[[ 3.  8.]
 [12. 10.]
 [ 6. 12.]
 [10. 11.]
 [ 6.  6.]
 [ 2.  8.]
 [11. 10.]
 [ 5. 11.]
 [11. 11.]
 [ 6.  6.]
 [ 1.  8.]
 [11. 11.]
 [ 4. 10.]
 [11. 10.]
 [ 6.  6.]
 [ 0.  8.]
 [11. 10.]
 [ 3.  9.]
 [11. 11.]
 [ 6.  6.]
 [-1.  8.]
 [11. 11.]
 [ 2.  9.]
 [11. 10.]
 [ 6.  6.]
 [-2.  8.]
 [11. 10.]
 [ 1.  9.]
 [11. 11.]
 [ 6.  6.]
 [-3.  8.]
 [11. 11.]
 [ 0.  9.]
 [11. 10.]
 [ 6.  6.]
 [-4.  8.]
 [11. 10.]
 [-1.  9.]
 [11. 11.]
 [ 6.  6.]
 [-5.  8.]
 [11. 11.]
 [-2.  9.]
 [11. 10.]
 [ 6.  6.]
 [-5.  8.]
 [11. 10.]
 [-3.  9.]
 [11. 11.]
 [ 6.  6.]
 [-5.  8.]
 [11. 11.]
 [-4.  9.]
 [11. 10.]
 [ 6.  6.]
 [-5.  7.]
 [11. 10.]
 [-5.  8.]
 [11. 11.]
 [ 6.  6.]
 [-5.  6.]
 [11. 11.]
 [-5.  7.]
 [11. 10.]
 [ 6.  6.]
 [-5.  5.]
 [11. 10.]
 [-5.  6.]
 [11. 11.]
 [ 6.  6.]
 [-5.  4.]
 [11. 11.]
 [-5.  5.]
 [11. 10.]
 [ 6.  6.]
 [-5.  3.]
 [11. 10.]
 [-5.  4.]
 [11. 11.]
 [ 6.  6.]
 [-5.  2.]
 [11. 11.]
 [-5.  3.]
 [11. 10.]
 [ 6.  6.]
 [-5.  1.]
 [11. 10.]
 [-5.  2.]
 [11. 11.]
 [ 6.  6.]
 [-5.  0.]
 [11. 11.]
 [-5.  1.]
 [11. 10.]
 [ 6.  6.]
 [-5. -1.]
 [11. 10.]
 [-5.  0.]
 [11. 11.]
 [ 6.  6.]
 [-5. -1.]
 [11. 10.]
 [-5.  0.]
 [11. 11.]
 [ 6.  6.]
 [-5. -2.]
 [11. 11.]
 [-5. -1.]
 [11. 10.]
 [ 6.  6.]]
