Maze:
##########################
#                        #
#                        #
#                        #
#                        #
#                        #
#     ##############     #
#     #            #     #
#     #            #     #
#     #            #     #
#     #    C       #     #
#     #       D    #     #
#     #     A      #     #
#     #            #     #
#     #            #     #
#     #          S #     #
#     #            #     #
#     #            #     #
#     #           B#     #
#     ##############     #
#                        #
#                        #
#                        #
#                        #
#                        #
##########################
[[11.  9.]
 [ 6.  6.]
 [12. 12.]
 [ 5.  4.]
 [ 8.  5.]
 [11.  8.]
 [ 6.  6.]
 [12. 11.]
 [ 5.  5.]
 [ 9.  4.]
 [11.  7.]
 [ 6.  6.]
 [12. 10.]
 [ 5.  5.]
 [10.  3.]
 [11.  6.]
 [ 6.  6.]
 [12.  9.]
 [ 5.  5.]
 [10.  2.]
 [11.  5.]
 [ 6.  6.]
 [12.  8.]
 [ 5.  5.]
 [10.  1.]
 [11.  4.]
 [ 6.  6.]
 [12.  7.]
 [ 5.  5.]
 [10.  0.]
 [11.  3.]
 [ 6.  6.]
 [12.  6.]
 [ 5.  5.]
 [10. -1.]
 [11.  2.]
 [ 6.  6.]
 [12.  5.]
 [ 5.  5.]
 [10. -2.]
 [11.  1.]
 [ 6.  6.]
 [12.  4.]
 [ 5.  5.]
 [10. -3.]
 [11.  0.]
 [ 6.  6.]
 [12.  3.]
 [ 5.  5.]
 [10. -4.]
 [11. -1.]
 [ 6.  6.]
 [12.  2.]
 [ 5.  5.]
 [10. -5.]
 [11. -2.]
 [ 6.  6.]
 [12.  1.]
 [ 5.  5.]
 [10. -5.]
 [11. -2.]
 [ 6.  6.]
 [12.  0.]
 [ 5.  5.]
 [10. -5.]
 [10. -3.]
 [ 6.  6.]
 [12. -1.]
 [ 5.  5.]
 [10. -5.]
 [10. -2.]
 [ 6.  6.]
 [11. -2.]
 [ 5.  5.]
 [10. -5.]
 [ 9. -2.]
 [ 6.  6.]
 [10. -2.]
 [ 5.  5.]
 [10. -5.]
 [ 8. -2.]
 [ 6.  6.]
 [ 9. -2.]
 [ 5.  5.]
 [11. -5.]
 [ 7. -2.]
 [ 6.  6.]
 [ 8. -2.]
 [ 5.  5.]
 [11. -5.]
 [ 6. -2.]
 [ 6.  6.]
 [ 7. -2.]
 [ 5.  5.]
 [11. -5.]
 [ 5. -2.]
 [ 6.  6.]
 [ 6. -2.]
 [ 5.  5.]
 [11. -5.]
 [ 5. -2.]
 [ 6.  6.]
 [ 6. -2.]
 [ 5.  5.]
 [11. -5.]
 [ 4. -2.]
 [ 6.  6.]
 [ 5. -2.]
 [ 5.  5.]
 [11. -5.]]
