Maze:
##########################
#                        #
#                        #
#                        #
#                        #
#                        #
#     ##############     #
#     #            #     #
#     #       B    #     #
#     #         S  #     #
#     #            #     #
#     #            #     #
#     #     C      #     #
#     #            #     #
#     #            #     #
#     #    A       #     #
#     #            #     #
#     #            #     #
#     #     D      #     #
#     ##############     #
#                        #
#                        #
#                        #
#                        #
#                        #
##########################
[[10.  3.]
 [ 5.  9.]
 [ 8.  2.]
 [ 6.  6.]
 [ 6. 12.]
 [11.  3.]
 [ 6.  8.]
 [ 9.  2.]
 [ 6.  6.]
 [ 6. 13.]
 [12.  3.]
 [ 6.  7.]
 [10.  2.]
 [ 6.  6.]
 [ 6. 14.]
 [13.  3.]
 [ 6.  7.]
 [11.  2.]
 [ 6.  6.]
 [ 6. 15.]
 [14.  3.]
 [ 6.  7.]
 [12.  2.]
 [ 6.  6.]
 [ 6. 15.]
 [15.  3.]
 [ 6.  7.]
 [13.  2.]
 [ 6.  6.]
 [ 6. 15.]
 [16.  3.]
 [ 6.  7.]
 [14.  2.]
 [ 6.  6.]
 [ 6. 15.]
 [17.  3.]
 [ 6.  7.]
 [15.  2.]
 [ 6.  6.]
 [ 6. 15.]
 [17.  3.]
 [ 6.  7.]
 [16.  2.]
 [ 6.  6.]
 [ 6. 15.]
 [17.  4.]
 [ 6.  7.]
 [17.  3.]
 [ 6.  6.]
 [ 6. 15.]
 [17.  5.]
 [ 6.  7.]
 [17.  4.]
 [ 6.  6.]
 [ 6. 15.]
 [17.  6.]
 [ 6.  7.]
 [17.  5.]
 [ 6.  6.]
 [ 6. 15.]
 [17.  7.]
 [ 6.  7.]
 [17.  6.]
 [ 6.  6.]
 [ 6. 15.]
 [17.  8.]
 [ 6.  7.]
 [17.  7.]
 [ 6.  6.]
 [ 6. 15.]
 [17.  9.]
 [ 6.  7.]
 [17.  8.]
 [ 6.  6.]
 [ 6. 15.]
 [17. 10.]
 [ 6.  7.]
 [17.  9.]
 [ 6.  6.]
 [ 6. 15.]
 [17. 11.]
 [ 6.  7.]
 [17. 10.]
 [ 6.  6.]
 [ 6. 15.]
 [17. 12.]
 [ 6.  7.]
 [17. 11.]
 [ 6.  6.]
 [ 6. 15.]
 [17. 13.]
 [ 6.  7.]
 [17. 12.]
 [ 6.  6.]
 [ 6. 15.]
 [17. 14.]
 [ 6.  7.]
 [17. 13.]
 [ 6.  6.]
 [ 6. 15.]
 [17. 14.]
 [ 6.  7.]
 [17. 13.]
 [ 6.  6.]
 [ 6. 15.]
 [17. 15.]
 [ 6.  7.]
 [17. 14.]
 [ 6.  6.]
 [ 6. 15.]]
