Maze:
##########################
#                        #
#                        #
#                        #
#                        #
#                        #
#     ##############     #
#     #            #     #
#     #            #     #
#     #            #     #
#     #            #     #
#     #            #     #
#     #     A     B#     #
#     # D          #     #
#     #     C      #     #
#     #            #     #
#     #          S #     #
#     #            #     #
#     #            #     #
#     ##############     #
#                        #
#                        #
#                        #
#                        #
#                        #
##########################
[[11. 10.]
 [ 6.  6.]
 [12.  6.]
 [ 6.  8.]
 [ 2.  7.]
 [11. 11.]
 [ 6.  6.]
 [12.  7.]
 [ 6.  7.]
 [ 1.  7.]
 [11. 12.]
 [ 6.  6.]
 [12.  8.]
 [ 6.  7.]
 [ 0.  7.]
 [11. 13.]
 [ 6.  6.]
 [12.  9.]
 [ 6.  7.]
 [-1.  7.]
 [11. 14.]
 [ 6.  6.]
 [12. 10.]
 [ 6.  7.]
 [-1.  7.]
 [11. 15.]
 [ 6.  6.]
 [12. 11.]
 [ 6.  7.]
 [-1.  7.]
 [11. 16.]
 [ 6.  6.]
 [12. 12.]
 [ 6.  7.]
 [-1.  7.]
 [11. 17.]
 [ 6.  6.]
 [12. 13.]
 [ 6.  7.]
 [-1.  7.]
 [11. 17.]
 [ 6.  6.]
 [12. 14.]
 [ 6.  7.]
 [-1.  7.]
 [11. 17.]
 [ 6.  6.]
 [12. 15.]
 [ 6.  7.]
 [-1.  7.]
 [11. 17.]
 [ 6.  6.]
 [12. 16.]
 [ 6.  7.]
 [-1.  7.]
 [10. 17.]
 [ 6.  6.]
 [11. 17.]
 [ 6.  7.]
 [-1.  7.]
 [ 9. 17.]
 [ 6.  6.]
 [10. 17.]
 [ 6.  7.]
 [-1.  7.]
 [ 8. 17.]
 [ 6.  6.]
 [ 9. 17.]
 [ 6.  7.]
 [-1.  7.]
 [ 7. 17.]
 [ 6.  6.]
 [ 8. 17.]
 [ 6.  7.]
 [-1.  7.]
 [ 6. 17.]
 [ 6.  6.]
 [ 7. 17.]
 [ 6.  7.]
 [-1.  7.]
 [ 5. 17.]
 [ 6.  6.]
 [ 6. 17.]
 [ 6.  7.]
 [-1.  7.]
 [ 4. 17.]
 [ 6.  6.]
 [ 5. 17.]
 [ 6.  7.]
 [-1.  7.]
 [ 3. 17.]
 [ 6.  6.]
 [ 4. 17.]
 [ 6.  7.]
 [-1.  7.]
 [ 2. 17.]
 [ 6.  6.]
 [ 3. 17.]
 [ 6.  7.]
 [-1.  7.]
 [ 2. 17.]
 [ 6.  6.]
 [ 3. 17.]
 [ 6.  7.]
 [-1.  7.]
 [ 1. 17.]
 [ 6.  6.]
 [ 2. 17.]
 [ 6.  7.]
 [-1.  7.]]
