Maze:
##########################
#                        #
#                        #
#                        #
#                        #
#                        #
#     ##############     #
#     #         S  #     #
#     #            #     #
#     #            #     #
#     #           B#     #
#     #      C     #     #
#     #   D A      #     #
#     #            #     #
#     #            #     #
#     #            #     #
#     #            #     #
#     #            #     #
#     #            #     #
#     ##############     #
#                        #
#                        #
#                        #
#                        #
#                        #
##########################
[[10.  1.]
 [ 6.  6.]
 [12.  4.]
 [ 7.  5.]
 [ 4.  6.]
 [ 9.  0.]
 [ 6.  6.]
 [11.  3.]
 [ 7.  5.]
 [ 3.  6.]
 [ 9. -1.]
 [ 6.  6.]
 [11.  2.]
 [ 7.  5.]
 [ 2.  6.]
 [ 8. -2.]
 [ 6.  6.]
 [11.  1.]
 [ 7.  5.]
 [ 1.  6.]
 [ 7. -3.]
 [ 6.  6.]
 [10.  0.]
 [ 7.  5.]
 [ 0.  6.]
 [ 6. -4.]
 [ 6.  6.]
 [ 9. -1.]
 [ 7.  5.]
 [-1.  6.]
 [ 5. -5.]
 [ 6.  6.]
 [ 8. -2.]
 [ 7.  5.]
 [-2.  6.]
 [ 4. -5.]
 [ 6.  6.]
 [ 7. -3.]
 [ 7.  5.]
 [-2.  6.]
 [ 3. -5.]
 [ 6.  6.]
 [ 6. -4.]
 [ 7.  5.]
 [-2.  6.]
 [ 2. -5.]
 [ 6.  6.]
 [ 5. -4.]
 [ 7.  5.]
 [-2.  6.]
 [ 1. -5.]
 [ 6.  6.]
 [ 4. -4.]
 [ 7.  5.]
 [-2.  6.]
 [ 0. -5.]
 [ 6.  6.]
 [ 3. -4.]
 [ 7.  5.]
 [-2.  6.]
 [-1. -5.]
 [ 6.  6.]
 [ 2. -4.]
 [ 7.  5.]
 [-2.  6.]
 [-2. -5.]
 [ 6.  6.]
 [ 1. -4.]
 [ 7.  5.]
 [-2.  6.]
 [-3. -5.]
 [ 6.  6.]
 [ 0. -4.]
 [ 7.  5.]
 [-2.  6.]
 [-4. -5.]
 [ 6.  6.]
 [-1. -4.]
 [ 7.  5.]
 [-2.  6.]
 [-5. -5.]
 [ 6.  6.]
 [-2. -4.]
 [ 7.  5.]
 [-2.  6.]
 [-5. -5.]
 [ 6.  6.]
 [-3. -4.]
 [ 7.  5.]
 [-2.  6.]
 [-5. -5.]
 [ 6.  6.]
 [-4. -4.]
 [ 7.  5.]
 [-2.  6.]
 [-5. -5.]
 [ 6.  6.]
 [-4. -4.]
 [ 7.  5.]
 [-2.  6.]]
