Maze:
##########################
#                        #
#                        #
#                        #
#                        #
#                        #
#     ##############     #
#     #            #     #
#     #            #     #
#     #            #     #
#     #            #     #
#     #            #     #
#     #     D      #     #
#     #C           #     #
#     #            #     #
#     #        A   #     #
#     #  S         #     #
#     #            #     #
#     #     B      #     #
#     ##############     #
#                        #
#                        #
#                        #
#                        #
#                        #
##########################
[[ 3. 10.]
 [ 9.  9.]
 [ 6. 12.]
 [ 1.  7.]
 [ 6.  6.]
 [ 2. 10.]
 [ 8.  9.]
 [ 6. 11.]
 [ 0.  7.]
 [ 6.  6.]
 [ 1. 10.]
 [ 7.  9.]
 [ 6. 10.]
 [-1.  7.]
 [ 6.  6.]
 [ 0. 10.]
 [ 6. 10.]
 [ 7.  9.]
 [-2.  7.]
 [ 6.  6.]
 [-1. 10.]
 [ 7.  9.]
 [ 6. 10.]
 [-3.  7.]
 [ 6.  6.]
 [-2. 10.]
 [ 6. 10.]
 [ 7.  9.]
 [-4.  6.]
 [ 6.  6.]
 [-3. 10.]
 [ 7.  9.]
 [ 6. 10.]
 [-4.  6.]
 [ 6.  6.]
 [-4.  9.]
 [ 6. 10.]
 [ 7.  9.]
 [-4.  5.]
 [ 6.  6.]
 [-4.  8.]
 [ 7.  9.]
 [ 6. 10.]
 [-4.  4.]
 [ 6.  6.]
 [-4.  7.]
 [ 6. 10.]
 [ 7.  9.]
 [-4.  3.]
 [ 6.  6.]
 [-4.  6.]
 [ 7.  9.]
 [ 6. 10.]
 [-4.  2.]
 [ 6.  6.]
 [-4.  5.]
 [ 6. 10.]
 [ 7.  9.]
 [-4.  1.]
 [ 6.  6.]
 [-4.  4.]
 [ 7.  9.]
 [ 6. 10.]
 [-4.  0.]
 [ 6.  6.]
 [-4.  3.]
 [ 6. 10.]
 [ 7.  9.]
 [-4. -1.]
 [ 6.  6.]
 [-4.  2.]
 [ 7.  9.]
 [ 6. 10.]
 [-4. -2.]
 [ 6.  6.]
 [-4.  1.]
 [ 6. 10.]
 [ 7.  9.]
 [-4. -3.]
 [ 6.  6.]
 [-4.  0.]
 [ 7.  9.]
 [ 6. 10.]
 [-4. -4.]
 [ 6.  6.]
 [-4. -1.]
 [ 6. 10.]
 [ 7.  9.]
 [-4. -5.]
 [ 6.  6.]
 [-4. -2.]
 [ 7.  9.]
 [ 6. 10.]
 [-4. -5.]
 [ 6.  6.]
 [-4. -3.]
 [ 6. 10.]
 [ 7.  9.]
 [-4. -5.]
 [ 6.  6.]
 [-4. -3.]
 [ 6. 10.]
 [ 7.  9.]
 [-4. -5.]
 [ 6.  6.]
 [-4. -4.]
 [ 7.  9.]
 [ 6. 10.]
 [-4. -5.]
 [ 6.  6.]]
