Maze:
##########################
#                        #
#                        #
#                        #
#                        #
#                        #
#     ##############     #
#     #            #     #
#     #           A#     #
#     #            #     #
#     #            #     #
#     #            #     #
#     # C   D      #     #
#     #            #     #
#     #            #     #
#     #S           #     #
#     #     B      #     #
#     #            #     #
#     #            #     #
#     ##############     #
#                        #
#                        #
#                        #
#                        #
#                        #
##########################
[[ 1.  9.]
 [12.  2.]
 [ 6. 10.]
 [ 2.  6.]
 [ 6.  6.]
 [ 0.  8.]
 [11.  2.]
 [ 6. 10.]
 [ 1.  5.]
 [ 6.  6.]
 [ 0.  7.]
 [10.  2.]
 [ 6. 10.]
 [ 1.  4.]
 [ 6.  6.]
 [ 0.  6.]
 [ 9.  3.]
 [ 6. 10.]
 [ 1.  3.]
 [ 6.  6.]
 [ 0.  5.]
 [ 8.  4.]
 [ 6.  9.]
 [ 1.  2.]
 [ 6.  6.]
 [ 0.  4.]
 [ 7.  5.]
 [ 6.  8.]
 [ 1.  1.]
 [ 6.  6.]
 [ 0.  3.]
 [ 7.  5.]
 [ 6.  7.]
 [ 1.  0.]
 [ 6.  6.]
 [ 0.  2.]
 [ 7.  5.]
 [ 6.  7.]
 [ 1. -1.]
 [ 6.  6.]
 [ 0.  1.]
 [ 7.  5.]
 [ 6.  7.]
 [ 1. -2.]
 [ 6.  6.]
 [ 0.  0.]
 [ 7.  5.]
 [ 6.  7.]
 [ 1. -3.]
 [ 6.  6.]
 [ 0. -1.]
 [ 7.  5.]
 [ 6.  7.]
 [ 1. -4.]
 [ 6.  6.]
 [ 0. -2.]
 [ 7.  5.]
 [ 6.  7.]
 [ 1. -5.]
 [ 6.  6.]
 [ 0. -3.]
 [ 7.  5.]
 [ 6.  7.]
 [ 1. -5.]
 [ 6.  6.]
 [ 0. -4.]
 [ 7.  5.]
 [ 6.  7.]
 [ 1. -5.]
 [ 6.  6.]
 [ 1. -5.]
 [ 7.  5.]
 [ 6.  7.]
 [ 2. -5.]
 [ 6.  6.]
 [ 2. -5.]
 [ 7.  5.]
 [ 6.  7.]
 [ 3. -5.]
 [ 6.  6.]
 [ 3. -5.]
 [ 7.  5.]
 [ 6.  7.]
 [ 4. -5.]
 [ 6.  6.]
 [ 4. -5.]
 [ 7.  5.]
 [ 6.  7.]
 [ 5. -5.]
 [ 6.  6.]
 [ 5. -5.]
 [ 7.  5.]
 [ 6.  7.]
 [ 6. -5.]
 [ 6.  6.]
 [ 6. -5.]
 [ 7.  5.]
 [ 6.  7.]
 [ 7. -5.]
 [ 6.  6.]
 [ 6. -5.]
 [ 7.  5.]
 [ 6.  7.]
 [ 7. -5.]
 [ 6.  6.]
 [ 7. -5.]
 [ 7.  5.]
 [ 6.  7.]
 [ 8. -5.]
 [ 6.  6.]]
