Maze:
##########################
#                        #
#                        #
#                        #
#                        #
#                        #
#     ##############     #
#     #            #     #
#     #          A #     #
#     #            #     #
#     #            #     #
#     # D          #     #
#     #     C      #     #
#     #            #     #
#     #            #     #
#     #            #     #
#     #B           #     #
#     #            #     #
#     #    S       #     #
#     ##############     #
#                        #
#                        #
#                        #
#                        #
#                        #
##########################
[[ 5. 12.]
 [11.  2.]
 [ 1. 10.]
 [ 6.  6.]
 [ 2.  5.]
 [ 6. 12.]
 [10.  3.]
 [ 2. 11.]
 [ 6.  6.]
 [ 2.  5.]
 [ 7. 12.]
 [ 9.  4.]
 [ 3. 11.]
 [ 6.  6.]
 [ 2.  5.]
 [ 8. 12.]
 [ 8.  5.]
 [ 4. 11.]
 [ 6.  6.]
 [ 2.  5.]
 [ 9. 12.]
 [ 7.  5.]
 [ 5. 11.]
 [ 6.  6.]
 [ 1.  5.]
 [10. 12.]
 [ 7.  5.]
 [ 6. 11.]
 [ 6.  6.]
 [ 0.  5.]
 [11. 12.]
 [ 7.  5.]
 [ 7. 11.]
 [ 6.  6.]
 [ 0.  5.]
 [12. 12.]
 [ 7.  5.]
 [ 8. 11.]
 [ 6.  6.]
 [ 0.  5.]
 [13. 12.]
 [ 7.  5.]
 [ 9. 11.]
 [ 6.  6.]
 [ 0.  5.]
 [14. 12.]
 [ 7.  5.]
 [10. 11.]
 [ 6.  6.]
 [ 0.  5.]
 [15. 12.]
 [ 7.  5.]
 [11. 11.]
 [ 6.  6.]
 [ 0.  5.]
 [16. 12.]
 [ 7.  5.]
 [12. 11.]
 [ 6.  6.]
 [ 0.  5.]
 [17. 12.]
 [ 7.  5.]
 [13. 11.]
 [ 6.  6.]
 [ 0.  5.]
 [17. 12.]
 [ 7.  5.]
 [14. 11.]
 [ 6.  6.]
 [ 0.  5.]
 [17. 12.]
 [ 7.  5.]
 [15. 11.]
 [ 6.  6.]
 [ 0.  5.]
 [17. 12.]
 [ 7.  5.]
 [16. 11.]
 [ 6.  6.]
 [ 0.  5.]
 [17. 13.]
 [ 7.  5.]
 [17. 12.]
 [ 6.  6.]
 [ 0.  5.]
 [17. 14.]
 [ 7.  5.]
 [17. 13.]
 [ 6.  6.]
 [ 0.  5.]
 [17. 15.]
 [ 7.  5.]
 [17. 14.]
 [ 6.  6.]
 [ 0.  5.]
 [17. 16.]
 [ 7.  5.]
 [17. 15.]
 [ 6.  6.]
 [ 0.  5.]
 [17. 16.]
 [ 7.  5.]
 [17. 15.]
 [ 6.  6.]
 [ 0.  5.]
 [17. 17.]
 [ 7.  5.]
 [17. 16.]
 [ 6.  6.]
 [ 0.  5.]]
