Maze:
##########################
#                        #
#                        #
#                        #
#                        #
#                        #
#     ##############     #
#     #            #     #
#     # B          #     #
#     #            #     #
#     #            #     #
#     #            #     #
#     #     D      #     #
#     #            #     #
#     #            #     #
#     #            #     #
#     #         A  #     #
#     #    S       #     #
#     #C           #     #
#     ##############     #
#                        #
#                        #
#                        #
#                        #
#                        #
##########################
[[ 5. 11.]
 [10. 10.]
 [ 2.  2.]
 [ 1. 12.]
 [ 6.  6.]
 [ 4. 12.]
 [ 9. 10.]
 [ 2.  2.]
 [ 0. 12.]
 [ 6.  6.]
 [ 3. 13.]
 [ 8. 10.]
 [ 2.  2.]
 [-1. 12.]
 [ 6.  6.]
 [ 2. 13.]
 [ 7. 10.]
 [ 2.  2.]
 [-2. 12.]
 [ 6.  6.]
 [ 1. 13.]
 [ 6.  9.]
 [ 2.  2.]
 [-3. 12.]
 [ 6.  6.]
 [ 0. 13.]
 [ 6.  8.]
 [ 2.  2.]
 [-4. 12.]
 [ 6.  6.]
 [-1. 13.]
 [ 6.  7.]
 [ 2.  3.]
 [-5. 12.]
 [ 6.  6.]
 [-2. 13.]
 [ 6.  7.]
 [ 3.  4.]
 [-5. 12.]
 [ 6.  6.]
 [-3. 13.]
 [ 6.  7.]
 [ 4.  5.]
 [-5. 12.]
 [ 6.  6.]
 [-4. 13.]
 [ 6.  7.]
 [ 5.  6.]
 [-5. 12.]
 [ 6.  6.]
 [-5. 12.]
 [ 6.  7.]
 [ 5.  6.]
 [-5. 11.]
 [ 6.  6.]
 [-5. 11.]
 [ 6.  7.]
 [ 5.  6.]
 [-5. 10.]
 [ 6.  6.]
 [-5. 10.]
 [ 6.  7.]
 [ 5.  6.]
 [-5.  9.]
 [ 6.  6.]
 [-5.  9.]
 [ 6.  7.]
 [ 5.  6.]
 [-5.  8.]
 [ 6.  6.]
 [-5.  8.]
 [ 6.  7.]
 [ 5.  6.]
 [-5.  7.]
 [ 6.  6.]
 [-5.  7.]
 [ 6.  7.]
 [ 5.  6.]
 [-5.  6.]
 [ 6.  6.]
 [-5.  6.]
 [ 6.  7.]
 [ 5.  6.]
 [-5.  5.]
 [ 6.  6.]
 [-5.  5.]
 [ 6.  7.]
 [ 5.  6.]
 [-5.  4.]
 [ 6.  6.]
 [-5.  4.]
 [ 6.  7.]
 [ 5.  6.]
 [-5.  3.]
 [ 6.  6.]
 [-5.  3.]
 [ 6.  7.]
 [ 5.  6.]
 [-5.  2.]
 [ 6.  6.]
 [-5.  3.]
 [ 6.  7.]
 [ 5.  6.]
 [-5.  2.]
 [ 6.  6.]
 [-5.  2.]
 [ 6.  7.]
 [ 5.  6.]
 [-5.  1.]
 [ 6.  6.]]
