Maze:
##########################
#                        #
#                        #
#                        #
#                        #
#                        #
#     ##############     #
#     #            #     #
#     #            #     #
#     #           B#     #
#     # A          #     #
#     #            #     #
#     #     C      #     #
#     #            #     #
#     #        S   #     #
#     #            #     #
#     #          D #     #
#     #            #     #
#     #            #     #
#     ##############     #
#                        #
#                        #
#                        #
#                        #
#                        #
##########################
[[ 9.  8.]
 [ 2.  4.]
 [12.  3.]
 [ 6.  6.]
 [11. 10.]
 [ 8.  7.]
 [ 3.  4.]
 [12.  3.]
 [ 6.  6.]
 [12. 11.]
 [ 7.  7.]
 [ 4.  4.]
 [12.  3.]
 [ 6.  6.]
 [13. 11.]
 [ 7.  7.]
 [ 5.  5.]
 [12.  3.]
 [ 6.  6.]
 [13. 11.]
 [ 7.  7.]
 [ 5.  5.]
 [11.  3.]
 [ 6.  6.]
 [13. 11.]
 [ 7.  7.]
 [ 5.  5.]
 [10.  3.]
 [ 6.  6.]
 [13. 11.]
 [ 7.  7.]
 [ 5.  5.]
 [ 9.  4.]
 [ 6.  6.]
 [13. 11.]
 [ 6.  7.]
 [ 5.  5.]
 [ 8.  5.]
 [ 6.  6.]
 [13. 11.]
 [ 6.  7.]
 [ 5.  5.]
 [ 7.  5.]
 [ 6.  6.]
 [13. 11.]
 [ 6.  7.]
 [ 5.  5.]
 [ 6.  4.]
 [ 6.  6.]
 [13. 11.]
 [ 6.  7.]
 [ 6.  5.]
 [ 5.  5.]
 [ 6.  6.]
 [13. 11.]
 [ 6.  7.]
 [ 5.  6.]
 [ 6.  5.]
 [ 6.  6.]
 [13. 11.]
 [ 7.  6.]
 [ 5.  6.]
 [ 5.  5.]
 [ 6.  6.]
 [13. 11.]
 [ 7.  6.]
 [ 6.  5.]
 [ 5.  6.]
 [ 6.  6.]
 [13. 11.]
 [ 6.  7.]
 [ 6.  5.]
 [ 5.  5.]
 [ 6.  6.]
 [13. 11.]
 [ 6.  7.]
 [ 5.  6.]
 [ 6.  5.]
 [ 6.  6.]
 [13. 11.]
 [ 7.  6.]
 [ 5.  6.]
 [ 5.  5.]
 [ 6.  6.]
 [13. 11.]
 [ 7.  6.]
 [ 6.  5.]
 [ 5.  6.]
 [ 6.  6.]
 [13. 11.]
 [ 6.  7.]
 [ 6.  5.]
 [ 5.  5.]
 [ 6.  6.]
 [13. 11.]
 [ 6.  7.]
 [ 5.  6.]
 [ 6.  5.]
 [ 6.  6.]
 [13. 11.]
 [ 6.  7.]
 [ 5.  6.]
 [ 6.  5.]
 [ 6.  6.]
 [13. 11.]
 [ 7.  6.]
 [ 5.  6.]
 [ 5.  5.]
 [ 6.  6.]
 [13. 11.]]
