Maze:
##########################
#                        #
#                        #
#                        #
#                        #
#                        #
#     ##############     #
#     #           B#     #
#     #            #     #
#     #            #     #
#     #            #     #
#     #            #     #
#     #     SD     #     #
#     # C          #     #
#     #            #     #
#     #            #     #
#     #    A       #     #
#     #            #     #
#     #            #     #
#     ##############     #
#                        #
#                        #
#                        #
#                        #
#                        #
##########################
[[ 6.  6.]
 [ 5. 10.]
 [12.  1.]
 [ 2.  7.]
 [ 7.  6.]
 [ 6.  6.]
 [ 5.  9.]
 [12.  1.]
 [ 1.  8.]
 [ 8.  6.]
 [ 6.  6.]
 [ 5.  8.]
 [12.  1.]
 [ 1.  9.]
 [ 9.  6.]
 [ 6.  6.]
 [ 5.  7.]
 [12.  1.]
 [ 2.  9.]
 [10.  6.]
 [ 6.  6.]
 [ 5.  7.]
 [12.  1.]
 [ 3.  8.]
 [11.  6.]
 [ 6.  6.]
 [ 4.  6.]
 [12.  1.]
 [ 4.  8.]
 [12.  6.]
 [ 6.  6.]
 [ 4.  6.]
 [12.  1.]
 [ 4.  8.]
 [13.  5.]
 [ 6.  6.]
 [ 4.  6.]
 [12.  1.]
 [ 4.  8.]
 [13.  4.]
 [ 6.  6.]
 [ 4.  6.]
 [12.  1.]
 [ 4.  8.]
 [13.  3.]
 [ 6.  6.]
 [ 4.  6.]
 [12.  1.]
 [ 4.  8.]
 [13.  2.]
 [ 6.  6.]
 [ 4.  6.]
 [12.  2.]
 [ 4.  8.]
 [12.  1.]
 [ 6.  6.]
 [ 4.  6.]
 [11.  1.]
 [ 4.  8.]
 [12.  2.]
 [ 6.  6.]
 [ 4.  6.]
 [11.  2.]
 [ 4.  8.]
 [11.  1.]
 [ 6.  6.]
 [ 4.  6.]
 [10.  1.]
 [ 4.  8.]
 [11.  2.]
 [ 6.  6.]
 [ 4.  6.]
 [10.  2.]
 [ 4.  8.]
 [10.  1.]
 [ 6.  6.]
 [ 4.  6.]
 [ 9.  2.]
 [ 4.  8.]
 [10.  2.]
 [ 6.  6.]
 [ 4.  6.]
 [ 9.  3.]
 [ 4.  8.]
 [ 9.  2.]
 [ 6.  6.]
 [ 4.  6.]
 [ 8.  3.]
 [ 4.  8.]
 [ 9.  3.]
 [ 6.  6.]
 [ 4.  6.]
 [ 8.  4.]
 [ 4.  8.]
 [ 8.  3.]
 [ 6.  6.]
 [ 5.  7.]
 [ 7.  4.]
 [ 4.  7.]
 [ 8.  4.]
 [ 6.  6.]
 [ 5.  7.]
 [ 7.  4.]
 [ 4.  7.]
 [ 8.  4.]
 [ 6.  6.]
 [ 4.  7.]
 [ 7.  5.]
 [ 5.  7.]
 [ 7.  4.]]
