Maze:
##########################
#                        #
#                        #
#                        #
#                        #
#                        #
#     ##############     #
#     #            #     #
#     #            #     #
#     #         B  #     #
#     #            #     #
#     #            #     #
#     #     D      #     #
#     #            #     #
#     #            #     #
#     #        S   #     #
#     #    C       #     #
#     #            #     #
#     # A          #     #
#     ##############     #
#                        #
#                        #
#                        #
#                        #
#                        #
##########################
[[ 9.  9.]
 [ 2. 12.]
 [10.  3.]
 [ 5. 10.]
 [ 6.  6.]
 [ 9. 10.]
 [ 3. 11.]
 [10.  4.]
 [ 4. 11.]
 [ 6.  6.]
 [ 9. 11.]
 [ 4. 11.]
 [10.  5.]
 [ 3. 11.]
 [ 6.  6.]
 [ 9. 12.]
 [ 3. 11.]
 [10.  6.]
 [ 4. 11.]
 [ 6.  6.]
 [ 9. 13.]
 [ 4. 11.]
 [10.  7.]
 [ 3. 11.]
 [ 6.  6.]
 [ 9. 14.]
 [ 3. 11.]
 [10.  8.]
 [ 4. 11.]
 [ 6.  6.]
 [ 9. 15.]
 [ 4. 11.]
 [10.  9.]
 [ 3. 11.]
 [ 6.  6.]
 [ 9. 16.]
 [ 3. 11.]
 [10. 10.]
 [ 4. 11.]
 [ 6.  6.]
 [ 9. 17.]
 [ 4. 11.]
 [10. 11.]
 [ 3. 11.]
 [ 6.  6.]
 [ 9. 17.]
 [ 3. 11.]
 [10. 12.]
 [ 4. 11.]
 [ 6.  6.]
 [ 9. 17.]
 [ 4. 11.]
 [10. 13.]
 [ 3. 11.]
 [ 6.  6.]
 [ 9. 17.]
 [ 3. 11.]
 [10. 14.]
 [ 4. 11.]
 [ 6.  6.]
 [ 9. 17.]
 [ 4. 11.]
 [10. 15.]
 [ 3. 11.]
 [ 6.  6.]
 [ 9. 17.]
 [ 3. 11.]
 [10. 16.]
 [ 4. 11.]
 [ 6.  6.]
 [ 8. 17.]
 [ 4. 11.]
 [ 9. 17.]
 [ 3. 11.]
 [ 6.  6.]
 [ 7. 17.]
 [ 3. 11.]
 [ 8. 17.]
 [ 4. 11.]
 [ 6.  6.]
 [ 6. 17.]
 [ 4. 11.]
 [ 7. 17.]
 [ 3. 11.]
 [ 6.  6.]
 [ 5. 17.]
 [ 3. 11.]
 [ 6. 17.]
 [ 4. 11.]
 [ 6.  6.]
 [ 4. 17.]
 [ 4. 11.]
 [ 5. 17.]
 [ 3. 11.]
 [ 6.  6.]
 [ 3. 17.]
 [ 3. 11.]
 [ 4. 17.]
 [ 4. 11.]
 [ 6.  6.]
 [ 3. 17.]
 [ 3. 11.]
 [ 4. 17.]
 [ 4. 11.]
 [ 6.  6.]
 [ 2. 17.]
 [ 4. 11.]
 [ 3. 17.]
 [ 3. 11.]
 [ 6.  6.]]
