Maze:
##########################
#                        #
#                        #
#                        #
#                        #
#                        #
#     ##############     #
#     #         D  #     #
#     #B          C#     #
#     #            #     #
#     #            #     #
#     # A          #     #
#     #     S      #     #
#     #            #     #
#     #            #     #
#     #            #     #
#     #            #     #
#     #            #     #
#     #            #     #
#     ##############     #
#                        #
#                        #
#                        #
#                        #
#                        #
##########################
[[ 6.  6.]
 [ 2.  5.]
 [ 1.  2.]
 [12.  2.]
 [10.  1.]
 [ 6.  6.]
 [ 2.  4.]
 [ 1.  3.]
 [13.  2.]
 [11.  1.]
 [ 6.  6.]
 [ 1.  3.]
 [ 2.  4.]
 [14.  2.]
 [12.  1.]
 [ 6.  6.]
 [ 2.  4.]
 [ 1.  3.]
 [15.  2.]
 [13.  1.]
 [ 6.  6.]
 [ 1.  3.]
 [ 2.  4.]
 [16.  2.]
 [14.  1.]
 [ 6.  6.]
 [ 2.  4.]
 [ 1.  3.]
 [17.  2.]
 [15.  1.]
 [ 6.  6.]
 [ 1.  3.]
 [ 2.  4.]
 [17.  2.]
 [16.  1.]
 [ 6.  6.]
 [ 2.  4.]
 [ 1.  3.]
 [17.  3.]
 [17.  2.]
 [ 6.  6.]
 [ 1.  3.]
 [ 2.  4.]
 [17.  4.]
 [17.  3.]
 [ 6.  6.]
 [ 2.  4.]
 [ 1.  3.]
 [17.  5.]
 [17.  4.]
 [ 6.  6.]
 [ 1.  3.]
 [ 2.  4.]
 [17.  6.]
 [17.  5.]
 [ 6.  6.]
 [ 2.  4.]
 [ 1.  3.]
 [17.  7.]
 [17.  6.]
 [ 6.  6.]
 [ 1.  3.]
 [ 2.  4.]
 [17.  8.]
 [17.  7.]
 [ 6.  6.]
 [ 2.  4.]
 [ 1.  3.]
 [17.  9.]
 [17.  8.]
 [ 6.  6.]
 [ 1.  3.]
 [ 2.  4.]
 [17. 10.]
 [17.  9.]
 [ 6.  6.]
 [ 2.  4.]
 [ 1.  3.]
 [17. 11.]
 [17. 10.]
 [ 6.  6.]
 [ 1.  3.]
 [ 2.  4.]
 [17. 12.]
 [17. 11.]
 [ 6.  6.]
 [ 2.  4.]
 [ 1.  3.]
 [17. 13.]
 [17. 12.]
 [ 6.  6.]
 [ 1.  3.]
 [ 2.  4.]
 [17. 14.]
 [17. 13.]
 [ 6.  6.]
 [ 2.  4.]
 [ 1.  3.]
 [17. 15.]
 [17. 14.]
 [ 6.  6.]
 [ 2.  4.]
 [ 1.  3.]
 [17. 15.]
 [17. 14.]
 [ 6.  6.]
 [ 1.  3.]
 [ 2.  4.]
 [17. 16.]
 [17. 15.]]
