Maze:
##########################
#                        #
#                        #
#                        #
#                        #
#                        #
#     ##############     #
#     #            #     #
#     #            #     #
#     #  D         #     #
#     #         A  #     #
#     #            #     #
#     #     C      #     #
#     #   S        #     #
#     #            #     #
#     #            #     #
#     #            #     #
#     #            #     #
#     #        B   #     #
#     ##############     #
#                        #
#                        #
#                        #
#                        #
#                        #
##########################
[[ 4.  7.]
 [10.  4.]
 [ 9. 12.]
 [ 6.  6.]
 [ 3.  3.]
 [ 5.  7.]
 [ 9.  5.]
 [ 9. 12.]
 [ 6.  6.]
 [ 2.  2.]
 [ 5.  7.]
 [ 8.  5.]
 [ 9. 11.]
 [ 6.  6.]
 [ 1.  1.]
 [ 5.  7.]
 [ 7.  6.]
 [ 9. 10.]
 [ 6.  6.]
 [ 1.  1.]
 [ 5.  7.]
 [ 7.  6.]
 [ 8.  9.]
 [ 6.  6.]
 [ 1.  1.]
 [ 5.  6.]
 [ 7.  6.]
 [ 7.  8.]
 [ 6.  6.]
 [ 1.  1.]
 [ 5.  6.]
 [ 7.  6.]
 [ 7.  7.]
 [ 6.  6.]
 [ 0.  0.]
 [ 5.  6.]
 [ 6.  7.]
 [ 7.  6.]
 [ 6.  6.]
 [ 0.  0.]
 [ 6.  5.]
 [ 6.  7.]
 [ 7.  7.]
 [ 6.  6.]
 [ 0.  0.]
 [ 6.  5.]
 [ 7.  6.]
 [ 6.  7.]
 [ 6.  6.]
 [ 0.  0.]
 [ 5.  6.]
 [ 7.  6.]
 [ 7.  7.]
 [ 6.  6.]
 [ 0.  0.]
 [ 5.  6.]
 [ 6.  7.]
 [ 7.  6.]
 [ 6.  6.]
 [ 0.  0.]
 [ 6.  5.]
 [ 6.  7.]
 [ 7.  7.]
 [ 6.  6.]
 [ 0.  0.]
 [ 6.  5.]
 [ 7.  6.]
 [ 6.  7.]
 [ 6.  6.]
 [ 0.  0.]
 [ 5.  6.]
 [ 7.  6.]
 [ 7.  7.]
 [ 6.  6.]
 [ 0.  0.]
 [ 5.  6.]
 [ 6.  7.]
 [ 7.  6.]
 [ 6.  6.]
 [ 0.  0.]
 [ 6.  5.]
 [ 6.  7.]
 [ 7.  7.]
 [ 6.  6.]
 [ 0.  0.]
 [ 6.  5.]
 [ 7.  6.]
 [ 6.  7.]
 [ 6.  6.]
 [ 0.  0.]
 [ 5.  6.]
 [ 7.  6.]
 [ 7.  7.]
 [ 6.  6.]
 [ 0.  0.]
 [ 5.  6.]
 [ 6.  7.]
 [ 7.  6.]
 [ 6.  6.]
 [ 0.  0.]
 [ 5.  6.]
 [ 6.  7.]
 [ 7.  6.]
 [ 6.  6.]
 [ 0.  0.]
 [ 6.  5.]
 [ 6.  7.]
 [ 7.  7.]
 [ 6.  6.]
 [ 0.  0.]]
