Maze:
##########################
#                        #
#                        #
#                        #
#                        #
#                        #
#     ##############     #
#     #            #     #
#     # C          #     #
#     #            #     #
#     #A           #     #
#     #            #     #
#     #     D      #     #
#     #            #     #
#     #       S    #     #
#     #            #     #
#     #            #     #
#     #           B#     #
#     #            #     #
#     ##############     #
#                        #
#                        #
#                        #
#                        #
#                        #
##########################
[[ 8.  8.]
 [ 1.  4.]
 [12. 11.]
 [ 2.  2.]
 [ 6.  6.]
 [ 9.  9.]
 [ 2.  3.]
 [11. 10.]
 [ 1.  3.]
 [ 6.  6.]
 [ 8.  9.]
 [ 1.  3.]
 [10. 10.]
 [ 2.  3.]
 [ 6.  6.]
 [ 7.  9.]
 [ 2.  3.]
 [ 9. 10.]
 [ 1.  3.]
 [ 6.  6.]
 [ 6.  9.]
 [ 1.  3.]
 [ 8. 10.]
 [ 2.  3.]
 [ 6.  6.]
 [ 5.  9.]
 [ 2.  3.]
 [ 7. 10.]
 [ 1.  3.]
 [ 6.  6.]
 [ 4.  9.]
 [ 1.  3.]
 [ 6. 10.]
 [ 2.  3.]
 [ 6.  6.]
 [ 3.  9.]
 [ 2.  3.]
 [ 5. 10.]
 [ 1.  3.]
 [ 6.  6.]
 [ 2.  9.]
 [ 1.  3.]
 [ 4. 10.]
 [ 2.  3.]
 [ 6.  6.]
 [ 1.  9.]
 [ 2.  3.]
 [ 3. 10.]
 [ 1.  3.]
 [ 6.  6.]
 [ 0.  9.]
 [ 1.  3.]
 [ 2. 10.]
 [ 2.  3.]
 [ 6.  6.]
 [-1.  9.]
 [ 2.  3.]
 [ 1. 10.]
 [ 1.  3.]
 [ 6.  6.]
 [-2.  9.]
 [ 1.  3.]
 [ 0. 10.]
 [ 2.  3.]
 [ 6.  6.]
 [-3.  9.]
 [ 2.  3.]
 [-1. 10.]
 [ 1.  3.]
 [ 6.  6.]
 [-4.  9.]
 [ 1.  3.]
 [-2. 10.]
 [ 2.  3.]
 [ 6.  6.]
 [-5.  9.]
 [ 2.  3.]
 [-3. 10.]
 [ 1.  3.]
 [ 6.  6.]
 [-5.  9.]
 [ 1.  3.]
 [-4. 10.]
 [ 2.  3.]
 [ 6.  6.]
 [-5.  8.]
 [ 2.  3.]
 [-5.  9.]
 [ 1.  3.]
 [ 6.  6.]
 [-5.  7.]
 [ 1.  3.]
 [-5.  8.]
 [ 2.  3.]
 [ 6.  6.]
 [-5.  6.]
 [ 2.  3.]
 [-5.  7.]
 [ 1.  3.]
 [ 6.  6.]
 [-5.  6.]
 [ 2.  3.]
 [-5.  7.]
 [ 1.  3.]
 [ 6.  6.]
 [-5.  5.]
 [ 1.  3.]
 [-5.  6.]
 [ 2.  3.]
 [ 6.  6.]]
