Maze:
##########################
#                        #
#                        #
#                        #
#                        #
#                        #
#     ##############     #
#     #            #     #
#     #            #     #
#     #            #     #
#     #            #     #
#     #            #     #
#     #    CD      #     #
#     #            #     #
#     #            #     #
#     #            #     #
#     #       S    #     #
#     #        B   #     #
#     #      A     #     #
#     ##############     #
#                        #
#                        #
#                        #
#                        #
#                        #
##########################
[[ 8. 10.]
 [ 7. 12.]
 [ 9. 11.]
 [ 5.  6.]
 [ 6.  6.]
 [ 7.  9.]
 [ 7. 12.]
 [ 9. 11.]
 [ 4.  6.]
 [ 6.  6.]
 [ 6.  8.]
 [ 7. 12.]
 [ 9. 11.]
 [ 3.  6.]
 [ 6.  6.]
 [ 5.  9.]
 [ 7. 12.]
 [ 9. 11.]
 [ 2.  6.]
 [ 6.  6.]
 [ 4.  9.]
 [ 7. 12.]
 [ 9. 11.]
 [ 1.  6.]
 [ 6.  6.]
 [ 3.  9.]
 [ 7. 12.]
 [ 9. 11.]
 [ 0.  6.]
 [ 6.  6.]
 [ 2.  9.]
 [ 7. 12.]
 [ 9. 11.]
 [-1.  6.]
 [ 6.  6.]
 [ 1.  9.]
 [ 7. 12.]
 [ 9. 11.]
 [-2.  6.]
 [ 6.  6.]
 [ 0.  9.]
 [ 7. 12.]
 [ 9. 11.]
 [-3.  6.]
 [ 6.  6.]
 [-1.  9.]
 [ 7. 12.]
 [ 9. 11.]
 [-4.  6.]
 [ 6.  6.]
 [-2.  9.]
 [ 7. 12.]
 [ 9. 11.]
 [-5.  6.]
 [ 6.  6.]
 [-3.  9.]
 [ 7. 12.]
 [ 9. 11.]
 [-5.  6.]
 [ 6.  6.]
 [-4.  8.]
 [ 7. 12.]
 [ 9. 11.]
 [-5.  5.]
 [ 6.  6.]
 [-5.  7.]
 [ 7. 12.]
 [ 9. 11.]
 [-5.  4.]
 [ 6.  6.]
 [-5.  6.]
 [ 7. 12.]
 [ 9. 11.]
 [-5.  3.]
 [ 6.  6.]
 [-5.  5.]
 [ 7. 12.]
 [ 9. 11.]
 [-5.  2.]
 [ 6.  6.]
 [-5.  4.]
 [ 7. 12.]
 [ 9. 11.]
 [-5.  1.]
 [ 6.  6.]
 [-5.  3.]
 [ 7. 12.]
 [ 9. 11.]
 [-5.  0.]
 [ 6.  6.]
 [-5.  2.]
 [ 7. 12.]
 [ 9. 11.]
 [-5. -1.]
 [ 6.  6.]
 [-5.  1.]
 [ 7. 12.]
 [ 9. 11.]
 [-5. -2.]
 [ 6.  6.]
 [-5.  1.]
 [ 7. 12.]
 [ 9. 11.]
 [-5. -2.]
 [ 6.  6.]
 [-5.  0.]
 [ 7. 12.]
 [ 9. 11.]
 [-5. -3.]
 [ 6.  6.]]
