Maze:
##########################
#                        #
#                        #
#                        #
#                        #
#                        #
#     ##############     #
#     #         A  #     #
#     #       S    #     #
#     #      D     #     #
#     #            #     #
#     #            #     #
#     #     C      #     #
#     #        B   #     #
#     #            #     #
#     #            #     #
#     #            #     #
#     #            #     #
#     #            #     #
#     ##############     #
#                        #
#                        #
#                        #
#                        #
#                        #
##########################
[[ 8.  2.]
 [10.  1.]
 [ 9.  7.]
 [ 6.  6.]
 [ 7.  3.]
 [ 9.  1.]
 [ 9.  2.]
 [10.  7.]
 [ 6.  6.]
 [ 6.  4.]
 [ 9.  0.]
 [ 9.  1.]
 [11.  6.]
 [ 6.  6.]
 [ 6.  5.]
 [ 9. -1.]
 [ 9.  0.]
 [11.  5.]
 [ 6.  6.]
 [ 6.  5.]
 [ 9. -2.]
 [ 9. -1.]
 [11.  4.]
 [ 6.  6.]
 [ 6.  5.]
 [ 9. -3.]
 [ 9. -2.]
 [11.  3.]
 [ 6.  6.]
 [ 6.  5.]
 [ 9. -4.]
 [ 9. -3.]
 [11.  2.]
 [ 6.  6.]
 [ 6.  5.]
 [ 9. -5.]
 [ 9. -4.]
 [11.  1.]
 [ 6.  6.]
 [ 6.  5.]
 [ 9. -5.]
 [ 9. -4.]
 [11.  0.]
 [ 6.  6.]
 [ 6.  5.]
 [ 9. -5.]
 [ 9. -4.]
 [11. -1.]
 [ 6.  6.]
 [ 6.  5.]
 [ 9. -5.]
 [ 9. -4.]
 [11. -2.]
 [ 6.  6.]
 [ 6.  5.]
 [ 9. -5.]
 [ 9. -4.]
 [10. -3.]
 [ 6.  6.]
 [ 6.  5.]
 [ 9. -5.]
 [10. -4.]
 [ 9. -4.]
 [ 6.  6.]
 [ 6.  5.]
 [ 9. -5.]
 [ 9. -4.]
 [10. -5.]
 [ 6.  6.]
 [ 6.  5.]
 [ 8. -5.]
 [ 9. -4.]
 [10. -5.]
 [ 6.  6.]
 [ 6.  5.]
 [ 7. -5.]
 [ 9. -5.]
 [ 9. -4.]
 [ 6.  6.]
 [ 6.  5.]
 [ 6. -5.]
 [ 9. -4.]
 [ 9. -5.]
 [ 6.  6.]
 [ 6.  5.]
 [ 5. -5.]
 [ 9. -5.]
 [ 9. -4.]
 [ 6.  6.]
 [ 6.  5.]
 [ 4. -5.]
 [ 9. -4.]
 [ 9. -5.]
 [ 6.  6.]
 [ 6.  5.]
 [ 3. -5.]
 [ 9. -5.]
 [ 9. -4.]
 [ 6.  6.]
 [ 6.  5.]
 [ 3. -5.]
 [ 9. -5.]
 [ 9. -4.]
 [ 6.  6.]
 [ 6.  5.]
 [ 2. -5.]
 [ 9. -4.]
 [ 9. -5.]
 [ 6.  6.]
 [ 6.  5.]]
