Maze:
##########################
#                        #
#                        #
#                        #
#                        #
#                        #
#     ##############     #
#     #   A        #     #
#     #            #     #
#     #            #     #
#     #    S       #     #
#     #            #     #
#     #     D      #     #
#     #            #     #
#     #            #     #
#     #      C     #     #
#     #            #     #
#     #            #     #
#     #       B    #     #
#     ##############     #
#                        #
#                        #
#                        #
#                        #
#                        #
##########################
[[ 5.  4.]
 [ 4.  1.]
 [ 8. 12.]
 [ 7.  9.]
 [ 6.  6.]
 [ 4.  3.]
 [ 4.  2.]
 [ 8. 13.]
 [ 7. 10.]
 [ 6.  6.]
 [ 4.  4.]
 [ 4.  3.]
 [ 8. 14.]
 [ 7. 11.]
 [ 6.  6.]
 [ 4.  5.]
 [ 4.  4.]
 [ 8. 15.]
 [ 7. 12.]
 [ 6.  6.]
 [ 4.  6.]
 [ 4.  5.]
 [ 8. 16.]
 [ 7. 12.]
 [ 6.  6.]
 [ 4.  7.]
 [ 4.  6.]
 [ 8. 17.]
 [ 7. 13.]
 [ 6.  6.]
 [ 4.  8.]
 [ 4.  7.]
 [ 8. 17.]
 [ 7. 13.]
 [ 6.  6.]
 [ 4.  9.]
 [ 4.  8.]
 [ 8. 17.]
 [ 7. 13.]
 [ 6.  6.]
 [ 4. 10.]
 [ 4.  9.]
 [ 8. 17.]
 [ 7. 13.]
 [ 6.  6.]
 [ 4. 11.]
 [ 4. 10.]
 [ 8. 17.]
 [ 7. 13.]
 [ 6.  6.]
 [ 4. 12.]
 [ 4. 11.]
 [ 8. 17.]
 [ 7. 13.]
 [ 6.  6.]
 [ 4. 13.]
 [ 4. 12.]
 [ 8. 17.]
 [ 6. 13.]
 [ 6.  6.]
 [ 4. 14.]
 [ 4. 13.]
 [ 7. 17.]
 [ 5. 12.]
 [ 6.  6.]
 [ 4. 15.]
 [ 5. 13.]
 [ 6. 16.]
 [ 4. 13.]
 [ 6.  6.]
 [ 3. 14.]
 [ 4. 13.]
 [ 5. 15.]
 [ 5. 13.]
 [ 6.  6.]
 [ 2. 14.]
 [ 5. 13.]
 [ 4. 15.]
 [ 4. 13.]
 [ 6.  6.]
 [ 1. 13.]
 [ 4. 13.]
 [ 3. 14.]
 [ 5. 13.]
 [ 6.  6.]
 [ 0. 13.]
 [ 5. 13.]
 [ 3. 13.]
 [ 4. 13.]
 [ 6.  6.]
 [-1. 13.]
 [ 4. 13.]
 [ 2. 13.]
 [ 5. 13.]
 [ 6.  6.]
 [-2. 13.]
 [ 5. 13.]
 [ 3. 13.]
 [ 4. 13.]
 [ 6.  6.]
 [-2. 13.]
 [ 5. 13.]
 [ 3. 13.]
 [ 4. 13.]
 [ 6.  6.]
 [-3. 13.]
 [ 4. 13.]
 [ 2. 13.]
 [ 5. 13.]
 [ 6.  6.]]
