Maze:
##########################
#                        #
#                        #
#                        #
#                        #
#                        #
#     ##############     #
#     #            #     #
#     #            #     #
#     #            #     #
#     #     S      #     #
#     #            #     #
#     #     CB     #     #
#     #            #     #
#     #       D    #     #
#     #            #     #
#     #            #     #
#     #            #     #
#     #  A         #     #
#     ##############     #
#                        #
#                        #
#                        #
#                        #
#                        #
##########################
[[ 6.  4.]
 [ 3. 12.]
 [ 7.  6.]
 [ 6.  6.]
 [ 8.  8.]
 [ 5.  4.]
 [ 4. 11.]
 [ 8.  6.]
 [ 6.  6.]
 [ 8.  7.]
 [ 4.  5.]
 [ 4. 10.]
 [ 9.  6.]
 [ 6.  6.]
 [ 8.  6.]
 [ 5.  6.]
 [ 5.  9.]
 [ 9.  6.]
 [ 6.  6.]
 [ 8.  6.]
 [ 5.  6.]
 [ 5.  8.]
 [ 8.  6.]
 [ 6.  6.]
 [ 9.  6.]
 [ 5.  6.]
 [ 5.  7.]
 [ 9.  7.]
 [ 6.  6.]
 [ 8.  6.]
 [ 6.  5.]
 [ 5.  7.]
 [ 8.  7.]
 [ 6.  6.]
 [ 9.  6.]
 [ 6.  5.]
 [ 5.  7.]
 [ 7.  6.]
 [ 6.  6.]
 [ 9.  7.]
 [ 5.  5.]
 [ 5.  7.]
 [ 8.  5.]
 [ 6.  6.]
 [ 9.  6.]
 [ 5.  5.]
 [ 5.  7.]
 [ 7.  5.]
 [ 6.  6.]
 [ 9.  5.]
 [ 4.  6.]
 [ 5.  7.]
 [ 7.  4.]
 [ 6.  6.]
 [ 8.  5.]
 [ 3.  5.]
 [ 5.  6.]
 [ 6.  3.]
 [ 6.  6.]
 [ 8.  4.]
 [ 2.  5.]
 [ 5.  6.]
 [ 5.  4.]
 [ 6.  6.]
 [ 8.  3.]
 [ 1.  5.]
 [ 5.  6.]
 [ 4.  5.]
 [ 6.  6.]
 [ 8.  3.]
 [ 0.  5.]
 [ 5.  6.]
 [ 4.  6.]
 [ 6.  6.]
 [ 9.  2.]
 [-1.  5.]
 [ 5.  6.]
 [ 4.  6.]
 [ 6.  6.]
 [ 9.  2.]
 [-2.  5.]
 [ 5.  6.]
 [ 4.  6.]
 [ 6.  6.]
 [ 9.  2.]
 [-3.  5.]
 [ 5.  6.]
 [ 4.  6.]
 [ 6.  6.]
 [ 9.  2.]
 [-4.  5.]
 [ 5.  6.]
 [ 4.  6.]
 [ 6.  6.]
 [ 9.  2.]
 [-5.  5.]
 [ 5.  6.]
 [ 4.  6.]
 [ 6.  6.]
 [ 9.  2.]
 [-5.  5.]
 [ 5.  6.]
 [ 4.  6.]
 [ 6.  6.]
 [ 9.  2.]]
