Maze:
##########################
#                        #
#                        #
#                        #
#                        #
#                        #
#     ##############     #
#     #            #     #
#     #            #     #
#     #         B  #     #
#     #    S       #     #
#     #            #     #
#     #     AC     #     #
#     #            #     #
#     #     D      #     #
#     #            #     #
#     #            #     #
#     #            #     #
#     #            #     #
#     ##############     #
#                        #
#                        #
#                        #
#                        #
#                        #
##########################
[[ 5.  4.]
 [ 6.  6.]
 [10.  3.]
 [ 7.  6.]
 [ 6.  8.]
 [ 5.  3.]
 [ 6.  6.]
 [ 9.  3.]
 [ 7.  6.]
 [ 6.  9.]
 [ 4.  2.]
 [ 6.  6.]
 [ 8.  3.]
 [ 7.  6.]
 [ 6. 10.]
 [ 3.  2.]
 [ 6.  6.]
 [ 7.  3.]
 [ 7.  6.]
 [ 6. 11.]
 [ 2.  2.]
 [ 6.  6.]
 [ 6.  3.]
 [ 7.  6.]
 [ 6. 12.]
 [ 1.  2.]
 [ 6.  6.]
 [ 5.  3.]
 [ 7.  6.]
 [ 6. 13.]
 [ 0.  2.]
 [ 6.  6.]
 [ 4.  3.]
 [ 7.  6.]
 [ 6. 13.]
 [-1.  2.]
 [ 6.  6.]
 [ 3.  3.]
 [ 7.  6.]
 [ 6. 13.]
 [-2.  2.]
 [ 6.  6.]
 [ 2.  3.]
 [ 7.  6.]
 [ 6. 13.]
 [-3.  2.]
 [ 6.  6.]
 [ 1.  3.]
 [ 7.  6.]
 [ 6. 13.]
 [-4.  2.]
 [ 6.  6.]
 [ 0.  3.]
 [ 7.  6.]
 [ 6. 13.]
 [-5.  2.]
 [ 6.  6.]
 [-1.  3.]
 [ 7.  6.]
 [ 6. 13.]
 [-5.  2.]
 [ 6.  6.]
 [-2.  3.]
 [ 7.  6.]
 [ 6. 13.]
 [-5.  2.]
 [ 6.  6.]
 [-3.  3.]
 [ 7.  6.]
 [ 6. 13.]
 [-5.  2.]
 [ 6.  6.]
 [-4.  3.]
 [ 7.  6.]
 [ 6. 13.]
 [-5.  1.]
 [ 6.  6.]
 [-5.  2.]
 [ 7.  6.]
 [ 6. 13.]
 [-5.  0.]
 [ 6.  6.]
 [-5.  1.]
 [ 7.  6.]
 [ 6. 13.]
 [-5. -1.]
 [ 6.  6.]
 [-5.  0.]
 [ 7.  6.]
 [ 6. 13.]
 [-5. -2.]
 [ 6.  6.]
 [-5. -1.]
 [ 7.  6.]
 [ 6. 13.]
 [-5. -3.]
 [ 6.  6.]
 [-5. -2.]
 [ 7.  6.]
 [ 6. 13.]
 [-5. -3.]
 [ 6.  6.]
 [-5. -2.]
 [ 7.  6.]
 [ 6. 13.]
 [-5. -4.]
 [ 6.  6.]
 [-5. -3.]
 [ 7.  6.]
 [ 6. 13.]]
