Maze:
##########################
#                        #
#                        #
#                        #
#                        #
#                        #
#     ##############     #
#     #        A   #     #
#     #            #     #
#     #            #     #
#     #           C#     #
#     #            #     #
#     # B   D      #     #
#     #            #     #
#     #            #     #
#     #            #     #
#     #  S         #     #
#     #            #     #
#     #            #     #
#     ##############     #
#                        #
#                        #
#                        #
#                        #
#                        #
##########################
[[ 3. 10.]
 [ 9.  1.]
 [ 2.  6.]
 [12.  4.]
 [ 6.  6.]
 [ 3. 11.]
 [ 9.  2.]
 [ 2.  7.]
 [12.  3.]
 [ 6.  6.]
 [ 3. 12.]
 [10.  3.]
 [ 2.  8.]
 [11.  2.]
 [ 6.  6.]
 [ 3. 13.]
 [11.  2.]
 [ 2.  9.]
 [10.  3.]
 [ 6.  6.]
 [ 3. 14.]
 [10.  3.]
 [ 2. 10.]
 [11.  2.]
 [ 6.  6.]
 [ 3. 15.]
 [11.  2.]
 [ 2. 11.]
 [10.  3.]
 [ 6.  6.]
 [ 3. 16.]
 [10.  3.]
 [ 2. 12.]
 [11.  2.]
 [ 6.  6.]
 [ 3. 17.]
 [11.  2.]
 [ 2. 13.]
 [10.  3.]
 [ 6.  6.]
 [ 3. 17.]
 [10.  3.]
 [ 2. 14.]
 [11.  2.]
 [ 6.  6.]
 [ 3. 17.]
 [11.  2.]
 [ 2. 15.]
 [10.  3.]
 [ 6.  6.]
 [ 3. 17.]
 [10.  3.]
 [ 2. 16.]
 [11.  2.]
 [ 6.  6.]
 [ 4. 17.]
 [11.  2.]
 [ 3. 17.]
 [10.  3.]
 [ 6.  6.]
 [ 5. 17.]
 [10.  3.]
 [ 4. 17.]
 [11.  2.]
 [ 6.  6.]
 [ 6. 17.]
 [11.  2.]
 [ 5. 17.]
 [10.  3.]
 [ 6.  6.]
 [ 7. 17.]
 [10.  3.]
 [ 6. 17.]
 [11.  2.]
 [ 6.  6.]
 [ 8. 17.]
 [11.  2.]
 [ 7. 17.]
 [10.  3.]
 [ 6.  6.]
 [ 9. 17.]
 [10.  3.]
 [ 8. 17.]
 [11.  2.]
 [ 6.  6.]
 [10. 17.]
 [11.  2.]
 [ 9. 17.]
 [10.  3.]
 [ 6.  6.]
 [11. 17.]
 [10.  3.]
 [10. 17.]
 [11.  2.]
 [ 6.  6.]
 [12. 17.]
 [11.  2.]
 [11. 17.]
 [10.  3.]
 [ 6.  6.]
 [12. 17.]
 [11.  2.]
 [11. 17.]
 [10.  3.]
 [ 6.  6.]
 [13. 17.]
 [10.  3.]
 [12. 17.]
 [11.  2.]
 [ 6.  6.]]
