Maze:
##########################
#                        #
#                        #
#                        #
#                        #
#                        #
#     ##############     #
#     #    A       #     #
#     #        D   #     #
#     #            #     #
#     #            #     #
#     #            #     #
#     #     CS     #     #
#     #            #     #
#     #            #     #
#     #            #     #
#     #  B         #     #
#     #            #     #
#     #            #     #
#     ##############     #
#                        #
#                        #
#                        #
#                        #
#                        #
##########################
[[ 7.  6.]
 [ 5.  1.]
 [ 3. 10.]
 [ 6.  6.]
 [ 9.  2.]
 [ 7.  6.]
 [ 5.  2.]
 [ 3. 10.]
 [ 6.  6.]
 [10.  2.]
 [ 7.  6.]
 [ 5.  3.]
 [ 3. 10.]
 [ 6.  6.]
 [11.  2.]
 [ 7.  6.]
 [ 5.  4.]
 [ 3. 10.]
 [ 6.  6.]
 [12.  2.]
 [ 7.  6.]
 [ 5.  5.]
 [ 3.  9.]
 [ 6.  6.]
 [13.  2.]
 [ 7.  6.]
 [ 5.  5.]
 [ 4.  8.]
 [ 6.  6.]
 [14.  2.]
 [ 7.  6.]
 [ 5.  5.]
 [ 4.  7.]
 [ 6.  6.]
 [14.  2.]
 [ 7.  6.]
 [ 5.  5.]
 [ 4.  6.]
 [ 6.  6.]
 [14.  2.]
 [ 7.  6.]
 [ 5.  6.]
 [ 5.  5.]
 [ 6.  6.]
 [14.  2.]
 [ 7.  6.]
 [ 6.  5.]
 [ 5.  6.]
 [ 6.  6.]
 [14.  2.]
 [ 6.  7.]
 [ 6.  5.]
 [ 5.  5.]
 [ 6.  6.]
 [14.  2.]
 [ 6.  7.]
 [ 5.  6.]
 [ 6.  5.]
 [ 6.  6.]
 [14.  2.]
 [ 7.  6.]
 [ 5.  6.]
 [ 5.  5.]
 [ 6.  6.]
 [14.  2.]
 [ 7.  6.]
 [ 6.  5.]
 [ 5.  6.]
 [ 6.  6.]
 [14.  2.]
 [ 6.  7.]
 [ 6.  5.]
 [ 5.  5.]
 [ 6.  6.]
 [14.  2.]
 [ 6.  7.]
 [ 5.  6.]
 [ 6.  5.]
 [ 6.  6.]
 [14.  2.]
 [ 7.  6.]
 [ 5.  6.]
 [ 5.  5.]
 [ 6.  6.]
 [14.  2.]
 [ 7.  6.]
 [ 6.  5.]
 [ 5.  6.]
 [ 6.  6.]
 [14.  2.]
 [ 6.  7.]
 [ 6.  5.]
 [ 5.  5.]
 [ 6.  6.]
 [14.  2.]
 [ 6.  7.]
 [ 5.  6.]
 [ 6.  5.]
 [ 6.  6.]
 [14.  2.]
 [ 6.  7.]
 [ 5.  6.]
 [ 6.  5.]
 [ 6.  6.]
 [14.  2.]
 [ 7.  6.]
 [ 5.  6.]
 [ 5.  5.]
 [ 6.  6.]
 [14.  2.]]
