Maze:
##########################
#                        #
#                        #
#                        #
#                        #
#                        #
#     ##############     #
#     #        D   #     #
#     #           C#     #
#     #            #     #
#     #            #     #
#     #            #     #
#     #     B      #     #
#     #     A      #     #
#     #            #     #
#     #            #     #
#     #            #     #
#     #    S       #     #
#     #            #     #
#     ##############     #
#                        #
#                        #
#                        #
#                        #
#                        #
##########################
[[ 5. 11.]
 [ 6.  7.]
 [ 6.  6.]
 [12.  2.]
 [ 9.  1.]
 [ 5. 12.]
 [ 6.  7.]
 [ 6.  6.]
 [13.  2.]
 [10.  1.]
 [ 5. 13.]
 [ 6.  7.]
 [ 6.  6.]
 [14.  2.]
 [11.  1.]
 [ 5. 14.]
 [ 6.  7.]
 [ 6.  6.]
 [15.  2.]
 [12.  1.]
 [ 5. 15.]
 [ 6.  7.]
 [ 6.  6.]
 [16.  2.]
 [13.  1.]
 [ 5. 16.]
 [ 6.  7.]
 [ 6.  6.]
 [17.  2.]
 [14.  1.]
 [ 5. 17.]
 [ 6.  7.]
 [ 6.  6.]
 [17.  2.]
 [15.  1.]
 [ 5. 17.]
 [ 6.  7.]
 [ 6.  6.]
 [17.  2.]
 [16.  1.]
 [ 5. 17.]
 [ 6.  7.]
 [ 6.  6.]
 [17.  3.]
 [17.  2.]
 [ 5. 17.]
 [ 6.  7.]
 [ 6.  6.]
 [17.  4.]
 [17.  3.]
 [ 5. 17.]
 [ 6.  7.]
 [ 6.  6.]
 [17.  5.]
 [17.  4.]
 [ 5. 17.]
 [ 6.  7.]
 [ 6.  6.]
 [17.  6.]
 [17.  5.]
 [ 5. 17.]
 [ 6.  7.]
 [ 6.  6.]
 [17.  7.]
 [17.  6.]
 [ 5. 17.]
 [ 6.  7.]
 [ 6.  6.]
 [17.  8.]
 [17.  7.]
 [ 5. 17.]
 [ 6.  7.]
 [ 6.  6.]
 [17.  9.]
 [17.  8.]
 [ 5. 17.]
 [ 6.  7.]
 [ 6.  6.]
 [17. 10.]
 [17.  9.]
 [ 5. 17.]
 [ 6.  7.]
 [ 6.  6.]
 [17. 11.]
 [17. 10.]
 [ 5. 17.]
 [ 6.  7.]
 [ 6.  6.]
 [17. 12.]
 [17. 11.]
 [ 5. 17.]
 [ 6.  7.]
 [ 6.  6.]
 [17. 13.]
 [17. 12.]
 [ 5. 17.]
 [ 6.  7.]
 [ 6.  6.]
 [17. 14.]
 [17. 13.]
 [ 5. 17.]
 [ 6.  7.]
 [ 6.  6.]
 [17. 14.]
 [17. 13.]
 [ 5. 17.]
 [ 6.  7.]
 [ 6.  6.]
 [17. 15.]
 [17. 14.]]
