Maze:
##########################
#                        #
#                        #
#                        #
#                        #
#                        #
#     ##############     #
#     #    B       #     #
#     #  A         #     #
#     #            #     #
#     #            #     #
#     #            #     #
#     #     D      #     #
#     #            #     #
#     #            #     #
#     #        C   #     #
#     #            #     #
#     #            #     #
#     #          S #     #
#     ##############     #
#                        #
#                        #
#                        #
#                        #
#                        #
##########################
[[11. 12.]
 [ 3.  2.]
 [ 5.  1.]
 [ 9.  9.]
 [ 6.  6.]
 [11. 11.]
 [ 4.  2.]
 [ 4.  1.]
 [10.  9.]
 [ 6.  6.]
 [11. 10.]
 [ 4.  1.]
 [ 4.  2.]
 [10.  8.]
 [ 6.  6.]
 [11.  9.]
 [ 4.  2.]
 [ 4.  1.]
 [10.  7.]
 [ 6.  6.]
 [11.  8.]
 [ 4.  1.]
 [ 4.  2.]
 [10.  6.]
 [ 6.  6.]
 [11.  7.]
 [ 4.  2.]
 [ 4.  1.]
 [10.  5.]
 [ 6.  6.]
 [11.  6.]
 [ 4.  1.]
 [ 4.  2.]
 [10.  4.]
 [ 6.  6.]
 [11.  5.]
 [ 4.  2.]
 [ 4.  1.]
 [10.  3.]
 [ 6.  6.]
 [11.  4.]
 [ 4.  1.]
 [ 4.  2.]
 [10.  2.]
 [ 6.  6.]
 [11.  3.]
 [ 4.  2.]
 [ 4.  1.]
 [10.  1.]
 [ 6.  6.]
 [11.  2.]
 [ 4.  1.]
 [ 4.  2.]
 [10.  0.]
 [ 6.  6.]
 [11.  1.]
 [ 4.  2.]
 [ 4.  1.]
 [10. -1.]
 [ 6.  6.]
 [11.  0.]
 [ 4.  1.]
 [ 4.  2.]
 [10. -2.]
 [ 6.  6.]
 [11. -1.]
 [ 4.  2.]
 [ 4.  1.]
 [ 9. -3.]
 [ 6.  6.]
 [11. -2.]
 [ 4.  1.]
 [ 4.  2.]
 [ 8. -4.]
 [ 6.  6.]
 [11. -3.]
 [ 4.  2.]
 [ 4.  1.]
 [ 7. -4.]
 [ 6.  6.]
 [11. -4.]
 [ 4.  1.]
 [ 4.  2.]
 [ 6. -4.]
 [ 6.  6.]
 [11. -5.]
 [ 4.  2.]
 [ 4.  1.]
 [ 5. -4.]
 [ 6.  6.]
 [11. -5.]
 [ 4.  1.]
 [ 4.  2.]
 [ 5. -4.]
 [ 6.  6.]
 [11. -5.]
 [ 4.  2.]
 [ 4.  1.]
 [ 5. -3.]
 [ 6.  6.]
 [11. -5.]
 [ 4.  2.]
 [ 4.  1.]
 [ 5. -3.]
 [ 6.  6.]
 [11. -5.]
 [ 4.  1.]
 [ 4.  2.]
 [ 5. -2.]
 [ 6.  6.]]
