Maze:
##########################
#                        #
#                        #
#                        #
#                        #
#                        #
#     ##############     #
#     #            #     #
#     #            #     #
#     #       B    #     #
#     #           S#     #
#     #            #     #
#     #  C  D      #     #
#     #     A      #     #
#     #            #     #
#     #            #     #
#     #            #     #
#     #            #     #
#     #            #     #
#     ##############     #
#                        #
#                        #
#                        #
#                        #
#                        #
##########################
[[12.  4.]
 [ 6.  7.]
 [ 8.  3.]
 [ 3.  6.]
 [ 6.  6.]
 [13.  4.]
 [ 6.  7.]
 [ 9.  4.]
 [ 2.  7.]
 [ 6.  6.]
 [14.  4.]
 [ 6.  7.]
 [10.  5.]
 [ 2.  7.]
 [ 6.  6.]
 [15.  4.]
 [ 6.  7.]
 [11.  5.]
 [ 2.  7.]
 [ 6.  6.]
 [16.  4.]
 [ 6.  7.]
 [12.  5.]
 [ 2.  7.]
 [ 6.  6.]
 [17.  4.]
 [ 6.  7.]
 [13.  5.]
 [ 2.  7.]
 [ 6.  6.]
 [17.  4.]
 [ 6.  7.]
 [14.  5.]
 [ 2.  7.]
 [ 6.  6.]
 [17.  4.]
 [ 6.  7.]
 [15.  5.]
 [ 2.  7.]
 [ 6.  6.]
 [17.  4.]
 [ 6.  7.]
 [16.  5.]
 [ 2.  7.]
 [ 6.  6.]
 [17.  3.]
 [ 6.  7.]
 [17.  4.]
 [ 2.  7.]
 [ 6.  6.]
 [17.  2.]
 [ 6.  7.]
 [17.  3.]
 [ 2.  7.]
 [ 6.  6.]
 [17.  1.]
 [ 6.  7.]
 [17.  2.]
 [ 2.  7.]
 [ 6.  6.]
 [17.  0.]
 [ 6.  7.]
 [17.  1.]
 [ 2.  7.]
 [ 6.  6.]
 [17. -1.]
 [ 6.  7.]
 [17.  0.]
 [ 2.  7.]
 [ 6.  6.]
 [17. -2.]
 [ 6.  7.]
 [17. -1.]
 [ 2.  7.]
 [ 6.  6.]
 [17. -3.]
 [ 6.  7.]
 [17. -2.]
 [ 2.  7.]
 [ 6.  6.]
 [17. -4.]
 [ 6.  7.]
 [17. -3.]
 [ 2.  7.]
 [ 6.  6.]
 [17. -5.]
 [ 6.  7.]
 [17. -4.]
 [ 2.  7.]
 [ 6.  6.]
 [17. -5.]
 [ 6.  7.]
 [17. -4.]
 [ 2.  7.]
 [ 6.  6.]]
