Maze:
##########################
#                        #
#                        #
#                        #
#                        #
#                        #
#     ##############     #
#     #            #     #
#     #            #     #
#     #            #     #
#     #        B   #     #
#     #            #     #
#     #     S    A #     #
#     #            #     #
#     #            #     #
#     #            #     #
#     # D          #     #
#     #            #     #
#     #  C         #     #
#     ##############     #
#                        #
#                        #
#                        #
#                        #
#                        #
##########################
[[ 6.  6.]
 [11.  6.]
 [ 9.  4.]
 [ 3. 12.]
 [ 2. 10.]
 [ 6.  6.]
 [10.  5.]
 [ 9.  5.]
 [ 3. 13.]
 [ 2. 11.]
 [ 6.  6.]
 [ 9.  5.]
 [10.  5.]
 [ 3. 14.]
 [ 2. 12.]
 [ 6.  6.]
 [10.  5.]
 [ 9.  5.]
 [ 3. 15.]
 [ 2. 13.]
 [ 6.  6.]
 [ 9.  5.]
 [10.  5.]
 [ 3. 16.]
 [ 2. 14.]
 [ 6.  6.]
 [10.  5.]
 [ 9.  5.]
 [ 3. 17.]
 [ 2. 15.]
 [ 6.  6.]
 [ 9.  5.]
 [10.  5.]
 [ 3. 17.]
 [ 2. 16.]
 [ 6.  6.]
 [10.  5.]
 [ 9.  5.]
 [ 4. 17.]
 [ 3. 17.]
 [ 6.  6.]
 [ 9.  5.]
 [10.  5.]
 [ 5. 17.]
 [ 4. 17.]
 [ 6.  6.]
 [10.  5.]
 [ 9.  5.]
 [ 6. 17.]
 [ 5. 17.]
 [ 6.  6.]
 [ 9.  5.]
 [10.  5.]
 [ 7. 17.]
 [ 6. 17.]
 [ 6.  6.]
 [10.  5.]
 [ 9.  5.]
 [ 8. 17.]
 [ 7. 17.]
 [ 6.  6.]
 [ 9.  5.]
 [10.  5.]
 [ 9. 17.]
 [ 8. 17.]
 [ 6.  6.]
 [10.  5.]
 [ 9.  5.]
 [10. 17.]
 [ 9. 17.]
 [ 6.  6.]
 [ 9.  5.]
 [10.  5.]
 [11. 17.]
 [10. 17.]
 [ 6.  6.]
 [10.  5.]
 [ 9.  5.]
 [12. 17.]
 [11. 17.]
 [ 6.  6.]
 [ 9.  5.]
 [10.  5.]
 [13. 17.]
 [12. 17.]
 [ 6.  6.]
 [10.  5.]
 [ 9.  5.]
 [14. 17.]
 [13. 17.]
 [ 6.  6.]
 [ 9.  5.]
 [10.  5.]
 [15. 17.]
 [14. 17.]
 [ 6.  6.]
 [10.  5.]
 [ 9.  5.]
 [16. 17.]
 [15. 17.]
 [ 6.  6.]
 [10.  5.]
 [ 9.  5.]
 [16. 17.]
 [15. 17.]
 [ 6.  6.]
 [ 9.  5.]
 [10.  5.]
 [17. 17.]
 [16. 17.]]
