Maze:
##########################
#                        #
#                        #
#                        #
#                        #
#                        #
#     ##############     #
#     #            #     #
#     #            #     #
#     #         C  #     #
#     #          D #     #
#     #            #     #
#     #     S      #     #
#     #  B         #     #
#     #            #     #
#     #            #     #
#     #            #     #
#     #            #     #
#     # A          #     #
#     ##############     #
#                        #
#                        #
#                        #
#                        #
#                        #
##########################
[[ 6.  6.]
 [ 2. 12.]
 [ 3.  7.]
 [10.  3.]
 [11.  4.]
 [ 6.  6.]
 [ 2. 11.]
 [ 4.  7.]
 [ 9.  2.]
 [10.  3.]
 [ 6.  6.]
 [ 3. 10.]
 [ 5.  7.]
 [ 8.  1.]
 [10.  2.]
 [ 6.  6.]
 [ 4.  9.]
 [ 5.  7.]
 [ 7.  1.]
 [ 9.  1.]
 [ 6.  6.]
 [ 4.  8.]
 [ 5.  7.]
 [ 6.  1.]
 [ 8.  1.]
 [ 6.  6.]
 [ 5.  7.]
 [ 5.  8.]
 [ 5.  1.]
 [ 7.  0.]
 [ 6.  6.]
 [ 5.  8.]
 [ 5.  7.]
 [ 4.  1.]
 [ 6.  0.]
 [ 6.  6.]
 [ 5.  7.]
 [ 5.  8.]
 [ 3.  1.]
 [ 5.  0.]
 [ 6.  6.]
 [ 5.  8.]
 [ 5.  7.]
 [ 2.  1.]
 [ 4.  0.]
 [ 6.  6.]
 [ 5.  7.]
 [ 5.  8.]
 [ 1.  1.]
 [ 3.  0.]
 [ 6.  6.]
 [ 5.  8.]
 [ 5.  7.]
 [ 0.  1.]
 [ 2.  0.]
 [ 6.  6.]
 [ 5.  7.]
 [ 5.  8.]
 [-1.  1.]
 [ 1.  0.]
 [ 6.  6.]
 [ 5.  8.]
 [ 5.  7.]
 [-2.  1.]
 [ 0.  0.]
 [ 6.  6.]
 [ 5.  7.]
 [ 5.  8.]
 [-3.  1.]
 [-1.  0.]
 [ 6.  6.]
 [ 5.  8.]
 [ 5.  7.]
 [-4.  1.]
 [-2.  0.]
 [ 6.  6.]
 [ 5.  7.]
 [ 5.  8.]
 [-5.  1.]
 [-3.  0.]
 [ 6.  6.]
 [ 5.  8.]
 [ 5.  7.]
 [-5.  1.]
 [-4.  0.]
 [ 6.  6.]
 [ 5.  7.]
 [ 5.  8.]
 [-5.  2.]
 [-5.  1.]
 [ 6.  6.]
 [ 5.  8.]
 [ 5.  7.]
 [-5.  3.]
 [-5.  2.]
 [ 6.  6.]
 [ 5.  7.]
 [ 5.  8.]
 [-5.  4.]
 [-5.  3.]
 [ 6.  6.]
 [ 5.  7.]
 [ 5.  8.]
 [-5.  4.]
 [-5.  3.]
 [ 6.  6.]
 [ 5.  8.]
 [ 5.  7.]
 [-5.  5.]
 [-5.  4.]]
