Maze:
##########################
#                        #
#                        #
#                        #
#                        #
#                        #
#     ##############     #
#     #    B       #     #
#     #            #     #
#     #           D#     #
#     #            #     #
#     #          C #     #
#     #  A  S      #     #
#     #            #     #
#     #            #     #
#     #            #     #
#     #            #     #
#     #            #     #
#     #            #     #
#     ##############     #
#                        #
#                        #
#                        #
#                        #
#                        #
##########################
[[ 6.  6.]
 [ 3.  6.]
 [ 5.  1.]
 [11.  5.]
 [12.  3.]
 [ 6.  6.]
 [ 4.  6.]
 [ 5.  2.]
 [11.  6.]
 [12.  4.]
 [ 6.  6.]
 [ 5.  6.]
 [ 5.  3.]
 [11.  7.]
 [12.  5.]
 [ 6.  6.]
 [ 5.  6.]
 [ 5.  4.]
 [11.  8.]
 [12.  6.]
 [ 6.  6.]
 [ 6.  5.]
 [ 5.  5.]
 [11.  9.]
 [12.  7.]
 [ 6.  6.]
 [ 5.  5.]
 [ 6.  5.]
 [11. 10.]
 [12.  8.]
 [ 6.  6.]
 [ 6.  5.]
 [ 5.  6.]
 [11. 11.]
 [12.  9.]
 [ 6.  6.]
 [ 6.  5.]
 [ 5.  6.]
 [11. 12.]
 [12. 10.]
 [ 6.  6.]
 [ 6.  5.]
 [ 5.  6.]
 [11. 13.]
 [12. 11.]
 [ 6.  6.]
 [ 6.  5.]
 [ 5.  6.]
 [11. 14.]
 [12. 12.]
 [ 6.  6.]
 [ 6.  5.]
 [ 5.  6.]
 [11. 15.]
 [12. 13.]
 [ 6.  6.]
 [ 6.  5.]
 [ 5.  6.]
 [11. 16.]
 [12. 14.]
 [ 6.  6.]
 [ 6.  5.]
 [ 5.  6.]
 [11. 17.]
 [12. 15.]
 [ 6.  6.]
 [ 6.  5.]
 [ 5.  6.]
 [11. 17.]
 [12. 16.]
 [ 6.  6.]
 [ 6.  5.]
 [ 5.  6.]
 [10. 17.]
 [11. 17.]
 [ 6.  6.]
 [ 6.  5.]
 [ 5.  6.]
 [ 9. 17.]
 [10. 17.]
 [ 6.  6.]
 [ 6.  5.]
 [ 5.  6.]
 [ 8. 17.]
 [ 9. 17.]
 [ 6.  6.]
 [ 6.  5.]
 [ 5.  6.]
 [ 7. 17.]
 [ 8. 17.]
 [ 6.  6.]
 [ 6.  5.]
 [ 5.  6.]
 [ 6. 17.]
 [ 7. 17.]
 [ 6.  6.]
 [ 6.  5.]
 [ 5.  6.]
 [ 5. 17.]
 [ 6. 17.]
 [ 6.  6.]
 [ 6.  5.]
 [ 5.  6.]
 [ 5. 17.]
 [ 6. 17.]
 [ 6.  6.]
 [ 6.  5.]
 [ 5.  6.]
 [ 4. 17.]
 [ 5. 17.]]
