Maze:
##########################
#                        #
#                        #
#                        #
#                        #
#                        #
#     ##############     #
#     # C          #     #
#     #            #     #
#     #            #     #
#     #            #     #
#     #            #     #
#     #D    A      #     #
#     #      S     #     #
#     #            #     #
#     #            #     #
#     #          B #     #
#     #            #     #
#     #            #     #
#     ##############     #
#                        #
#                        #
#                        #
#                        #
#                        #
##########################
[[ 7.  7.]
 [ 6.  6.]
 [11. 10.]
 [ 2.  1.]
 [ 1.  6.]
 [ 8.  8.]
 [ 6.  6.]
 [10.  9.]
 [ 2.  0.]
 [ 0.  6.]
 [ 7.  8.]
 [ 6.  6.]
 [ 9.  9.]
 [ 2.  0.]
 [-1.  6.]
 [ 6.  8.]
 [ 6.  6.]
 [ 8.  8.]
 [ 2.  0.]
 [-2.  6.]
 [ 5.  8.]
 [ 6.  6.]
 [ 7.  8.]
 [ 3.  0.]
 [-3.  6.]
 [ 4.  8.]
 [ 6.  6.]
 [ 6.  8.]
 [ 3.  0.]
 [-3.  6.]
 [ 3.  8.]
 [ 6.  6.]
 [ 5.  7.]
 [ 4.  0.]
 [-4.  6.]
 [ 2.  8.]
 [ 6.  6.]
 [ 5.  7.]
 [ 4.  0.]
 [-4.  6.]
 [ 1.  8.]
 [ 6.  6.]
 [ 5.  7.]
 [ 4.  0.]
 [-5.  6.]
 [ 0.  8.]
 [ 6.  6.]
 [ 5.  7.]
 [ 4.  0.]
 [-5.  6.]
 [ 0.  9.]
 [ 6.  6.]
 [ 5.  7.]
 [ 4.  0.]
 [-5.  6.]
 [ 0. 10.]
 [ 6.  6.]
 [ 5.  7.]
 [ 4.  0.]
 [-5.  6.]
 [ 0. 11.]
 [ 6.  6.]
 [ 5.  7.]
 [ 4.  0.]
 [-5.  6.]
 [ 0. 12.]
 [ 6.  6.]
 [ 5.  7.]
 [ 4.  0.]
 [-5.  6.]
 [ 0. 13.]
 [ 6.  6.]
 [ 5.  7.]
 [ 4.  0.]
 [-5.  6.]
 [ 0. 14.]
 [ 6.  6.]
 [ 5.  7.]
 [ 4.  0.]
 [-5.  6.]
 [ 0. 15.]
 [ 6.  6.]
 [ 5.  7.]
 [ 4.  0.]
 [-5.  6.]
 [ 0. 16.]
 [ 6.  6.]
 [ 5.  7.]
 [ 4.  0.]
 [-5.  6.]
 [ 0. 16.]
 [ 6.  6.]
 [ 5.  7.]
 [ 4.  0.]
 [-5.  6.]]
