Maze:
##########################
#                        #
#                        #
#                        #
#                        #
#                        #
#     ##############     #
#     #            #     #
#     #            #     #
#     #            #     #
#     #            #     #
#     #A           #     #
#     #     C      #     #
#     #            #     #
#     #      S     #     #
#     #            #     #
#     #    B       #     #
#     #            #     #
#     #       D    #     #
#     ##############     #
#                        #
#                        #
#                        #
#                        #
#                        #
##########################
[[ 7.  8.]
 [ 1.  5.]
 [ 5. 10.]
 [ 6.  6.]
 [ 8. 12.]
 [ 7.  7.]
 [ 2.  5.]
 [ 6.  9.]
 [ 6.  6.]
 [ 8. 13.]
 [ 7.  6.]
 [ 3.  5.]
 [ 7.  8.]
 [ 6.  6.]
 [ 8. 13.]
 [ 7.  6.]
 [ 4.  5.]
 [ 7.  7.]
 [ 6.  6.]
 [ 8. 13.]
 [ 6.  5.]
 [ 5.  5.]
 [ 7.  6.]
 [ 6.  6.]
 [ 8. 13.]
 [ 7.  6.]
 [ 6.  5.]
 [ 8.  5.]
 [ 6.  6.]
 [ 8. 13.]
 [ 6.  7.]
 [ 6.  5.]
 [ 7.  6.]
 [ 6.  6.]
 [ 8. 14.]
 [ 5.  6.]
 [ 6.  5.]
 [ 8.  6.]
 [ 6.  6.]
 [ 8. 14.]
 [ 5.  6.]
 [ 6.  5.]
 [ 7.  5.]
 [ 6.  6.]
 [ 8. 14.]
 [ 6.  7.]
 [ 7.  6.]
 [ 6.  5.]
 [ 6.  6.]
 [ 8. 14.]
 [ 5.  6.]
 [ 7.  6.]
 [ 7.  5.]
 [ 6.  6.]
 [ 8. 15.]
 [ 5.  6.]
 [ 6.  5.]
 [ 7.  6.]
 [ 6.  6.]
 [ 8. 15.]
 [ 6.  7.]
 [ 6.  5.]
 [ 7.  5.]
 [ 6.  6.]
 [ 8. 15.]
 [ 6.  7.]
 [ 7.  6.]
 [ 6.  5.]
 [ 6.  6.]
 [ 8. 15.]
 [ 5.  6.]
 [ 7.  6.]
 [ 7.  5.]
 [ 6.  6.]
 [ 8. 15.]
 [ 5.  6.]
 [ 6.  5.]
 [ 7.  6.]
 [ 6.  6.]
 [ 8. 15.]
 [ 6.  7.]
 [ 6.  5.]
 [ 7.  5.]
 [ 6.  6.]
 [ 8. 15.]
 [ 6.  7.]
 [ 7.  6.]
 [ 6.  5.]
 [ 6.  6.]
 [ 8. 15.]
 [ 5.  6.]
 [ 7.  6.]
 [ 7.  5.]
 [ 6.  6.]
 [ 8. 15.]
 [ 5.  6.]
 [ 6.  5.]
 [ 7.  6.]
 [ 6.  6.]
 [ 8. 15.]
 [ 5.  6.]
 [ 6.  5.]
 [ 7.  6.]
 [ 6.  6.]
 [ 8. 15.]
 [ 6.  7.]
 [ 6.  5.]
 [ 7.  5.]
 [ 6.  6.]
 [ 8. 15.]]
