Maze:
##########################
#                        #
#                        #
#                        #
#                        #
#                        #
#     ##############     #
#     #          C #     #
#     #            #     #
#     #            #     #
#     #     S      #     #
#     #A           #     #
#     #     D      #     #
#     #    B       #     #
#     #            #     #
#     #            #     #
#     #            #     #
#     #            #     #
#     #            #     #
#     ##############     #
#                        #
#                        #
#                        #
#                        #
#                        #
##########################
[[ 6.  4.]
 [ 1.  5.]
 [ 5.  7.]
 [11.  1.]
 [ 6.  6.]
 [ 6.  3.]
 [ 2.  5.]
 [ 5.  6.]
 [12.  0.]
 [ 6.  6.]
 [ 6.  2.]
 [ 3.  5.]
 [ 5.  5.]
 [12.  0.]
 [ 6.  6.]
 [ 6.  1.]
 [ 3.  5.]
 [ 5.  5.]
 [12.  0.]
 [ 6.  6.]
 [ 6.  0.]
 [ 3.  5.]
 [ 5.  5.]
 [12.  0.]
 [ 6.  6.]
 [ 6. -1.]
 [ 3.  5.]
 [ 5.  5.]
 [12.  0.]
 [ 6.  6.]
 [ 6. -2.]
 [ 3.  5.]
 [ 5.  5.]
 [12.  0.]
 [ 6.  6.]
 [ 7. -3.]
 [ 3.  5.]
 [ 5.  5.]
 [12.  0.]
 [ 6.  6.]
 [ 8. -4.]
 [ 3.  5.]
 [ 5.  5.]
 [12.  0.]
 [ 6.  6.]
 [ 9. -4.]
 [ 3.  5.]
 [ 5.  5.]
 [12.  0.]
 [ 6.  6.]
 [10. -4.]
 [ 3.  5.]
 [ 5.  5.]
 [12.  0.]
 [ 6.  6.]
 [11. -4.]
 [ 3.  5.]
 [ 5.  5.]
 [12.  0.]
 [ 6.  6.]
 [12. -3.]
 [ 3.  5.]
 [ 5.  5.]
 [12.  0.]
 [ 6.  6.]
 [12. -2.]
 [ 3.  5.]
 [ 5.  5.]
 [12.  1.]
 [ 6.  6.]
 [12. -1.]
 [ 3.  5.]
 [ 5.  5.]
 [12.  2.]
 [ 6.  6.]
 [12.  0.]
 [ 3.  5.]
 [ 5.  5.]
 [12.  3.]
 [ 6.  6.]
 [12.  1.]
 [ 3.  5.]
 [ 5.  5.]
 [12.  4.]
 [ 6.  6.]
 [12.  2.]
 [ 3.  5.]
 [ 5.  5.]
 [12.  5.]
 [ 6.  6.]
 [13.  3.]
 [ 3.  5.]
 [ 5.  5.]
 [12.  6.]
 [ 6.  6.]
 [13.  4.]
 [ 3.  5.]
 [ 5.  5.]
 [12.  7.]
 [ 6.  6.]
 [13.  4.]
 [ 3.  5.]
 [ 5.  5.]
 [12.  7.]
 [ 6.  6.]
 [13.  5.]
 [ 3.  5.]
 [ 5.  5.]
 [12.  8.]
 [ 6.  6.]]
