Maze:
##########################
#                        #
#                        #
#                        #
#                        #
#                        #
#     ##############     #
#     #            #     #
#     #            #     #
#     #            #     #
#     #            #     #
#     #        A   #     #
#     #     D      #     #
#     #            #     #
#     #            #     #
#     # C          #     #
#     #            #     #
#     #          B #     #
#     #    S       #     #
#     ##############     #
#                        #
#                        #
#                        #
#                        #
#                        #
##########################
[[ 5. 12.]
 [ 9.  5.]
 [11. 11.]
 [ 2.  9.]
 [ 6.  6.]
 [ 4. 12.]
 [ 8.  6.]
 [10. 11.]
 [ 1.  9.]
 [ 6.  6.]
 [ 3. 12.]
 [ 7.  6.]
 [ 9. 10.]
 [ 0.  9.]
 [ 6.  6.]
 [ 2. 12.]
 [ 7.  6.]
 [ 8.  9.]
 [-1.  9.]
 [ 6.  6.]
 [ 1. 12.]
 [ 7.  6.]
 [ 8.  8.]
 [-2.  9.]
 [ 6.  6.]
 [ 0. 12.]
 [ 7.  6.]
 [ 8.  7.]
 [-3.  9.]
 [ 6.  6.]
 [-1. 12.]
 [ 7.  7.]
 [ 7.  6.]
 [-4.  9.]
 [ 6.  6.]
 [-2. 12.]
 [ 7.  6.]
 [ 7.  7.]
 [-4.  9.]
 [ 6.  6.]
 [-3. 11.]
 [ 7.  7.]
 [ 7.  6.]
 [-5.  8.]
 [ 6.  6.]
 [-4. 10.]
 [ 7.  6.]
 [ 7.  7.]
 [-5.  7.]
 [ 6.  6.]
 [-5.  9.]
 [ 7.  7.]
 [ 7.  6.]
 [-5.  6.]
 [ 6.  6.]
 [-5.  8.]
 [ 7.  6.]
 [ 7.  7.]
 [-5.  5.]
 [ 6.  6.]
 [-5.  7.]
 [ 7.  7.]
 [ 7.  6.]
 [-5.  4.]
 [ 6.  6.]
 [-5.  6.]
 [ 7.  6.]
 [ 7.  7.]
 [-5.  3.]
 [ 6.  6.]
 [-5.  5.]
 [ 7.  7.]
 [ 7.  6.]
 [-5.  2.]
 [ 6.  6.]
 [-5.  4.]
 [ 7.  6.]
 [ 7.  7.]
 [-5.  1.]
 [ 6.  6.]
 [-5.  3.]
 [ 7.  7.]
 [ 7.  6.]
 [-5.  0.]
 [ 6.  6.]
 [-5.  2.]
 [ 7.  6.]
 [ 7.  7.]
 [-5. -1.]
 [ 6.  6.]
 [-5.  1.]
 [ 7.  7.]
 [ 7.  6.]
 [-5. -2.]
 [ 6.  6.]
 [-5.  0.]
 [ 7.  6.]
 [ 7.  7.]
 [-5. -3.]
 [ 6.  6.]
 [-5.  0.]
 [ 7.  6.]
 [ 7.  7.]
 [-5. -3.]
 [ 6.  6.]
 [-5. -1.]
 [ 7.  7.]
 [ 7.  6.]
 [-5. -4.]
 [ 6.  6.]]
