Maze:
##########################
#                        #
#                        #
#                        #
#                        #
#                        #
#     ##############     #
#     #            #     #
#     #            #     #
#     #            #     #
#     #   C        #     #
#     #     A      #     #
#     #     D      #     #
#     #            #     #
#     #            #     #
#     #            #     #
#     #       S    #     #
#     #            #     #
#     # B          #     #
#     ##############     #
#                        #
#                        #
#                        #
#                        #
#                        #
##########################
[[ 8. 10.]
 [ 6.  5.]
 [ 2. 12.]
 [ 4.  4.]
 [ 6.  6.]
 [ 9. 11.]
 [ 6.  5.]
 [ 3. 12.]
 [ 5.  4.]
 [ 6.  6.]
 [10. 11.]
 [ 5.  5.]
 [ 4. 12.]
 [ 6.  4.]
 [ 6.  6.]
 [11. 11.]
 [ 6.  5.]
 [ 5. 12.]
 [ 5.  4.]
 [ 6.  6.]
 [12. 11.]
 [ 5.  5.]
 [ 6. 12.]
 [ 6.  4.]
 [ 6.  6.]
 [13. 11.]
 [ 6.  5.]
 [ 7. 12.]
 [ 5.  4.]
 [ 6.  6.]
 [14. 11.]
 [ 5.  5.]
 [ 8. 12.]
 [ 6.  4.]
 [ 6.  6.]
 [15. 11.]
 [ 6.  5.]
 [ 9. 12.]
 [ 5.  4.]
 [ 6.  6.]
 [16. 11.]
 [ 5.  5.]
 [10. 12.]
 [ 6.  4.]
 [ 6.  6.]
 [17. 11.]
 [ 6.  5.]
 [11. 12.]
 [ 5.  4.]
 [ 6.  6.]
 [17. 11.]
 [ 5.  5.]
 [12. 12.]
 [ 6.  4.]
 [ 6.  6.]
 [17. 11.]
 [ 6.  5.]
 [13. 12.]
 [ 5.  4.]
 [ 6.  6.]
 [17. 11.]
 [ 5.  5.]
 [14. 12.]
 [ 6.  4.]
 [ 6.  6.]
 [17. 11.]
 [ 6.  5.]
 [15. 12.]
 [ 5.  4.]
 [ 6.  6.]
 [17. 11.]
 [ 5.  5.]
 [16. 12.]
 [ 6.  4.]
 [ 6.  6.]
 [17. 10.]
 [ 6.  5.]
 [17. 11.]
 [ 5.  4.]
 [ 6.  6.]
 [17.  9.]
 [ 5.  5.]
 [17. 10.]
 [ 6.  4.]
 [ 6.  6.]
 [17.  8.]
 [ 6.  5.]
 [17.  9.]
 [ 5.  4.]
 [ 6.  6.]
 [17.  7.]
 [ 5.  5.]
 [17.  8.]
 [ 6.  4.]
 [ 6.  6.]
 [17.  6.]
 [ 6.  5.]
 [17.  7.]
 [ 5.  4.]
 [ 6.  6.]
 [17.  6.]
 [ 6.  5.]
 [17.  7.]
 [ 5.  4.]
 [ 6.  6.]
 [17.  5.]
 [ 5.  5.]
 [17.  6.]
 [ 6.  4.]
 [ 6.  6.]]
