Maze:
##########################
#                        #
#                        #
#                        #
#                        #
#                        #
#     ##############     #
#     #            #     #
#     #            #     #
#     #      A     #     #
#     #            #     #
#     #            #     #
#     #     D      #     #
#     #            #     #
#     #          S #     #
#     #            #     #
#     #       C    #     #
#     #  B         #     #
#     #            #     #
#     ##############     #
#                        #
#                        #
#                        #
#                        #
#                        #
##########################
[[11.  8.]
 [ 7.  3.]
 [ 3. 11.]
 [ 8. 10.]
 [ 6.  6.]
 [11.  9.]
 [ 7.  4.]
 [ 3. 11.]
 [ 8. 11.]
 [ 6.  6.]
 [11. 10.]
 [ 7.  5.]
 [ 3. 11.]
 [ 8. 12.]
 [ 6.  6.]
 [11. 11.]
 [ 7.  5.]
 [ 3. 10.]
 [ 8. 13.]
 [ 6.  6.]
 [11. 12.]
 [ 7.  5.]
 [ 3.  9.]
 [ 8. 14.]
 [ 6.  6.]
 [11. 13.]
 [ 7.  5.]
 [ 4.  8.]
 [ 7. 15.]
 [ 6.  6.]
 [11. 14.]
 [ 7.  5.]
 [ 5.  7.]
 [ 7. 15.]
 [ 6.  6.]
 [10. 15.]
 [ 7.  5.]
 [ 5.  7.]
 [ 6. 15.]
 [ 6.  6.]
 [ 9. 16.]
 [ 7.  5.]
 [ 5.  7.]
 [ 5. 15.]
 [ 6.  6.]
 [ 8. 16.]
 [ 7.  5.]
 [ 5.  7.]
 [ 4. 15.]
 [ 6.  6.]
 [ 7. 16.]
 [ 7.  5.]
 [ 5.  7.]
 [ 3. 15.]
 [ 6.  6.]
 [ 6. 16.]
 [ 7.  5.]
 [ 5.  7.]
 [ 2. 15.]
 [ 6.  6.]
 [ 5. 16.]
 [ 7.  5.]
 [ 5.  7.]
 [ 1. 15.]
 [ 6.  6.]
 [ 4. 16.]
 [ 7.  5.]
 [ 5.  7.]
 [ 0. 15.]
 [ 6.  6.]
 [ 3. 16.]
 [ 7.  5.]
 [ 5.  7.]
 [-1. 15.]
 [ 6.  6.]
 [ 2. 16.]
 [ 7.  5.]
 [ 5.  7.]
 [-2. 15.]
 [ 6.  6.]
 [ 1. 16.]
 [ 7.  5.]
 [ 5.  7.]
 [-3. 15.]
 [ 6.  6.]
 [ 0. 16.]
 [ 7.  5.]
 [ 5.  7.]
 [-4. 15.]
 [ 6.  6.]
 [-1. 16.]
 [ 7.  5.]
 [ 5.  7.]
 [-5. 15.]
 [ 6.  6.]
 [-2. 16.]
 [ 7.  5.]
 [ 5.  7.]
 [-5. 15.]
 [ 6.  6.]
 [-2. 16.]
 [ 7.  5.]
 [ 5.  7.]
 [-5. 15.]
 [ 6.  6.]
 [-3. 16.]
 [ 7.  5.]
 [ 5.  7.]
 [-5. 15.]
 [ 6.  6.]]
