Maze:
##########################
#                        #
#                        #
#                        #
#                        #
#                        #
#     ##############     #
#     #            #     #
#     #            #     #
#     # S          #     #
#     #            #     #
#     #            #     #
#     #    CD      #     #
#     #          A #     #
#     #            #     #
#     #            #     #
#     #            #     #
#     #      B     #     #
#     #            #     #
#     ##############     #
#                        #
#                        #
#                        #
#                        #
#                        #
##########################
[[ 2.  3.]
 [11.  7.]
 [ 7. 11.]
 [ 5.  6.]
 [ 6.  6.]
 [ 2.  3.]
 [10.  7.]
 [ 8. 11.]
 [ 4.  6.]
 [ 6.  6.]
 [ 2.  3.]
 [ 9.  7.]
 [ 9. 10.]
 [ 3.  6.]
 [ 6.  6.]
 [ 1.  4.]
 [ 8.  8.]
 [ 9.  9.]
 [ 2.  6.]
 [ 6.  6.]
 [ 1.  5.]
 [ 9.  9.]
 [ 8.  8.]
 [ 2.  7.]
 [ 6.  6.]
 [ 1.  6.]
 [ 8.  8.]
 [ 9.  9.]
 [ 2.  8.]
 [ 6.  6.]
 [ 1.  7.]
 [ 9.  9.]
 [ 8.  8.]
 [ 2.  9.]
 [ 6.  6.]
 [ 1.  8.]
 [ 8.  8.]
 [ 9.  9.]
 [ 2. 10.]
 [ 6.  6.]
 [ 1.  9.]
 [ 9.  9.]
 [ 8.  8.]
 [ 2. 11.]
 [ 6.  6.]
 [ 1. 10.]
 [ 8.  8.]
 [ 9.  9.]
 [ 2. 12.]
 [ 6.  6.]
 [ 1. 11.]
 [ 9.  9.]
 [ 8.  8.]
 [ 2. 13.]
 [ 6.  6.]
 [ 1. 12.]
 [ 8.  8.]
 [ 9.  9.]
 [ 2. 14.]
 [ 6.  6.]
 [ 1. 13.]
 [ 9.  9.]
 [ 8.  8.]
 [ 2. 15.]
 [ 6.  6.]
 [ 1. 14.]
 [ 8.  8.]
 [ 9.  9.]
 [ 2. 16.]
 [ 6.  6.]
 [ 1. 15.]
 [ 9.  9.]
 [ 8.  8.]
 [ 2. 17.]
 [ 6.  6.]
 [ 1. 16.]
 [ 8.  8.]
 [ 9.  9.]
 [ 2. 17.]
 [ 6.  6.]
 [ 2. 17.]
 [ 9.  9.]
 [ 8.  8.]
 [ 3. 17.]
 [ 6.  6.]
 [ 3. 17.]
 [ 8.  8.]
 [ 9.  9.]
 [ 4. 17.]
 [ 6.  6.]
 [ 4. 17.]
 [ 9.  9.]
 [ 8.  8.]
 [ 5. 17.]
 [ 6.  6.]
 [ 5. 17.]
 [ 8.  8.]
 [ 9.  9.]
 [ 6. 17.]
 [ 6.  6.]
 [ 5. 17.]
 [ 8.  8.]
 [ 9.  9.]
 [ 6. 17.]
 [ 6.  6.]
 [ 6. 17.]
 [ 9.  9.]
 [ 8.  8.]
 [ 7. 17.]
 [ 6.  6.]]
