Maze:
##########################
#                        #
#                        #
#                        #
#                        #
#                        #
#     ##############     #
#     #            #     #
#     #            #     #
#     #            #     #
#     #            #     #
#     #      D     #     #
#     #     C  S   #     #
#     #            #     #
#     #         B  #     #
#     #            #     #
#     #            #     #
#     #  A         #     #
#     #            #     #
#     ##############     #
#                        #
#                        #
#                        #
#                        #
#                        #
##########################
[[ 9.  6.]
 [ 3. 11.]
 [10.  8.]
 [ 6.  6.]
 [ 7.  5.]
 [ 9.  5.]
 [ 4. 10.]
 [10.  7.]
 [ 6.  6.]
 [ 6.  5.]
 [ 9.  4.]
 [ 5.  9.]
 [10.  6.]
 [ 6.  6.]
 [ 6.  5.]
 [ 9.  3.]
 [ 5.  8.]
 [10.  5.]
 [ 6.  6.]
 [ 6.  5.]
 [ 9.  2.]
 [ 5.  7.]
 [10.  4.]
 [ 6.  6.]
 [ 6.  5.]
 [ 9.  1.]
 [ 5.  7.]
 [10.  3.]
 [ 6.  6.]
 [ 7.  5.]
 [ 9.  0.]
 [ 5.  7.]
 [10.  2.]
 [ 6.  6.]
 [ 8.  5.]
 [ 9. -1.]
 [ 5.  7.]
 [10.  1.]
 [ 6.  6.]
 [ 9.  4.]
 [ 9. -2.]
 [ 5.  7.]
 [10.  0.]
 [ 6.  6.]
 [10.  3.]
 [ 9. -3.]
 [ 5.  7.]
 [10. -1.]
 [ 6.  6.]
 [10.  2.]
 [ 9. -4.]
 [ 5.  7.]
 [10. -2.]
 [ 6.  6.]
 [10.  1.]
 [ 9. -5.]
 [ 5.  7.]
 [10. -3.]
 [ 6.  6.]
 [10.  0.]
 [ 9. -5.]
 [ 5.  7.]
 [10. -4.]
 [ 6.  6.]
 [10. -1.]
 [ 8. -5.]
 [ 5.  7.]
 [ 9. -5.]
 [ 6.  6.]
 [10. -2.]
 [ 7. -5.]
 [ 5.  7.]
 [ 8. -5.]
 [ 6.  6.]
 [11. -2.]
 [ 6. -5.]
 [ 5.  7.]
 [ 7. -5.]
 [ 6.  6.]
 [11. -2.]
 [ 5. -5.]
 [ 5.  7.]
 [ 6. -5.]
 [ 6.  6.]
 [11. -2.]
 [ 4. -5.]
 [ 5.  7.]
 [ 5. -5.]
 [ 6.  6.]
 [11. -2.]
 [ 3. -5.]
 [ 5.  7.]
 [ 4. -5.]
 [ 6.  6.]
 [11. -2.]
 [ 2. -5.]
 [ 5.  7.]
 [ 3. -5.]
 [ 6.  6.]
 [11. -2.]
 [ 2. -5.]
 [ 5.  7.]
 [ 3. -5.]
 [ 6.  6.]
 [11. -2.]
 [ 1. -5.]
 [ 5.  7.]
 [ 2. -5.]
 [ 6.  6.]
 [11. -2.]]
