Maze:
##########################
#                        #
#                        #
#                        #
#                        #
#                        #
#     ##############     #
#     #            #     #
#     #            #     #
#     #C           #     #
#     #            #     #
#     #         B  #     #
#     #     A      #     #
#     #            #     #
#     #            #     #
#     #        S   #     #
#     #       D    #     #
#     #            #     #
#     #            #     #
#     ##############     #
#                        #
#                        #
#                        #
#                        #
#                        #
##########################
[[ 9.  9.]
 [ 6.  6.]
 [10.  5.]
 [ 1.  3.]
 [ 8. 10.]
 [10.  8.]
 [ 6.  6.]
 [ 9.  6.]
 [ 1.  3.]
 [ 7. 11.]
 [11.  9.]
 [ 6.  6.]
 [ 9.  7.]
 [ 1.  3.]
 [ 7. 12.]
 [12.  9.]
 [ 6.  6.]
 [ 9.  8.]
 [ 1.  3.]
 [ 7. 13.]
 [13.  9.]
 [ 6.  6.]
 [10.  8.]
 [ 1.  3.]
 [ 7. 13.]
 [14.  9.]
 [ 6.  6.]
 [11.  8.]
 [ 1.  3.]
 [ 7. 13.]
 [15.  9.]
 [ 6.  6.]
 [12.  8.]
 [ 1.  3.]
 [ 7. 13.]
 [16.  9.]
 [ 6.  6.]
 [13.  8.]
 [ 1.  3.]
 [ 7. 13.]
 [17.  9.]
 [ 6.  6.]
 [14.  8.]
 [ 1.  3.]
 [ 7. 13.]
 [17.  9.]
 [ 6.  6.]
 [15.  8.]
 [ 1.  3.]
 [ 7. 13.]
 [17.  9.]
 [ 6.  6.]
 [16.  8.]
 [ 1.  3.]
 [ 7. 14.]
 [17. 10.]
 [ 6.  6.]
 [17.  9.]
 [ 1.  3.]
 [ 7. 14.]
 [17. 11.]
 [ 6.  6.]
 [17. 10.]
 [ 1.  3.]
 [ 7. 14.]
 [17. 12.]
 [ 6.  6.]
 [17. 11.]
 [ 1.  3.]
 [ 7. 14.]
 [17. 13.]
 [ 6.  6.]
 [17. 12.]
 [ 1.  3.]
 [ 7. 14.]
 [17. 14.]
 [ 6.  6.]
 [17. 13.]
 [ 1.  3.]
 [ 7. 14.]
 [17. 15.]
 [ 6.  6.]
 [17. 14.]
 [ 1.  3.]
 [ 7. 14.]
 [17. 16.]
 [ 6.  6.]
 [17. 15.]
 [ 1.  3.]
 [ 7. 14.]
 [17. 17.]
 [ 6.  6.]
 [17. 16.]
 [ 1.  3.]
 [ 7. 14.]
 [17. 17.]
 [ 6.  6.]
 [17. 16.]
 [ 1.  3.]
 [ 7. 14.]]
