Maze:
##########################
#                        #
#                        #
#                        #
#                        #
#                        #
#     ##############     #
#     #         D  #     #
#     #          S #     #
#     #   C        #     #
#     # B          #     #
#     #            #     #
#     #     A      #     #
#     #            #     #
#     #            #     #
#     #            #     #
#     #            #     #
#     #            #     #
#     #            #     #
#     ##############     #
#                        #
#                        #
#                        #
#                        #
#                        #
##########################
[[11.  2.]
 [ 6.  6.]
 [ 2.  4.]
 [ 4.  3.]
 [10.  1.]
 [10.  1.]
 [ 6.  6.]
 [ 3.  3.]
 [ 5.  2.]
 [11.  2.]
 [11.  2.]
 [ 6.  6.]
 [ 4.  2.]
 [ 6.  1.]
 [10.  1.]
 [10.  1.]
 [ 6.  6.]
 [ 5.  1.]
 [ 7.  0.]
 [11.  2.]
 [11.  2.]
 [ 6.  6.]
 [ 6.  0.]
 [ 8.  0.]
 [10.  1.]
 [10.  1.]
 [ 6.  6.]
 [ 7.  0.]
 [ 9.  0.]
 [10.  2.]
 [10.  2.]
 [ 6.  6.]
 [ 8.  0.]
 [10.  0.]
 [10.  1.]
 [10.  2.]
 [ 6.  6.]
 [ 8.  0.]
 [11. -1.]
 [10.  1.]
 [10.  1.]
 [ 6.  6.]
 [ 9. -1.]
 [12. -1.]
 [10.  2.]
 [10.  2.]
 [ 6.  6.]
 [10. -1.]
 [13.  0.]
 [10.  1.]
 [10.  1.]
 [ 6.  6.]
 [11. -1.]
 [14.  1.]
 [10.  2.]
 [10.  2.]
 [ 6.  6.]
 [12.  0.]
 [15.  2.]
 [10.  1.]
 [10.  1.]
 [ 6.  6.]
 [13.  0.]
 [16.  3.]
 [10.  2.]
 [10.  2.]
 [ 6.  6.]
 [14.  1.]
 [17.  4.]
 [10.  1.]
 [10.  1.]
 [ 6.  6.]
 [15.  2.]
 [17.  5.]
 [10.  2.]
 [10.  2.]
 [ 6.  6.]
 [16.  3.]
 [17.  6.]
 [10.  1.]
 [10.  1.]
 [ 6.  6.]
 [16.  4.]
 [17.  7.]
 [10.  2.]
 [10.  2.]
 [ 6.  6.]
 [16.  5.]
 [17.  8.]
 [10.  1.]
 [10.  1.]
 [ 6.  6.]
 [16.  6.]
 [17.  9.]
 [10.  2.]
 [10.  2.]
 [ 6.  6.]
 [16.  7.]
 [17. 10.]
 [10.  1.]
 [10.  2.]
 [ 6.  6.]
 [16.  7.]
 [17. 10.]
 [10.  1.]
 [10.  1.]
 [ 6.  6.]
 [16.  8.]
 [17. 11.]
 [10.  2.]]
