Maze:
##########################
#                        #
#                        #
#                        #
#                        #
#                        #
#     ##############     #
#     #      S     #     #
#     #            #     #
#     #            #     #
#     #            #     #
#     #            #     #
#     #     A      #     #
#     #            #     #
#     #            #     #
#     #  B         #     #
#     #D           #     #
#     #           C#     #
#     #            #     #
#     ##############     #
#                        #
#                        #
#                        #
#                        #
#                        #
##########################
[[ 7.  1.]
 [ 6.  6.]
 [ 3.  9.]
 [12. 11.]
 [ 1. 10.]
 [ 7.  2.]
 [ 6.  6.]
 [ 4.  9.]
 [13. 11.]
 [ 2. 10.]
 [ 7.  3.]
 [ 6.  6.]
 [ 5. 10.]
 [14. 11.]
 [ 3.  9.]
 [ 7.  4.]
 [ 6.  6.]
 [ 6. 11.]
 [14. 11.]
 [ 4.  9.]
 [ 7.  5.]
 [ 6.  6.]
 [ 7. 12.]
 [15. 11.]
 [ 5.  9.]
 [ 7.  5.]
 [ 6.  6.]
 [ 8. 13.]
 [15. 11.]
 [ 6.  8.]
 [ 7.  5.]
 [ 6.  6.]
 [ 9. 14.]
 [16. 11.]
 [ 6.  7.]
 [ 7.  5.]
 [ 6.  6.]
 [10. 14.]
 [16. 11.]
 [ 6.  7.]
 [ 7.  5.]
 [ 6.  6.]
 [11. 14.]
 [17. 11.]
 [ 6.  7.]
 [ 7.  5.]
 [ 6.  6.]
 [12. 14.]
 [17. 11.]
 [ 6.  7.]
 [ 7.  5.]
 [ 6.  6.]
 [13. 14.]
 [17. 11.]
 [ 6.  7.]
 [ 7.  5.]
 [ 6.  6.]
 [14. 14.]
 [17. 10.]
 [ 6.  7.]
 [ 7.  5.]
 [ 6.  6.]
 [15. 13.]
 [17.  9.]
 [ 6.  7.]
 [ 7.  5.]
 [ 6.  6.]
 [16. 12.]
 [17.  8.]
 [ 6.  7.]
 [ 7.  5.]
 [ 6.  6.]
 [16. 11.]
 [17.  7.]
 [ 6.  7.]
 [ 7.  5.]
 [ 6.  6.]
 [16. 10.]
 [17.  6.]
 [ 6.  7.]
 [ 7.  5.]
 [ 6.  6.]
 [16.  9.]
 [17.  5.]
 [ 6.  7.]
 [ 7.  5.]
 [ 6.  6.]
 [16.  8.]
 [17.  4.]
 [ 6.  7.]
 [ 7.  5.]
 [ 6.  6.]
 [16.  7.]
 [17.  3.]
 [ 6.  7.]
 [ 7.  5.]
 [ 6.  6.]
 [16.  6.]
 [17.  2.]
 [ 6.  7.]
 [ 7.  5.]
 [ 6.  6.]
 [16.  6.]
 [17.  2.]
 [ 6.  7.]
 [ 7.  5.]
 [ 6.  6.]
 [16.  5.]
 [17.  1.]
 [ 6.  7.]]
