Maze:
##########################
#                        #
#                        #
#                        #
#                        #
#                        #
#     ##############     #
#     #            #     #
#     #            #     #
#     #  C         #     #
#     #            #     #
#     # B          #     #
#     #     S      #     #
#     #           D#     #
#     #            #     #
#     #            #     #
#     #        A   #     #
#     #            #     #
#     #            #     #
#     ##############     #
#                        #
#                        #
#                        #
#                        #
#                        #
##########################
[[ 6.  6.]
 [ 9. 10.]
 [ 2.  5.]
 [ 3.  3.]
 [12.  7.]
 [ 6.  6.]
 [10. 10.]
 [ 2.  4.]
 [ 4.  2.]
 [11.  7.]
 [ 6.  6.]
 [11.  9.]
 [ 3.  3.]
 [ 5.  2.]
 [10.  8.]
 [ 6.  6.]
 [10.  8.]
 [ 4.  3.]
 [ 6.  2.]
 [11.  9.]
 [ 6.  6.]
 [11.  9.]
 [ 5.  3.]
 [ 7.  2.]
 [10.  8.]
 [ 6.  6.]
 [10.  8.]
 [ 6.  3.]
 [ 8.  2.]
 [11.  9.]
 [ 6.  6.]
 [11.  9.]
 [ 7.  3.]
 [ 9.  2.]
 [10.  8.]
 [ 6.  6.]
 [10.  8.]
 [ 8.  3.]
 [10.  1.]
 [11.  9.]
 [ 6.  6.]
 [11.  9.]
 [ 8.  2.]
 [11.  0.]
 [10.  8.]
 [ 6.  6.]
 [10.  8.]
 [ 9.  1.]
 [12. -1.]
 [11.  9.]
 [ 6.  6.]
 [11.  9.]
 [10.  0.]
 [13. -2.]
 [10.  8.]
 [ 6.  6.]
 [10.  8.]
 [11. -1.]
 [14. -3.]
 [11.  9.]
 [ 6.  6.]
 [11.  9.]
 [12. -2.]
 [15. -4.]
 [10.  8.]
 [ 6.  6.]
 [10.  8.]
 [13. -3.]
 [16. -5.]
 [11.  9.]
 [ 6.  6.]
 [11.  9.]
 [14. -4.]
 [17. -5.]
 [10.  8.]
 [ 6.  6.]
 [10.  8.]
 [15. -4.]
 [17. -5.]
 [11.  9.]
 [ 6.  6.]
 [11.  9.]
 [16. -4.]
 [17. -5.]
 [10.  8.]
 [ 6.  6.]
 [10.  8.]
 [16. -4.]
 [17. -5.]
 [11.  9.]
 [ 6.  6.]
 [11.  9.]
 [16. -4.]
 [17. -5.]
 [10.  8.]]
