Maze:
##########################
#                        #
#                        #
#                        #
#                        #
#                        #
#     ##############     #
#     #   C        #     #
#     #        B   #     #
#     #            #     #
#     #            #     #
#     #            #     #
#     #     S      #     #
#     #            #     #
#     #         A  #     #
#     #            #     #
#     #            #     #
#     # D          #     #
#     #            #     #
#     ##############     #
#                        #
#                        #
#                        #
#                        #
#                        #
##########################
[[ 6.  6.]
 [10.  8.]
 [ 9.  2.]
 [ 4.  1.]
 [ 2. 11.]
 [ 6.  6.]
 [11.  9.]
 [ 8.  2.]
 [ 3.  1.]
 [ 2. 11.]
 [ 6.  6.]
 [12. 10.]
 [ 7.  2.]
 [ 2.  1.]
 [ 2. 11.]
 [ 6.  6.]
 [12. 11.]
 [ 6.  2.]
 [ 1.  1.]
 [ 2. 11.]
 [ 6.  6.]
 [12. 11.]
 [ 5.  2.]
 [ 0.  1.]
 [ 2. 11.]
 [ 6.  6.]
 [12. 11.]
 [ 4.  2.]
 [-1.  1.]
 [ 2. 11.]
 [ 6.  6.]
 [12. 11.]
 [ 3.  2.]
 [-2.  1.]
 [ 2. 11.]
 [ 6.  6.]
 [12. 11.]
 [ 2.  2.]
 [-3.  1.]
 [ 2. 11.]
 [ 6.  6.]
 [12. 11.]
 [ 1.  2.]
 [-4.  1.]
 [ 2. 11.]
 [ 6.  6.]
 [12. 11.]
 [ 0.  2.]
 [-5.  1.]
 [ 2. 11.]
 [ 6.  6.]
 [12. 11.]
 [-1.  2.]
 [-5.  1.]
 [ 2. 11.]
 [ 6.  6.]
 [12. 11.]
 [-2.  2.]
 [-5.  1.]
 [ 2. 11.]
 [ 6.  6.]
 [12. 11.]
 [-3.  2.]
 [-5.  1.]
 [ 2. 11.]
 [ 6.  6.]
 [12. 11.]
 [-4.  2.]
 [-5.  1.]
 [ 2. 11.]
 [ 6.  6.]
 [12. 11.]
 [-5.  1.]
 [-5.  0.]
 [ 2. 11.]
 [ 6.  6.]
 [12. 11.]
 [-5.  0.]
 [-5. -1.]
 [ 2. 11.]
 [ 6.  6.]
 [12. 11.]
 [-5. -1.]
 [-5. -2.]
 [ 2. 11.]
 [ 6.  6.]
 [12. 11.]
 [-5. -2.]
 [-5. -3.]
 [ 2. 11.]
 [ 6.  6.]
 [12. 11.]
 [-5. -3.]
 [-5. -4.]
 [ 2. 11.]
 [ 6.  6.]
 [12. 11.]
 [-5. -4.]
 [-5. -5.]
 [ 2. 11.]
 [ 6.  6.]
 [12. 11.]
 [-5. -4.]
 [-5. -5.]
 [ 2. 11.]]
