Maze:
##########################
#                        #
#                        #
#                        #
#                        #
#                        #
#     ##############     #
#     #            #     #
#     #     S      #     #
#     #            #     #
#     #            #     #
#     #            #     #
#     #     D      #     #
#     #          A #     #
#     #            #     #
#     #            #     #
#     #            #     #
#     #      C     #     #
#     #   B        #     #
#     ##############     #
#                        #
#                        #
#                        #
#                        #
#                        #
##########################
[[ 6.  2.]
 [11.  7.]
 [ 4. 12.]
 [ 7. 11.]
 [ 6.  6.]
 [ 6.  3.]
 [11.  7.]
 [ 5. 12.]
 [ 8. 11.]
 [ 6.  6.]
 [ 6.  4.]
 [11.  6.]
 [ 6. 12.]
 [ 9. 11.]
 [ 6.  6.]
 [ 6.  5.]
 [11.  6.]
 [ 7. 12.]
 [10. 11.]
 [ 6.  6.]
 [ 6.  5.]
 [12.  5.]
 [ 8. 12.]
 [11. 11.]
 [ 6.  6.]
 [ 6.  5.]
 [12.  4.]
 [ 9. 12.]
 [12. 11.]
 [ 6.  6.]
 [ 6.  5.]
 [12.  3.]
 [10. 12.]
 [13. 11.]
 [ 6.  6.]
 [ 6.  5.]
 [12.  2.]
 [11. 12.]
 [14. 11.]
 [ 6.  6.]
 [ 6.  5.]
 [12.  2.]
 [12. 12.]
 [15. 11.]
 [ 6.  6.]
 [ 6.  5.]
 [12.  2.]
 [13. 12.]
 [16. 11.]
 [ 6.  6.]
 [ 6.  5.]
 [12.  2.]
 [14. 12.]
 [17. 11.]
 [ 6.  6.]
 [ 6.  5.]
 [12.  2.]
 [15. 12.]
 [17. 11.]
 [ 6.  6.]
 [ 6.  5.]
 [12.  2.]
 [16. 12.]
 [17. 11.]
 [ 6.  6.]
 [ 6.  5.]
 [12.  2.]
 [17. 11.]
 [17. 10.]
 [ 6.  6.]
 [ 6.  5.]
 [12.  2.]
 [17. 10.]
 [17.  9.]
 [ 6.  6.]
 [ 6.  5.]
 [12.  2.]
 [17.  9.]
 [17.  8.]
 [ 6.  6.]
 [ 6.  5.]
 [12.  2.]
 [17.  8.]
 [17.  7.]
 [ 6.  6.]
 [ 6.  5.]
 [12.  1.]
 [17.  7.]
 [17.  6.]
 [ 6.  6.]
 [ 6.  5.]
 [12.  0.]
 [17.  6.]
 [17.  5.]
 [ 6.  6.]
 [ 6.  5.]
 [12. -1.]
 [17.  5.]
 [17.  4.]
 [ 6.  6.]
 [ 6.  5.]
 [12. -1.]
 [17.  5.]
 [17.  4.]
 [ 6.  6.]
 [ 6.  5.]
 [12. -2.]
 [17.  4.]
 [17.  3.]
 [ 6.  6.]]
