Maze:
##########################
#                        #
#                        #
#                        #
#                        #
#                        #
#     ##############     #
#     #            #     #
#     #            #     #
#     #        D   #     #
#     #            #     #
#     #            #     #
#     # S   A      #     #
#     #            #     #
#     #         C  #     #
#     #            #     #
#     #            #     #
#     #           B#     #
#     #            #     #
#     ##############     #
#                        #
#                        #
#                        #
#                        #
#                        #
##########################
[[ 2.  6.]
 [ 6.  6.]
 [12. 11.]
 [10.  8.]
 [ 9.  3.]
 [ 3.  6.]
 [ 6.  6.]
 [11. 10.]
 [10.  7.]
 [ 9.  4.]
 [ 4.  6.]
 [ 6.  6.]
 [11.  9.]
 [10.  6.]
 [ 9.  5.]
 [ 5.  6.]
 [ 6.  6.]
 [11.  8.]
 [11.  6.]
 [ 9.  6.]
 [ 5.  6.]
 [ 6.  6.]
 [11.  7.]
 [11.  5.]
 [10.  6.]
 [ 5.  6.]
 [ 6.  6.]
 [12.  6.]
 [11.  4.]
 [11.  6.]
 [ 5.  6.]
 [ 6.  6.]
 [13.  6.]
 [11.  3.]
 [12.  5.]
 [ 5.  6.]
 [ 6.  6.]
 [14.  7.]
 [11.  2.]
 [12.  5.]
 [ 5.  6.]
 [ 6.  6.]
 [15.  7.]
 [11.  1.]
 [11.  4.]
 [ 5.  6.]
 [ 6.  6.]
 [15.  7.]
 [11.  0.]
 [10.  3.]
 [ 5.  6.]
 [ 6.  6.]
 [15.  7.]
 [11. -1.]
 [10.  2.]
 [ 5.  6.]
 [ 6.  6.]
 [15.  7.]
 [11. -2.]
 [10.  1.]
 [ 5.  6.]
 [ 6.  6.]
 [15.  7.]
 [11. -3.]
 [10.  0.]
 [ 5.  6.]
 [ 6.  6.]
 [15.  7.]
 [11. -4.]
 [10. -1.]
 [ 5.  6.]
 [ 6.  6.]
 [15.  7.]
 [11. -5.]
 [10. -2.]
 [ 5.  6.]
 [ 6.  6.]
 [15.  7.]
 [11. -5.]
 [10. -3.]
 [ 5.  6.]
 [ 6.  6.]
 [15.  7.]
 [11. -5.]
 [10. -4.]
 [ 5.  6.]
 [ 6.  6.]
 [15.  7.]
 [12. -5.]
 [11. -5.]
 [ 5.  6.]
 [ 6.  6.]
 [15.  7.]
 [13. -5.]
 [12. -5.]
 [ 5.  6.]
 [ 6.  6.]
 [15.  7.]
 [14. -5.]
 [13. -5.]
 [ 5.  6.]
 [ 6.  6.]
 [15.  7.]
 [14. -5.]
 [13. -5.]
 [ 5.  6.]
 [ 6.  6.]
 [15.  7.]
 [15. -5.]
 [14. -5.]]
