Maze:
##########################
#                        #
#                        #
#                        #
#                        #
#                        #
#     ##############     #
#     #            #     #
#     #        C   #     #
#     #            #     #
#     #   B        #     #
#     #            #     #
#     #     D      #     #
#     #      S     #     #
#     #            #     #
#     #A           #     #
#     #            #     #
#     #            #     #
#     #            #     #
#     ##############     #
#                        #
#                        #
#                        #
#                        #
#                        #
##########################
[[ 7.  7.]
 [ 1.  9.]
 [ 4.  4.]
 [ 9.  2.]
 [ 6.  6.]
 [ 7.  7.]
 [ 1.  9.]
 [ 4.  3.]
 [10.  2.]
 [ 6.  6.]
 [ 7.  7.]
 [ 1.  9.]
 [ 5.  2.]
 [11.  2.]
 [ 6.  6.]
 [ 7.  7.]
 [ 1.  9.]
 [ 6.  1.]
 [12.  2.]
 [ 6.  6.]
 [ 7.  7.]
 [ 1.  9.]
 [ 7.  1.]
 [13.  2.]
 [ 6.  6.]
 [ 7.  7.]
 [ 1.  9.]
 [ 8.  1.]
 [14.  2.]
 [ 6.  6.]
 [ 7.  7.]
 [ 1.  9.]
 [ 9.  1.]
 [15.  2.]
 [ 6.  6.]
 [ 7.  7.]
 [ 1.  9.]
 [10.  1.]
 [16.  2.]
 [ 6.  6.]
 [ 7.  7.]
 [ 1.  9.]
 [11.  1.]
 [17.  2.]
 [ 6.  6.]
 [ 7.  7.]
 [ 1.  9.]
 [12.  1.]
 [17.  2.]
 [ 6.  6.]
 [ 7.  7.]
 [ 1.  9.]
 [13.  1.]
 [17.  2.]
 [ 6.  6.]
 [ 7.  7.]
 [ 1.  9.]
 [14.  1.]
 [17.  2.]
 [ 6.  6.]
 [ 7.  7.]
 [ 1.  9.]
 [15.  1.]
 [17.  2.]
 [ 6.  6.]
 [ 7.  7.]
 [ 1.  9.]
 [16.  1.]
 [17.  2.]
 [ 6.  6.]
 [ 7.  7.]
 [ 1.  9.]
 [17.  2.]
 [17.  3.]
 [ 6.  6.]
 [ 7.  7.]
 [ 1.  9.]
 [17.  3.]
 [17.  4.]
 [ 6.  6.]
 [ 7.  7.]
 [ 1.  9.]
 [17.  4.]
 [17.  5.]
 [ 6.  6.]
 [ 7.  7.]
 [ 1.  9.]
 [17.  5.]
 [17.  6.]
 [ 6.  6.]
 [ 7.  7.]
 [ 1.  9.]
 [17.  6.]
 [17.  7.]
 [ 6.  6.]
 [ 7.  7.]
 [ 1.  9.]
 [17.  7.]
 [17.  8.]
 [ 6.  6.]
 [ 7.  7.]
 [ 1.  9.]
 [17.  7.]
 [17.  8.]
 [ 6.  6.]
 [ 7.  7.]
 [ 1.  9.]
 [17.  8.]
 [17.  9.]
 [ 6.  6.]]
