Maze:
##########################
#                        #
#                        #
#                        #
#                        #
#                        #
#     ##############     #
#     #            #     #
#     #            #     #
#     #            #     #
#     # B          #     #
#     #         S  #     #
#     #     AC     #     #
#     #            #     #
#     #            #     #
#     #            #     #
#     #            #     #
#     #     D      #     #
#     #            #     #
#     ##############     #
#                        #
#                        #
#                        #
#                        #
#                        #
##########################
[[10.  5.]
 [ 6.  6.]
 [ 2.  4.]
 [ 7.  6.]
 [ 6. 11.]
 [11.  5.]
 [ 6.  6.]
 [ 1.  4.]
 [ 8.  6.]
 [ 6. 10.]
 [12.  5.]
 [ 6.  6.]
 [ 1.  4.]
 [ 9.  6.]
 [ 6.  9.]
 [13.  5.]
 [ 6.  6.]
 [ 1.  4.]
 [10.  6.]
 [ 6.  8.]
 [14.  5.]
 [ 6.  6.]
 [ 1.  4.]
 [11.  6.]
 [ 6.  7.]
 [15.  5.]
 [ 6.  6.]
 [ 1.  4.]
 [12.  6.]
 [ 6.  7.]
 [16.  5.]
 [ 6.  6.]
 [ 1.  4.]
 [13.  6.]
 [ 6.  7.]
 [17.  5.]
 [ 6.  6.]
 [ 1.  4.]
 [14.  6.]
 [ 6.  7.]
 [17.  5.]
 [ 6.  6.]
 [ 1.  4.]
 [15.  6.]
 [ 6.  7.]
 [17.  5.]
 [ 6.  6.]
 [ 1.  4.]
 [16.  6.]
 [ 6.  7.]
 [17.  4.]
 [ 6.  6.]
 [ 1.  4.]
 [17.  5.]
 [ 6.  7.]
 [17.  3.]
 [ 6.  6.]
 [ 1.  4.]
 [17.  4.]
 [ 6.  7.]
 [17.  2.]
 [ 6.  6.]
 [ 1.  4.]
 [17.  3.]
 [ 6.  7.]
 [17.  1.]
 [ 6.  6.]
 [ 1.  4.]
 [17.  2.]
 [ 6.  7.]
 [17.  0.]
 [ 6.  6.]
 [ 1.  4.]
 [17.  1.]
 [ 6.  7.]
 [17. -1.]
 [ 6.  6.]
 [ 1.  4.]
 [17.  0.]
 [ 6.  7.]
 [17. -2.]
 [ 6.  6.]
 [ 1.  4.]
 [17. -1.]
 [ 6.  7.]
 [17. -3.]
 [ 6.  6.]
 [ 1.  4.]
 [17. -2.]
 [ 6.  7.]
 [17. -4.]
 [ 6.  6.]
 [ 1.  4.]
 [17. -3.]
 [ 6.  7.]
 [17. -5.]
 [ 6.  6.]
 [ 1.  4.]
 [17. -4.]
 [ 6.  7.]
 [17. -5.]
 [ 6.  6.]
 [ 1.  4.]
 [17. -4.]
 [ 6.  7.]]
