Maze:
##########################
#                        #
#                        #
#                        #
#                        #
#                        #
#     ##############     #
#     # S          #     #
#     #            #     #
#     #          B #     #
#     #            #     #
#     #C           #     #
#     #     D      #     #
#     #         A  #     #
#     #            #     #
#     #            #     #
#     #            #     #
#     #            #     #
#     #            #     #
#     ##############     #
#                        #
#                        #
#                        #
#                        #
#                        #
##########################
[[ 2.  1.]
 [10.  7.]
 [11.  3.]
 [ 1.  5.]
 [ 6.  6.]
 [ 3.  0.]
 [10.  6.]
 [11.  2.]
 [ 0.  5.]
 [ 6.  6.]
 [ 4.  0.]
 [10.  5.]
 [11.  1.]
 [-1.  5.]
 [ 6.  6.]
 [ 4.  0.]
 [10.  4.]
 [11.  0.]
 [-1.  5.]
 [ 6.  6.]
 [ 4.  0.]
 [10.  3.]
 [11. -1.]
 [-1.  5.]
 [ 6.  6.]
 [ 5.  0.]
 [10.  2.]
 [11. -2.]
 [-1.  5.]
 [ 6.  6.]
 [ 5.  1.]
 [10.  1.]
 [11. -3.]
 [-1.  5.]
 [ 6.  6.]
 [ 6.  2.]
 [10.  0.]
 [11. -4.]
 [-1.  5.]
 [ 6.  6.]
 [ 6.  3.]
 [10. -1.]
 [11. -5.]
 [-1.  5.]
 [ 6.  6.]
 [ 6.  4.]
 [10. -2.]
 [11. -5.]
 [-1.  5.]
 [ 6.  6.]
 [ 6.  5.]
 [10. -3.]
 [11. -5.]
 [-1.  5.]
 [ 6.  6.]
 [ 6.  5.]
 [10. -4.]
 [11. -5.]
 [-1.  5.]
 [ 6.  6.]
 [ 6.  5.]
 [11. -5.]
 [12. -5.]
 [-1.  5.]
 [ 6.  6.]
 [ 6.  5.]
 [12. -5.]
 [13. -5.]
 [-1.  5.]
 [ 6.  6.]
 [ 6.  5.]
 [13. -5.]
 [14. -5.]
 [-1.  5.]
 [ 6.  6.]
 [ 6.  5.]
 [14. -5.]
 [15. -5.]
 [-1.  5.]
 [ 6.  6.]
 [ 6.  5.]
 [15. -5.]
 [16. -5.]
 [-1.  5.]
 [ 6.  6.]
 [ 6.  5.]
 [16. -5.]
 [17. -5.]
 [-1.  5.]
 [ 6.  6.]
 [ 6.  5.]
 [16. -5.]
 [17. -5.]
 [-1.  5.]
 [ 6.  6.]]
