Maze:
##########################
#                        #
#                        #
#                        #
#                        #
#                        #
#     ##############     #
#     #            #     #
#     #      A     #     #
#     #            #     #
#     #            #     #
#     #            #     #
#     #     B      #     #
#     #    S       #     #
#     #         D  #     #
#     #     C      #     #
#     #            #     #
#     #            #     #
#     #            #     #
#     ##############     #
#                        #
#                        #
#                        #
#                        #
#                        #
##########################
[[ 5.  7.]
 [ 7.  2.]
 [ 6.  6.]
 [ 6.  9.]
 [10.  8.]
 [ 4.  7.]
 [ 7.  3.]
 [ 6.  6.]
 [ 5.  9.]
 [10.  8.]
 [ 3.  6.]
 [ 7.  4.]
 [ 6.  6.]
 [ 4.  9.]
 [10.  8.]
 [ 3.  5.]
 [ 7.  5.]
 [ 6.  6.]
 [ 3.  9.]
 [10.  8.]
 [ 3.  4.]
 [ 7.  5.]
 [ 6.  6.]
 [ 2.  9.]
 [10.  7.]
 [ 3.  3.]
 [ 7.  5.]
 [ 6.  6.]
 [ 2.  9.]
 [ 9.  6.]
 [ 4.  2.]
 [ 7.  5.]
 [ 6.  6.]
 [ 2.  9.]
 [ 8.  5.]
 [ 5.  2.]
 [ 8.  6.]
 [ 6.  6.]
 [ 2.  9.]
 [ 7.  5.]
 [ 6.  2.]
 [ 7.  6.]
 [ 6.  6.]
 [ 1.  9.]
 [ 8.  6.]
 [ 7.  3.]
 [ 7.  6.]
 [ 6.  6.]
 [ 1.  9.]
 [ 8.  6.]
 [ 8.  4.]
 [ 7.  6.]
 [ 6.  6.]
 [ 1.  9.]
 [ 8.  6.]
 [ 8.  5.]
 [ 7.  6.]
 [ 6.  6.]
 [ 1.  9.]
 [ 8.  6.]
 [ 8.  6.]
 [ 7.  5.]
 [ 6.  6.]
 [ 1.  9.]
 [ 7.  7.]
 [ 7.  7.]
 [ 7.  6.]
 [ 6.  6.]
 [ 0.  9.]
 [ 6.  8.]
 [ 6.  8.]
 [ 6.  7.]
 [ 6.  6.]
 [-1.  9.]
 [ 5.  9.]
 [ 5.  8.]
 [ 6.  7.]
 [ 6.  6.]
 [-2.  9.]
 [ 4. 10.]
 [ 5.  9.]
 [ 6.  7.]
 [ 6.  6.]
 [-3.  9.]
 [ 4. 11.]
 [ 5. 10.]
 [ 6.  7.]
 [ 6.  6.]
 [-3.  9.]
 [ 4. 12.]
 [ 5. 11.]
 [ 6.  7.]
 [ 6.  6.]
 [-3.  9.]
 [ 4. 13.]
 [ 5. 12.]
 [ 6.  7.]
 [ 6.  6.]
 [-3.  9.]
 [ 4. 14.]
 [ 5. 12.]
 [ 6.  7.]
 [ 6.  6.]
 [-3.  9.]
 [ 4. 14.]
 [ 5. 13.]
 [ 6.  7.]
 [ 6.  6.]
 [-3.  9.]
 [ 4. 15.]]
