Maze:
##########################
#                        #
#                        #
#                        #
#                        #
#                        #
#     ##############     #
#     #            #     #
#     #           S#     #
#     #  C         #     #
#     #            #     #
#     #            #     #
#     #     B      #     #
#     #        A   #     #
#     #            #     #
#     #            #     #
#     #   D        #     #
#     #            #     #
#     #            #     #
#     ##############     #
#                        #
#                        #
#                        #
#                        #
#                        #
##########################
[[12.  2.]
 [ 9.  7.]
 [ 6.  6.]
 [ 3.  3.]
 [ 4. 10.]
 [12.  2.]
 [ 8.  7.]
 [ 6.  6.]
 [ 3.  2.]
 [ 4. 10.]
 [12.  2.]
 [ 7.  7.]
 [ 6.  6.]
 [ 3.  2.]
 [ 4. 10.]
 [12.  2.]
 [ 7.  7.]
 [ 6.  6.]
 [ 3.  2.]
 [ 5.  9.]
 [12.  2.]
 [ 7.  7.]
 [ 6.  6.]
 [ 3.  1.]
 [ 6.  8.]
 [12.  2.]
 [ 6.  7.]
 [ 6.  6.]
 [ 3.  1.]
 [ 7.  7.]
 [12.  2.]
 [ 7.  6.]
 [ 6.  6.]
 [ 3.  1.]
 [ 6.  7.]
 [12.  2.]
 [ 7.  6.]
 [ 6.  6.]
 [ 3.  0.]
 [ 7.  7.]
 [12.  2.]
 [ 6.  7.]
 [ 6.  6.]
 [ 3.  0.]
 [ 7.  6.]
 [12.  2.]
 [ 6.  7.]
 [ 6.  6.]
 [ 3.  0.]
 [ 7.  7.]
 [12.  2.]
 [ 7.  6.]
 [ 6.  6.]
 [ 3.  0.]
 [ 6.  7.]
 [12.  2.]
 [ 7.  6.]
 [ 6.  6.]
 [ 3.  0.]
 [ 7.  7.]
 [12.  2.]
 [ 6.  7.]
 [ 6.  6.]
 [ 3.  0.]
 [ 7.  6.]
 [12.  2.]
 [ 6.  7.]
 [ 6.  6.]
 [ 3.  0.]
 [ 7.  7.]
 [12.  2.]
 [ 7.  6.]
 [ 6.  6.]
 [ 3.  0.]
 [ 6.  7.]
 [12.  2.]
 [ 7.  6.]
 [ 6.  6.]
 [ 3.  0.]
 [ 7.  7.]
 [12.  2.]
 [ 6.  7.]
 [ 6.  6.]
 [ 3.  0.]
 [ 7.  6.]
 [12.  2.]
 [ 6.  7.]
 [ 6.  6.]
 [ 3.  0.]
 [ 7.  7.]
 [12.  2.]
 [ 7.  6.]
 [ 6.  6.]
 [ 3.  0.]
 [ 6.  7.]
 [12.  2.]
 [ 7.  6.]
 [ 6.  6.]
 [ 3.  0.]
 [ 7.  7.]
 [12.  2.]
 [ 7.  6.]
 [ 6.  6.]
 [ 3.  0.]
 [ 7.  7.]
 [12.  2.]
 [ 6.  7.]
 [ 6.  6.]
 [ 3.  0.]
 [ 7.  6.]]
