Maze:
##########################
#                        #
#                        #
#                        #
#                        #
#                        #
#     ##############     #
#     #         C  #     #
#     #            #     #
#     #            #     #
#     #      B     #     #
#     #            #     #
#     #     A      #     #
#     #            #     #
#     #            #     #
#     #            #     #
#     #S           #     #
#     #   D        #     #
#     #            #     #
#     ##############     #
#                        #
#                        #
#                        #
#                        #
#                        #
##########################
[[ 1. 10.]
 [ 6.  6.]
 [ 7.  4.]
 [10.  1.]
 [ 4. 11.]
 [ 0. 10.]
 [ 6.  6.]
 [ 7.  3.]
 [11.  0.]
 [ 3. 11.]
 [-1. 10.]
 [ 6.  6.]
 [ 7.  2.]
 [12.  0.]
 [ 2. 11.]
 [-2. 10.]
 [ 6.  6.]
 [ 7.  1.]
 [13.  0.]
 [ 1. 11.]
 [-3. 10.]
 [ 6.  6.]
 [ 7.  0.]
 [13.  0.]
 [ 0. 11.]
 [-4. 10.]
 [ 6.  6.]
 [ 7. -1.]
 [14.  0.]
 [-1. 11.]
 [-5. 10.]
 [ 6.  6.]
 [ 7. -1.]
 [14.  0.]
 [-2. 11.]
 [-5. 10.]
 [ 6.  6.]
 [ 7. -1.]
 [14.  0.]
 [-3. 11.]
 [-5. 10.]
 [ 6.  6.]
 [ 7. -1.]
 [14.  0.]
 [-4. 11.]
 [-5.  9.]
 [ 6.  6.]
 [ 7. -1.]
 [14.  0.]
 [-5. 10.]
 [-5.  8.]
 [ 6.  6.]
 [ 7. -1.]
 [14.  0.]
 [-5.  9.]
 [-5.  7.]
 [ 6.  6.]
 [ 7. -1.]
 [14.  0.]
 [-5.  8.]
 [-5.  6.]
 [ 6.  6.]
 [ 7. -1.]
 [14.  0.]
 [-5.  7.]
 [-5.  5.]
 [ 6.  6.]
 [ 7. -1.]
 [14.  0.]
 [-5.  6.]
 [-5.  4.]
 [ 6.  6.]
 [ 7. -1.]
 [14.  0.]
 [-5.  5.]
 [-5.  3.]
 [ 6.  6.]
 [ 7. -1.]
 [14.  0.]
 [-5.  4.]
 [-5.  2.]
 [ 6.  6.]
 [ 7. -1.]
 [14.  0.]
 [-5.  3.]
 [-5.  1.]
 [ 6.  6.]
 [ 7. -1.]
 [14.  0.]
 [-5.  2.]
 [-5.  0.]
 [ 6.  6.]
 [ 7. -1.]
 [14.  0.]
 [-5.  1.]
 [-5. -1.]
 [ 6.  6.]
 [ 7. -1.]
 [14.  0.]
 [-5.  0.]
 [-5. -1.]
 [ 6.  6.]
 [ 7. -1.]
 [14.  0.]
 [-5.  0.]
 [-5. -2.]
 [ 6.  6.]
 [ 7. -2.]
 [14.  0.]
 [-5. -1.]]
