Maze:
##########################
#                        #
#                        #
#                        #
#                        #
#                        #
#     ##############     #
#     #            #     #
#     #            #     #
#     #            #     #
#     #            #     #
#     #            #     #
#     #     S      #     #
#     #            #     #
#     # A          #     #
#     #        B   #     #
#     #          D #     #
#     #            #     #
#     #         C  #     #
#     ##############     #
#                        #
#                        #
#                        #
#                        #
#                        #
##########################
[[ 6.  6.]
 [ 2.  8.]
 [ 9.  9.]
 [10. 12.]
 [11. 10.]
 [ 6.  6.]
 [ 2.  8.]
 [ 8.  8.]
 [10. 13.]
 [11. 11.]
 [ 6.  6.]
 [ 3.  8.]
 [ 7.  7.]
 [10. 14.]
 [11. 12.]
 [ 6.  6.]
 [ 4.  8.]
 [ 7.  7.]
 [10. 15.]
 [11. 13.]
 [ 6.  6.]
 [ 5.  8.]
 [ 7.  7.]
 [10. 16.]
 [11. 14.]
 [ 6.  6.]
 [ 6.  7.]
 [ 7.  6.]
 [10. 17.]
 [11. 15.]
 [ 6.  6.]
 [ 6.  7.]
 [ 6.  5.]
 [10. 17.]
 [11. 16.]
 [ 6.  6.]
 [ 6.  7.]
 [ 6.  5.]
 [ 9. 17.]
 [10. 17.]
 [ 6.  6.]
 [ 6.  7.]
 [ 6.  5.]
 [ 8. 17.]
 [ 9. 17.]
 [ 6.  6.]
 [ 6.  7.]
 [ 6.  5.]
 [ 7. 17.]
 [ 8. 17.]
 [ 6.  6.]
 [ 6.  7.]
 [ 6.  5.]
 [ 6. 17.]
 [ 7. 17.]
 [ 6.  6.]
 [ 6.  7.]
 [ 6.  5.]
 [ 5. 17.]
 [ 6. 17.]
 [ 6.  6.]
 [ 6.  7.]
 [ 6.  5.]
 [ 4. 17.]
 [ 5. 17.]
 [ 6.  6.]
 [ 6.  7.]
 [ 6.  5.]
 [ 3. 17.]
 [ 4. 17.]
 [ 6.  6.]
 [ 6.  7.]
 [ 6.  5.]
 [ 2. 17.]
 [ 3. 17.]
 [ 6.  6.]
 [ 6.  7.]
 [ 6.  5.]
 [ 1. 17.]
 [ 2. 17.]
 [ 6.  6.]
 [ 6.  7.]
 [ 6.  5.]
 [ 0. 17.]
 [ 1. 17.]
 [ 6.  6.]
 [ 6.  7.]
 [ 6.  5.]
 [-1. 17.]
 [ 0. 17.]
 [ 6.  6.]
 [ 6.  7.]
 [ 6.  5.]
 [-2. 17.]
 [-1. 17.]
 [ 6.  6.]
 [ 6.  7.]
 [ 6.  5.]
 [-3. 17.]
 [-2. 17.]
 [ 6.  6.]
 [ 6.  7.]
 [ 6.  5.]
 [-3. 17.]
 [-2. 17.]
 [ 6.  6.]
 [ 6.  7.]
 [ 6.  5.]
 [-4. 17.]
 [-3. 17.]]
