Maze:
##########################
#                        #
#                        #
#                        #
#                        #
#                        #
#     ##############     #
#     #            #     #
#     #            #     #
#     #            #     #
#     #   B        #     #
#     #            #     #
#     #     S  C   #     #
#     #           D#     #
#     #            #     #
#     #            #     #
#     #            #     #
#     #            #     #
#     #      A     #     #
#     ##############     #
#                        #
#                        #
#                        #
#                        #
#                        #
##########################
[[ 6.  6.]
 [ 7. 12.]
 [ 4.  4.]
 [ 9.  6.]
 [12.  7.]
 [ 6.  6.]
 [ 7. 12.]
 [ 5.  5.]
 [ 8.  6.]
 [11.  7.]
 [ 6.  6.]
 [ 7. 12.]
 [ 5.  5.]
 [ 7.  6.]
 [10.  7.]
 [ 6.  6.]
 [ 7. 12.]
 [ 5.  5.]
 [ 8.  7.]
 [ 9.  7.]
 [ 6.  6.]
 [ 7. 12.]
 [ 5.  5.]
 [ 7.  7.]
 [ 8.  7.]
 [ 6.  6.]
 [ 7. 12.]
 [ 5.  5.]
 [ 6.  7.]
 [ 7.  7.]
 [ 6.  6.]
 [ 7. 12.]
 [ 5.  5.]
 [ 5.  7.]
 [ 6.  7.]
 [ 6.  6.]
 [ 7. 12.]
 [ 5.  5.]
 [ 4.  7.]
 [ 5.  8.]
 [ 6.  6.]
 [ 7. 12.]
 [ 5.  5.]
 [ 3.  6.]
 [ 4.  8.]
 [ 6.  6.]
 [ 7. 12.]
 [ 5.  5.]
 [ 2.  5.]
 [ 3.  7.]
 [ 6.  6.]
 [ 7. 12.]
 [ 5.  5.]
 [ 1.  4.]
 [ 2.  6.]
 [ 6.  6.]
 [ 7. 12.]
 [ 5.  5.]
 [ 0.  3.]
 [ 1.  5.]
 [ 6.  6.]
 [ 7. 12.]
 [ 5.  5.]
 [ 0.  2.]
 [ 0.  4.]
 [ 6.  6.]
 [ 7. 12.]
 [ 5.  5.]
 [ 0.  1.]
 [ 0.  3.]
 [ 6.  6.]
 [ 7. 12.]
 [ 5.  5.]
 [ 0.  0.]
 [ 0.  2.]
 [ 6.  6.]
 [ 7. 12.]
 [ 5.  5.]
 [ 0. -1.]
 [ 0.  1.]
 [ 6.  6.]
 [ 7. 12.]
 [ 5.  5.]
 [ 0. -2.]
 [ 0.  0.]
 [ 6.  6.]
 [ 7. 12.]
 [ 5.  5.]
 [ 0. -3.]
 [ 0. -1.]
 [ 6.  6.]
 [ 7. 12.]
 [ 5.  5.]
 [ 0. -4.]
 [ 0. -2.]
 [ 6.  6.]
 [ 7. 12.]
 [ 5.  5.]
 [ 0. -5.]
 [ 0. -3.]
 [ 6.  6.]
 [ 7. 12.]
 [ 5.  5.]
 [ 0. -5.]
 [ 0. -3.]
 [ 6.  6.]
 [ 7. 12.]
 [ 5.  5.]
 [ 0. -5.]
 [ 0. -4.]]
