Maze:
##########################
#                        #
#                        #
#                        #
#                        #
#                        #
#     ##############     #
#     #            #     #
#     #            #     #
#     #            #     #
#     #            #     #
#     #            #     #
#     #     D      #     #
#     #            #     #
#     #      C     #     #
#     #       S    #     #
#     #B           #     #
#     #     A      #     #
#     #            #     #
#     ##############     #
#                        #
#                        #
#                        #
#                        #
#                        #
##########################
[[ 8.  9.]
 [ 6. 11.]
 [ 1. 10.]
 [ 7.  8.]
 [ 6.  6.]
 [ 9. 10.]
 [ 5. 11.]
 [ 1. 10.]
 [ 7.  9.]
 [ 6.  6.]
 [10. 11.]
 [ 4. 11.]
 [ 0. 10.]
 [ 7. 10.]
 [ 6.  6.]
 [11. 11.]
 [ 3. 11.]
 [-1. 10.]
 [ 6. 11.]
 [ 6.  6.]
 [11. 11.]
 [ 2. 11.]
 [-2. 10.]
 [ 5. 11.]
 [ 6.  6.]
 [11. 11.]
 [ 1. 11.]
 [-3. 10.]
 [ 4. 11.]
 [ 6.  6.]
 [11. 11.]
 [ 0. 11.]
 [-4. 10.]
 [ 3. 11.]
 [ 6.  6.]
 [11. 11.]
 [-1. 11.]
 [-5. 10.]
 [ 2. 11.]
 [ 6.  6.]
 [11. 11.]
 [-2. 11.]
 [-5. 10.]
 [ 1. 11.]
 [ 6.  6.]
 [11. 11.]
 [-3. 11.]
 [-5. 10.]
 [ 0. 11.]
 [ 6.  6.]
 [11. 11.]
 [-4. 11.]
 [-5. 10.]
 [-1. 11.]
 [ 6.  6.]
 [11. 11.]
 [-5. 10.]
 [-5.  9.]
 [-2. 11.]
 [ 6.  6.]
 [11. 11.]
 [-5.  9.]
 [-5.  8.]
 [-3. 11.]
 [ 6.  6.]
 [11. 11.]
 [-5.  8.]
 [-5.  7.]
 [-4. 10.]
 [ 6.  6.]
 [11. 11.]
 [-5.  7.]
 [-5.  6.]
 [-5.  9.]
 [ 6.  6.]
 [11. 11.]
 [-5.  6.]
 [-5.  5.]
 [-5.  8.]
 [ 6.  6.]
 [11. 11.]
 [-5.  5.]
 [-5.  4.]
 [-5.  7.]
 [ 6.  6.]
 [11. 11.]
 [-5.  4.]
 [-5.  3.]
 [-5.  6.]
 [ 6.  6.]
 [11. 11.]
 [-5.  3.]
 [-5.  2.]
 [-5.  5.]
 [ 6.  6.]
 [11. 11.]
 [-5.  2.]
 [-5.  1.]
 [-5.  4.]
 [ 6.  6.]
 [11. 11.]
 [-5.  2.]
 [-5.  1.]
 [-5.  4.]
 [ 6.  6.]
 [11. 11.]
 [-5.  1.]
 [-5.  0.]
 [-5.  3.]
 [ 6.  6.]]
