Maze:
##########################
#                        #
#                        #
#                        #
#                        #
#                        #
#     ##############     #
#     #            #     #
#     #        D   #     #
#     #            #     #
#     #            #     #
#     #           A#     #
#     #     B      #     #
#     #            #     #
#     #      C     #     #
#     #       S    #     #
#     #            #     #
#     #            #     #
#     #            #     #
#     ##############     #
#                        #
#                        #
#                        #
#                        #
#                        #
##########################
[[ 8.  9.]
 [12.  5.]
 [ 6.  6.]
 [ 7.  8.]
 [ 9.  2.]
 [ 9. 10.]
 [12.  5.]
 [ 6.  6.]
 [ 8.  9.]
 [ 9.  2.]
 [10. 11.]
 [12.  5.]
 [ 6.  6.]
 [ 8.  9.]
 [ 9.  2.]
 [11. 12.]
 [12.  5.]
 [ 6.  6.]
 [ 9.  9.]
 [ 9.  2.]
 [11. 12.]
 [12.  5.]
 [ 6.  6.]
 [10.  9.]
 [ 9.  2.]
 [11. 13.]
 [12.  4.]
 [ 6.  6.]
 [11.  9.]
 [ 9.  2.]
 [11. 14.]
 [11.  4.]
 [ 6.  6.]
 [11.  9.]
 [ 9.  2.]
 [11. 14.]
 [10.  3.]
 [ 6.  6.]
 [11.  9.]
 [ 9.  2.]
 [11. 14.]
 [ 9.  2.]
 [ 6.  6.]
 [11.  9.]
 [ 8.  1.]
 [11. 14.]
 [ 8.  1.]
 [ 6.  6.]
 [11.  9.]
 [ 7.  0.]
 [11. 14.]
 [ 7.  0.]
 [ 6.  6.]
 [11.  9.]
 [ 6. -1.]
 [11. 14.]
 [ 6. -1.]
 [ 6.  6.]
 [11.  9.]
 [ 5. -2.]
 [11. 14.]
 [ 5. -2.]
 [ 6.  6.]
 [11.  9.]
 [ 4. -3.]
 [11. 14.]
 [ 4. -3.]
 [ 6.  6.]
 [11.  9.]
 [ 3. -4.]
 [11. 14.]
 [ 3. -4.]
 [ 6.  6.]
 [11.  9.]
 [ 2. -5.]
 [11. 14.]
 [ 2. -5.]
 [ 6.  6.]
 [11.  9.]
 [ 1. -5.]
 [11. 14.]
 [ 1. -5.]
 [ 6.  6.]
 [11.  9.]
 [ 0. -5.]
 [11. 14.]
 [ 0. -5.]
 [ 6.  6.]
 [11.  9.]
 [-1. -5.]
 [11. 14.]
 [-1. -5.]
 [ 6.  6.]
 [11.  9.]
 [-2. -5.]
 [11. 14.]
 [-2. -5.]
 [ 6.  6.]
 [11.  9.]
 [-3. -5.]
 [11. 14.]
 [-2. -5.]
 [ 6.  6.]
 [11.  9.]
 [-3. -5.]
 [11. 14.]
 [-3. -5.]
 [ 6.  6.]
 [11.  9.]
 [-4. -5.]]
