Maze:
##########################
#                        #
#                        #
#                        #
#                        #
#                        #
#     ##############     #
#     #            #     #
#     #     A      #     #
#     #            #     #
#     #            #     #
#     #        S   #     #
#     #     B      #     #
#     #            #     #
#     #   D        #     #
#     #            #     #
#     #            #     #
#     #    C       #     #
#     #            #     #
#     ##############     #
#                        #
#                        #
#                        #
#                        #
#                        #
##########################
[[ 9.  5.]
 [ 6.  2.]
 [ 6.  6.]
 [ 5. 11.]
 [ 4.  8.]
 [ 8.  6.]
 [ 6.  2.]
 [ 6.  6.]
 [ 5. 12.]
 [ 4.  9.]
 [ 7.  6.]
 [ 6.  2.]
 [ 6.  6.]
 [ 5. 13.]
 [ 4. 10.]
 [ 7.  6.]
 [ 6.  2.]
 [ 6.  6.]
 [ 5. 14.]
 [ 4. 11.]
 [ 7.  6.]
 [ 6.  2.]
 [ 6.  6.]
 [ 5. 15.]
 [ 4. 12.]
 [ 7.  6.]
 [ 6.  2.]
 [ 6.  6.]
 [ 5. 16.]
 [ 4. 13.]
 [ 7.  6.]
 [ 6.  2.]
 [ 6.  6.]
 [ 5. 17.]
 [ 4. 14.]
 [ 7.  6.]
 [ 6.  2.]
 [ 6.  6.]
 [ 5. 17.]
 [ 4. 15.]
 [ 7.  6.]
 [ 6.  2.]
 [ 6.  6.]
 [ 5. 17.]
 [ 4. 16.]
 [ 7.  6.]
 [ 6.  2.]
 [ 6.  6.]
 [ 6. 17.]
 [ 5. 17.]
 [ 7.  6.]
 [ 6.  2.]
 [ 6.  6.]
 [ 7. 17.]
 [ 6. 17.]
 [ 7.  6.]
 [ 6.  2.]
 [ 6.  6.]
 [ 8. 17.]
 [ 7. 17.]
 [ 7.  6.]
 [ 6.  2.]
 [ 6.  6.]
 [ 9. 17.]
 [ 8. 17.]
 [ 7.  6.]
 [ 6.  2.]
 [ 6.  6.]
 [10. 17.]
 [ 9. 17.]
 [ 7.  6.]
 [ 6.  2.]
 [ 6.  6.]
 [11. 17.]
 [10. 17.]
 [ 7.  6.]
 [ 6.  2.]
 [ 6.  6.]
 [12. 17.]
 [11. 17.]
 [ 7.  6.]
 [ 6.  2.]
 [ 6.  6.]
 [13. 17.]
 [12. 17.]
 [ 7.  6.]
 [ 6.  2.]
 [ 6.  6.]
 [14. 17.]
 [13. 17.]
 [ 7.  6.]
 [ 6.  2.]
 [ 6.  6.]
 [15. 17.]
 [14. 17.]
 [ 7.  6.]
 [ 6.  2.]
 [ 6.  6.]
 [16. 17.]
 [15. 17.]
 [ 7.  6.]
 [ 6.  2.]
 [ 6.  6.]
 [16. 17.]
 [15. 17.]
 [ 7.  6.]
 [ 6.  2.]
 [ 6.  6.]
 [17. 17.]
 [16. 17.]]
