Maze:
##########################
#                        #
#                        #
#                        #
#                        #
#                        #
#     ##############     #
#     #D           #     #
#     #     C      #     #
#     #            #     #
#     #            #     #
#     #            #     #
#     #     A      #     #
#     #  B         #     #
#     #           S#     #
#     #            #     #
#     #            #     #
#     #            #     #
#     #            #     #
#     ##############     #
#                        #
#                        #
#                        #
#                        #
#                        #
##########################
[[12.  8.]
 [ 6.  6.]
 [ 3.  7.]
 [ 6.  2.]
 [ 1.  1.]
 [12.  8.]
 [ 6.  6.]
 [ 3.  8.]
 [ 7.  2.]
 [ 2.  1.]
 [12.  8.]
 [ 6.  6.]
 [ 3.  9.]
 [ 8.  2.]
 [ 3.  1.]
 [12.  8.]
 [ 6.  6.]
 [ 3.  9.]
 [ 9.  2.]
 [ 4.  1.]
 [12.  8.]
 [ 6.  6.]
 [ 3.  9.]
 [10.  2.]
 [ 5.  1.]
 [12.  8.]
 [ 6.  6.]
 [ 3.  9.]
 [11.  2.]
 [ 6.  1.]
 [12.  8.]
 [ 6.  6.]
 [ 3.  9.]
 [12.  2.]
 [ 7.  1.]
 [12.  8.]
 [ 6.  6.]
 [ 3.  9.]
 [13.  2.]
 [ 8.  1.]
 [12.  8.]
 [ 6.  6.]
 [ 3.  9.]
 [13.  2.]
 [ 9.  1.]
 [12.  8.]
 [ 6.  6.]
 [ 3.  9.]
 [14.  2.]
 [10.  1.]
 [12.  8.]
 [ 6.  6.]
 [ 3.  9.]
 [15.  2.]
 [11.  1.]
 [12.  8.]
 [ 6.  6.]
 [ 3.  9.]
 [16.  2.]
 [12.  1.]
 [12.  8.]
 [ 6.  6.]
 [ 3.  9.]
 [17.  2.]
 [13.  1.]
 [12.  8.]
 [ 6.  6.]
 [ 3.  9.]
 [17.  2.]
 [14.  1.]
 [12.  8.]
 [ 6.  6.]
 [ 3.  9.]
 [17.  2.]
 [15.  1.]
 [12.  8.]
 [ 6.  6.]
 [ 3.  9.]
 [17.  3.]
 [16.  1.]
 [12.  8.]
 [ 6.  6.]
 [ 3.  9.]
 [17.  4.]
 [16.  2.]
 [12.  8.]
 [ 6.  6.]
 [ 3.  9.]
 [17.  5.]
 [16.  3.]
 [12.  8.]
 [ 6.  6.]
 [ 3.  9.]
 [17.  6.]
 [16.  4.]
 [12.  8.]
 [ 6.  6.]
 [ 3.  9.]
 [17.  7.]
 [16.  5.]
 [12.  8.]
 [ 6.  6.]
 [ 3.  9.]
 [17.  7.]
 [16.  5.]
 [12.  8.]
 [ 6.  6.]
 [ 3.  9.]
 [17.  8.]
 [16.  6.]]
