Maze:
##########################
#                        #
#                        #
#                        #
#                        #
#                        #
#     ##############     #
#     #            #     #
#     #            #     #
#     #            #     #
#     #            #     #
#     #            #     #
#     #     SA     #     #
#     #            #     #
#     #            #     #
#     #           D#     #
#     #          C #     #
#     #B           #     #
#     #            #     #
#     ##############     #
#                        #
#                        #
#                        #
#                        #
#                        #
##########################
[[ 6.  6.]
 [ 7.  6.]
 [ 1. 11.]
 [11. 10.]
 [12.  9.]
 [ 6.  6.]
 [ 7.  6.]
 [ 1. 11.]
 [10. 11.]
 [11. 10.]
 [ 6.  6.]
 [ 7.  6.]
 [ 1. 11.]
 [ 9. 12.]
 [10. 11.]
 [ 6.  6.]
 [ 7.  6.]
 [ 1. 11.]
 [ 8. 13.]
 [ 9. 12.]
 [ 6.  6.]
 [ 7.  6.]
 [ 1. 11.]
 [ 7. 14.]
 [ 8. 13.]
 [ 6.  6.]
 [ 7.  6.]
 [ 1. 11.]
 [ 6. 15.]
 [ 7. 14.]
 [ 6.  6.]
 [ 7.  6.]
 [ 1. 10.]
 [ 5. 16.]
 [ 6. 15.]
 [ 6.  6.]
 [ 7.  6.]
 [ 1.  9.]
 [ 4. 17.]
 [ 5. 16.]
 [ 6.  6.]
 [ 7.  6.]
 [ 1.  8.]
 [ 3. 17.]
 [ 4. 17.]
 [ 6.  6.]
 [ 7.  6.]
 [ 1.  8.]
 [ 2. 17.]
 [ 3. 17.]
 [ 6.  6.]
 [ 7.  6.]
 [ 1.  7.]
 [ 1. 17.]
 [ 2. 17.]
 [ 6.  6.]
 [ 7.  6.]
 [ 1.  7.]
 [ 0. 17.]
 [ 1. 17.]
 [ 6.  6.]
 [ 7.  6.]
 [ 1.  7.]
 [-1. 17.]
 [ 0. 17.]
 [ 6.  6.]
 [ 7.  6.]
 [ 1.  7.]
 [-2. 17.]
 [-1. 17.]
 [ 6.  6.]
 [ 7.  6.]
 [ 2.  7.]
 [-3. 17.]
 [-2. 17.]
 [ 6.  6.]
 [ 7.  6.]
 [ 3.  7.]
 [-4. 17.]
 [-3. 17.]
 [ 6.  6.]
 [ 7.  6.]
 [ 4.  7.]
 [-5. 17.]
 [-4. 17.]
 [ 6.  6.]
 [ 7.  6.]
 [ 5.  7.]
 [-5. 17.]
 [-4. 17.]
 [ 6.  6.]
 [ 7.  6.]
 [ 5.  7.]
 [-5. 17.]
 [-4. 17.]]
