Maze:
##########################
#                        #
#                        #
#                        #
#                        #
#                        #
#     ##############     #
#     #            #     #
#     #            #     #
#     #C           #     #
#     #            #     #
#     #            #     #
#     #     S      #     #
#     #    A       #     #
#     #            #     #
#     #            #     #
#     # D          #     #
#     #           B#     #
#     #            #     #
#     ##############     #
#                        #
#                        #
#                        #
#                        #
#                        #
##########################
[[ 6.  6.]
 [ 5.  7.]
 [12. 11.]
 [ 1.  3.]
 [ 2. 10.]
 [ 6.  6.]
 [ 5.  6.]
 [12. 11.]
 [ 1.  3.]
 [ 2.  9.]
 [ 6.  6.]
 [ 5.  6.]
 [12. 11.]
 [ 1.  3.]
 [ 2.  8.]
 [ 6.  6.]
 [ 5.  6.]
 [12. 11.]
 [ 1.  3.]
 [ 2.  7.]
 [ 6.  6.]
 [ 5.  6.]
 [12. 11.]
 [ 1.  3.]
 [ 2.  6.]
 [ 6.  6.]
 [ 5.  6.]
 [12. 11.]
 [ 1.  2.]
 [ 2.  5.]
 [ 6.  6.]
 [ 5.  6.]
 [12. 11.]
 [ 1.  1.]
 [ 2.  4.]
 [ 6.  6.]
 [ 5.  6.]
 [12. 11.]
 [ 1.  0.]
 [ 2.  3.]
 [ 6.  6.]
 [ 5.  6.]
 [12. 11.]
 [ 1. -1.]
 [ 2.  2.]
 [ 6.  6.]
 [ 5.  6.]
 [12. 11.]
 [ 1. -2.]
 [ 2.  1.]
 [ 6.  6.]
 [ 5.  6.]
 [12. 11.]
 [ 1. -3.]
 [ 2.  0.]
 [ 6.  6.]
 [ 5.  6.]
 [12. 11.]
 [ 1. -4.]
 [ 2. -1.]
 [ 6.  6.]
 [ 5.  6.]
 [12. 11.]
 [ 1. -5.]
 [ 2. -2.]
 [ 6.  6.]
 [ 5.  6.]
 [12. 11.]
 [ 1. -5.]
 [ 2. -3.]
 [ 6.  6.]
 [ 5.  6.]
 [12. 11.]
 [ 1. -5.]
 [ 2. -4.]
 [ 6.  6.]
 [ 5.  6.]
 [12. 11.]
 [ 0. -5.]
 [ 1. -5.]
 [ 6.  6.]
 [ 5.  6.]
 [12. 11.]
 [-1. -5.]
 [ 0. -5.]
 [ 6.  6.]
 [ 5.  6.]
 [12. 11.]
 [-2. -5.]
 [-1. -5.]
 [ 6.  6.]
 [ 5.  6.]
 [12. 11.]
 [-3. -5.]
 [-2. -5.]
 [ 6.  6.]
 [ 5.  6.]
 [12. 11.]
 [-4. -5.]
 [-3. -5.]
 [ 6.  6.]
 [ 5.  6.]
 [12. 11.]
 [-4. -5.]
 [-3. -5.]
 [ 6.  6.]
 [ 5.  6.]
 [12. 11.]
 [-5. -5.]
 [-4. -5.]]
