Maze:
##########################
#                        #
#                        #
#                        #
#                        #
#                        #
#     ##############     #
#     #       D    #     #
#     #            #     #
#     #            #     #
#     #  B         #     #
#     #            #     #
#     #     S      #     #
#     #C           #     #
#     #            #     #
#     #    A       #     #
#     #            #     #
#     #            #     #
#     #            #     #
#     ##############     #
#                        #
#                        #
#                        #
#                        #
#                        #
##########################
[[ 6.  6.]
 [ 5.  9.]
 [ 3.  4.]
 [ 1.  7.]
 [ 8.  1.]
 [ 6.  6.]
 [ 6. 10.]
 [ 3.  3.]
 [ 2.  6.]
 [ 9.  0.]
 [ 6.  6.]
 [ 6. 11.]
 [ 3.  2.]
 [ 2.  5.]
 [ 9.  0.]
 [ 6.  6.]
 [ 6. 12.]
 [ 3.  1.]
 [ 2.  4.]
 [ 9.  0.]
 [ 6.  6.]
 [ 6. 12.]
 [ 3.  0.]
 [ 2.  3.]
 [10.  0.]
 [ 6.  6.]
 [ 6. 12.]
 [ 3. -1.]
 [ 2.  2.]
 [10.  0.]
 [ 6.  6.]
 [ 6. 12.]
 [ 3. -2.]
 [ 2.  1.]
 [10.  0.]
 [ 6.  6.]
 [ 6. 12.]
 [ 3. -2.]
 [ 2.  0.]
 [10.  0.]
 [ 6.  6.]
 [ 6. 12.]
 [ 4. -3.]
 [ 2. -1.]
 [10.  0.]
 [ 6.  6.]
 [ 6. 12.]
 [ 5. -3.]
 [ 3. -2.]
 [10.  0.]
 [ 6.  6.]
 [ 6. 12.]
 [ 6. -3.]
 [ 4. -2.]
 [10.  0.]
 [ 6.  6.]
 [ 6. 12.]
 [ 7. -3.]
 [ 5. -2.]
 [11.  0.]
 [ 6.  6.]
 [ 6. 12.]
 [ 8. -3.]
 [ 6. -2.]
 [12.  0.]
 [ 6.  6.]
 [ 6. 12.]
 [ 9. -3.]
 [ 7. -2.]
 [13.  0.]
 [ 6.  6.]
 [ 6. 12.]
 [10. -3.]
 [ 8. -2.]
 [14.  0.]
 [ 6.  6.]
 [ 6. 12.]
 [11. -3.]
 [ 9. -2.]
 [15.  0.]
 [ 6.  6.]
 [ 6. 12.]
 [12. -3.]
 [10. -2.]
 [16.  0.]
 [ 6.  6.]
 [ 6. 12.]
 [13. -3.]
 [11. -2.]
 [17.  0.]
 [ 6.  6.]
 [ 6. 12.]
 [14. -3.]
 [12. -2.]
 [17.  0.]
 [ 6.  6.]
 [ 6. 12.]
 [15. -3.]
 [13. -2.]
 [17.  1.]
 [ 6.  6.]
 [ 6. 12.]
 [15. -3.]
 [13. -2.]
 [17.  1.]
 [ 6.  6.]
 [ 6. 12.]
 [16. -3.]
 [14. -2.]
 [17.  2.]]
