Maze:
##########################
#                        #
#                        #
#                        #
#                        #
#                        #
#     ##############     #
#     #            #     #
#     #   S        #     #
#     #         C  #     #
#     #            #     #
#     #            #     #
#     #     B      #     #
#     #            #     #
#     #            #     #
#     #            #     #
#     #          A #     #
#     #            #     #
#     #     D      #     #
#     ##############     #
#                        #
#                        #
#                        #
#                        #
#                        #
##########################
[[ 4.  2.]
 [11. 10.]
 [ 6.  6.]
 [10.  3.]
 [ 6. 12.]
 [ 4.  1.]
 [10. 10.]
 [ 6.  6.]
 [ 9.  3.]
 [ 6. 13.]
 [ 5.  1.]
 [ 9. 10.]
 [ 6.  6.]
 [ 8.  4.]
 [ 6. 13.]
 [ 6.  1.]
 [ 8. 11.]
 [ 6.  6.]
 [ 7.  5.]
 [ 6. 14.]
 [ 6.  2.]
 [ 7. 12.]
 [ 6.  6.]
 [ 7.  5.]
 [ 6. 15.]
 [ 6.  3.]
 [ 7. 13.]
 [ 6.  6.]
 [ 7.  5.]
 [ 6. 16.]
 [ 7.  4.]
 [ 7. 14.]
 [ 6.  6.]
 [ 7.  5.]
 [ 6. 17.]
 [ 7.  5.]
 [ 7. 15.]
 [ 6.  6.]
 [ 6.  5.]
 [ 6. 17.]
 [ 7.  5.]
 [ 7. 16.]
 [ 6.  6.]
 [ 6.  5.]
 [ 6. 17.]
 [ 7.  5.]
 [ 6. 17.]
 [ 6.  6.]
 [ 6.  5.]
 [ 5. 17.]
 [ 7.  5.]
 [ 5. 17.]
 [ 6.  6.]
 [ 6.  5.]
 [ 4. 17.]
 [ 7.  5.]
 [ 4. 17.]
 [ 6.  6.]
 [ 6.  5.]
 [ 3. 17.]
 [ 7.  5.]
 [ 3. 17.]
 [ 6.  6.]
 [ 6.  5.]
 [ 2. 17.]
 [ 7.  5.]
 [ 2. 17.]
 [ 6.  6.]
 [ 6.  5.]
 [ 1. 17.]
 [ 7.  5.]
 [ 1. 17.]
 [ 6.  6.]
 [ 6.  5.]
 [ 0. 17.]
 [ 7.  5.]
 [ 0. 17.]
 [ 6.  6.]
 [ 6.  5.]
 [-1. 17.]
 [ 7.  5.]
 [-1. 17.]
 [ 6.  6.]
 [ 6.  5.]
 [-2. 17.]
 [ 7.  5.]
 [-2. 17.]
 [ 6.  6.]
 [ 6.  5.]
 [-3. 17.]
 [ 7.  5.]
 [-3. 17.]
 [ 6.  6.]
 [ 6.  5.]
 [-4. 17.]
 [ 7.  5.]
 [-4. 17.]
 [ 6.  6.]
 [ 6.  5.]
 [-5. 17.]
 [ 7.  5.]
 [-4. 17.]
 [ 6.  6.]
 [ 6.  5.]
 [-5. 17.]]
