Maze:
##########################
#                        #
#                        #
#                        #
#                        #
#                        #
#     ##############     #
#     #         A  #     #
#     #            #     #
#     #            #     #
#     #            #     #
#     #    B       #     #
#     #     S      #     #
#     #            #     #
#     #            #     #
#     #C           #     #
#     #            #     #
#     #            #     #
#     #           D#     #
#     ##############     #
#                        #
#                        #
#                        #
#                        #
#                        #
##########################
[[ 6.  6.]
 [10.  1.]
 [ 5.  5.]
 [ 1.  9.]
 [12. 12.]
 [ 6.  6.]
 [10.  1.]
 [ 4.  4.]
 [ 2.  8.]
 [12. 12.]
 [ 6.  6.]
 [10.  1.]
 [ 3.  3.]
 [ 3.  7.]
 [12. 12.]
 [ 6.  6.]
 [10.  1.]
 [ 2.  2.]
 [ 3.  6.]
 [12. 12.]
 [ 6.  6.]
 [10.  1.]
 [ 2.  2.]
 [ 3.  5.]
 [12. 12.]
 [ 6.  6.]
 [10.  1.]
 [ 1.  1.]
 [ 3.  4.]
 [12. 12.]
 [ 6.  6.]
 [10.  1.]
 [ 1.  1.]
 [ 3.  3.]
 [12. 12.]
 [ 6.  6.]
 [10.  1.]
 [ 0.  1.]
 [ 2.  2.]
 [12. 12.]
 [ 6.  6.]
 [10.  1.]
 [-1.  1.]
 [ 1.  2.]
 [12. 12.]
 [ 6.  6.]
 [10.  1.]
 [-2.  1.]
 [ 0.  2.]
 [12. 12.]
 [ 6.  6.]
 [10.  1.]
 [-3.  1.]
 [-1.  2.]
 [12. 12.]
 [ 6.  6.]
 [10.  1.]
 [-4.  1.]
 [-2.  2.]
 [12. 12.]
 [ 6.  6.]
 [10.  1.]
 [-5.  1.]
 [-3.  2.]
 [12. 12.]
 [ 6.  6.]
 [10.  1.]
 [-5.  1.]
 [-4.  2.]
 [12. 12.]
 [ 6.  6.]
 [10.  1.]
 [-5.  0.]
 [-5.  1.]
 [12. 12.]
 [ 6.  6.]
 [10.  1.]
 [-5. -1.]
 [-5.  0.]
 [12. 12.]
 [ 6.  6.]
 [10.  1.]
 [-5. -2.]
 [-5. -1.]
 [12. 12.]
 [ 6.  6.]
 [10.  1.]
 [-5. -3.]
 [-5. -2.]
 [12. 12.]
 [ 6.  6.]
 [10.  1.]
 [-5. -4.]
 [-5. -3.]
 [12. 12.]
 [ 6.  6.]
 [10.  1.]
 [-5. -5.]
 [-5. -4.]
 [12. 12.]
 [ 6.  6.]
 [10.  1.]
 [-5. -5.]
 [-5. -4.]
 [12. 12.]]
