Maze:
##########################
#                        #
#                        #
#                        #
#                        #
#                        #
#     ##############     #
#     #            #     #
#     #            #     #
#     #A           #     #
#     #            #     #
#     #            #     #
#     #     S      #     #
#     # B          #     #
#     #            #     #
#     #        C   #     #
#     #            #     #
#     #       D    #     #
#     #            #     #
#     ##############     #
#                        #
#                        #
#                        #
#                        #
#                        #
##########################
[[ 6.  6.]
 [ 1.  3.]
 [ 2.  7.]
 [ 9.  9.]
 [ 8. 11.]
 [ 6.  6.]
 [ 1.  4.]
 [ 2.  8.]
 [ 8. 10.]
 [ 9. 11.]
 [ 6.  6.]
 [ 1.  5.]
 [ 2.  9.]
 [ 9. 11.]
 [ 8. 10.]
 [ 6.  6.]
 [ 1.  6.]
 [ 2. 10.]
 [ 8. 10.]
 [ 9. 11.]
 [ 6.  6.]
 [ 1.  7.]
 [ 2. 11.]
 [ 9. 11.]
 [ 8. 10.]
 [ 6.  6.]
 [ 1.  8.]
 [ 2. 12.]
 [ 8. 10.]
 [ 9. 11.]
 [ 6.  6.]
 [ 1.  9.]
 [ 2. 13.]
 [ 9. 11.]
 [ 9. 10.]
 [ 6.  6.]
 [ 1. 10.]
 [ 2. 14.]
 [ 9. 10.]
 [ 9. 11.]
 [ 6.  6.]
 [ 1. 11.]
 [ 2. 15.]
 [ 9. 11.]
 [ 9. 10.]
 [ 6.  6.]
 [ 1. 12.]
 [ 2. 16.]
 [ 9. 10.]
 [ 9. 11.]
 [ 6.  6.]
 [ 1. 13.]
 [ 2. 17.]
 [ 9. 11.]
 [ 9. 10.]
 [ 6.  6.]
 [ 1. 14.]
 [ 2. 17.]
 [ 9. 10.]
 [ 9. 11.]
 [ 6.  6.]
 [ 1. 15.]
 [ 2. 17.]
 [ 9. 11.]
 [ 9. 10.]
 [ 6.  6.]
 [ 1. 16.]
 [ 2. 17.]
 [ 9. 10.]
 [ 9. 11.]
 [ 6.  6.]
 [ 2. 17.]
 [ 3. 17.]
 [ 9. 11.]
 [ 9. 10.]
 [ 6.  6.]
 [ 3. 17.]
 [ 4. 17.]
 [ 9. 10.]
 [ 9. 11.]
 [ 6.  6.]
 [ 4. 17.]
 [ 5. 17.]
 [ 9. 11.]
 [ 9. 10.]
 [ 6.  6.]
 [ 5. 17.]
 [ 6. 17.]
 [ 9. 10.]
 [ 9. 11.]
 [ 6.  6.]
 [ 6. 17.]
 [ 7. 17.]
 [ 9. 11.]
 [ 9. 10.]
 [ 6.  6.]
 [ 7. 17.]
 [ 8. 17.]
 [ 9. 10.]
 [ 9. 11.]
 [ 6.  6.]
 [ 7. 17.]
 [ 8. 17.]
 [ 9. 10.]
 [ 9. 11.]
 [ 6.  6.]
 [ 8. 17.]
 [ 9. 17.]
 [ 9. 11.]
 [ 9. 10.]]
