Maze:
##########################
#                        #
#                        #
#                        #
#                        #
#                        #
#     ##############     #
#     #            #     #
#     #            #     #
#     # C          #     #
#     #            #     #
#     #            #     #
#     #     A    S #     #
#     #            #     #
#     #         D  #     #
#     #            #     #
#     #            #     #
#     #            #     #
#     #      B     #     #
#     ##############     #
#                        #
#                        #
#                        #
#                        #
#                        #
##########################
[[11.  6.]
 [ 6.  6.]
 [ 7. 12.]
 [ 2.  3.]
 [10.  8.]
 [11.  5.]
 [ 6.  6.]
 [ 7. 12.]
 [ 2.  3.]
 [10.  9.]
 [11.  4.]
 [ 6.  6.]
 [ 8. 12.]
 [ 2.  3.]
 [11.  9.]
 [11.  3.]
 [ 6.  6.]
 [ 9. 12.]
 [ 2.  3.]
 [12.  9.]
 [11.  2.]
 [ 6.  6.]
 [10. 12.]
 [ 2.  3.]
 [13.  9.]
 [11.  2.]
 [ 6.  6.]
 [11. 12.]
 [ 2.  3.]
 [14.  9.]
 [10.  2.]
 [ 6.  6.]
 [12. 12.]
 [ 2.  3.]
 [15.  9.]
 [ 9.  2.]
 [ 6.  6.]
 [13. 12.]
 [ 2.  3.]
 [16.  9.]
 [ 8.  2.]
 [ 6.  6.]
 [14. 11.]
 [ 2.  3.]
 [17.  8.]
 [ 7.  2.]
 [ 6.  6.]
 [15. 10.]
 [ 2.  3.]
 [17.  7.]
 [ 6.  2.]
 [ 6.  6.]
 [16.  9.]
 [ 2.  3.]
 [17.  6.]
 [ 5.  2.]
 [ 6.  6.]
 [16.  8.]
 [ 2.  3.]
 [17.  5.]
 [ 4.  2.]
 [ 6.  6.]
 [16.  7.]
 [ 3.  3.]
 [17.  4.]
 [ 3.  3.]
 [ 6.  6.]
 [16.  6.]
 [ 4.  2.]
 [17.  3.]
 [ 4.  2.]
 [ 6.  6.]
 [16.  5.]
 [ 3.  3.]
 [17.  2.]
 [ 3.  3.]
 [ 6.  6.]
 [16.  4.]
 [ 4.  2.]
 [17.  1.]
 [ 4.  2.]
 [ 6.  6.]
 [16.  3.]
 [ 3.  3.]
 [17.  0.]
 [ 3.  3.]
 [ 6.  6.]
 [16.  2.]
 [ 4.  2.]
 [17. -1.]
 [ 4.  2.]
 [ 6.  6.]
 [16.  1.]
 [ 3.  3.]
 [17. -2.]
 [ 3.  3.]
 [ 6.  6.]
 [16.  0.]
 [ 4.  2.]
 [17. -3.]
 [ 3.  3.]
 [ 6.  6.]
 [16.  0.]
 [ 4.  2.]
 [17. -3.]
 [ 4.  2.]
 [ 6.  6.]
 [16. -1.]
 [ 3.  3.]
 [17. -4.]]
