Maze:
##########################
#                        #
#                        #
#                        #
#                        #
#                        #
#     ##############     #
#     #            #     #
#     #  B         #     #
#     #     D      #     #
#     #            #     #
#     #            #     #
#     #     A  C   #     #
#     #            #     #
#     #            #     #
#     #       S    #     #
#     #            #     #
#     #            #     #
#     #            #     #
#     ##############     #
#                        #
#                        #
#                        #
#                        #
#                        #
##########################
[[ 8.  9.]
 [ 6.  6.]
 [ 3.  2.]
 [ 9.  6.]
 [ 6.  3.]
 [ 8.  8.]
 [ 6.  6.]
 [ 4.  2.]
 [ 9.  6.]
 [ 7.  3.]
 [ 9.  7.]
 [ 6.  6.]
 [ 5.  2.]
 [ 8.  6.]
 [ 8.  3.]
 [ 8.  6.]
 [ 6.  6.]
 [ 6.  2.]
 [ 9.  6.]
 [ 9.  3.]
 [ 9.  6.]
 [ 6.  6.]
 [ 7.  2.]
 [ 8.  6.]
 [10.  3.]
 [ 8.  6.]
 [ 6.  6.]
 [ 8.  2.]
 [ 9.  6.]
 [11.  3.]
 [ 9.  6.]
 [ 6.  6.]
 [ 9.  2.]
 [ 8.  6.]
 [12.  3.]
 [ 8.  6.]
 [ 6.  6.]
 [10.  2.]
 [ 9.  6.]
 [13.  3.]
 [ 9.  6.]
 [ 6.  6.]
 [11.  2.]
 [ 8.  6.]
 [14.  3.]
 [ 8.  6.]
 [ 6.  6.]
 [12.  2.]
 [ 9.  6.]
 [15.  3.]
 [ 9.  6.]
 [ 6.  6.]
 [13.  2.]
 [ 8.  6.]
 [16.  3.]
 [ 8.  6.]
 [ 6.  6.]
 [14.  2.]
 [ 9.  6.]
 [17.  3.]
 [ 9.  6.]
 [ 6.  6.]
 [15.  2.]
 [ 8.  6.]
 [17.  3.]
 [ 8.  6.]
 [ 6.  6.]
 [16.  2.]
 [ 9.  6.]
 [17.  3.]
 [ 9.  6.]
 [ 6.  6.]
 [17.  3.]
 [ 8.  6.]
 [17.  4.]
 [ 8.  6.]
 [ 6.  6.]
 [17.  4.]
 [ 9.  6.]
 [17.  5.]
 [ 9.  6.]
 [ 6.  6.]
 [17.  5.]
 [ 8.  6.]
 [17.  6.]
 [ 8.  6.]
 [ 6.  6.]
 [17.  6.]
 [ 9.  6.]
 [17.  7.]
 [ 9.  6.]
 [ 6.  6.]
 [17.  7.]
 [ 8.  6.]
 [17.  8.]
 [ 8.  6.]
 [ 6.  6.]
 [17.  8.]
 [ 9.  6.]
 [17.  9.]
 [ 8.  6.]
 [ 6.  6.]
 [17.  8.]
 [ 9.  6.]
 [17.  9.]
 [ 9.  6.]
 [ 6.  6.]
 [17.  9.]
 [ 8.  6.]
 [17. 10.]]
