Maze:
##########################
#                        #
#                        #
#                        #
#                        #
#                        #
#     ##############     #
#     #            #     #
#     #            #     #
#     #  A         #     #
#     #          S #     #
#     #            #     #
#     #     D      #     #
#     #            #     #
#     # B          #     #
#     #           C#     #
#     #            #     #
#     #            #     #
#     #            #     #
#     ##############     #
#                        #
#                        #
#                        #
#                        #
#                        #
##########################
[[11.  4.]
 [ 3.  3.]
 [ 2.  8.]
 [12.  9.]
 [ 6.  6.]
 [11.  5.]
 [ 4.  3.]
 [ 3.  9.]
 [12.  9.]
 [ 6.  6.]
 [11.  6.]
 [ 5.  3.]
 [ 4.  9.]
 [12.  9.]
 [ 6.  6.]
 [11.  7.]
 [ 6.  4.]
 [ 5.  9.]
 [12. 10.]
 [ 6.  6.]
 [11.  8.]
 [ 6.  5.]
 [ 5.  8.]
 [12. 11.]
 [ 6.  6.]
 [11.  9.]
 [ 6.  5.]
 [ 6.  7.]
 [12. 12.]
 [ 6.  6.]
 [11. 10.]
 [ 6.  5.]
 [ 6.  7.]
 [12. 13.]
 [ 6.  6.]
 [11. 11.]
 [ 6.  5.]
 [ 6.  7.]
 [12. 14.]
 [ 6.  6.]
 [11. 12.]
 [ 6.  5.]
 [ 6.  7.]
 [12. 15.]
 [ 6.  6.]
 [11. 13.]
 [ 6.  5.]
 [ 6.  7.]
 [12. 16.]
 [ 6.  6.]
 [11. 14.]
 [ 6.  5.]
 [ 6.  7.]
 [12. 17.]
 [ 6.  6.]
 [11. 15.]
 [ 6.  5.]
 [ 6.  7.]
 [12. 17.]
 [ 6.  6.]
 [11. 16.]
 [ 6.  5.]
 [ 6.  7.]
 [12. 17.]
 [ 6.  6.]
 [12. 17.]
 [ 6.  5.]
 [ 6.  7.]
 [13. 17.]
 [ 6.  6.]
 [13. 17.]
 [ 6.  5.]
 [ 6.  7.]
 [14. 17.]
 [ 6.  6.]
 [14. 17.]
 [ 6.  5.]
 [ 6.  7.]
 [15. 17.]
 [ 6.  6.]
 [15. 17.]
 [ 6.  5.]
 [ 6.  7.]
 [16. 17.]
 [ 6.  6.]
 [16. 17.]
 [ 6.  5.]
 [ 6.  7.]
 [17. 17.]
 [ 6.  6.]
 [16. 17.]
 [ 6.  5.]
 [ 6.  7.]
 [17. 17.]
 [ 6.  6.]]
