Maze:
##########################
#                        #
#                        #
#                        #
#                        #
#                        #
#     ##############     #
#     #            #     #
#     #            #     #
#     #            #     #
#     #         C  #     #
#     #     A      #     #
#     #     S      #     #
#     #            #     #
#     #            #     #
#     #            #     #
#     #          B #     #
#     #            #     #
#     #           D#     #
#     ##############     #
#                        #
#                        #
#                        #
#                        #
#                        #
##########################
[[ 6.  6.]
 [ 6.  5.]
 [11. 10.]
 [10.  4.]
 [12. 12.]
 [ 6.  6.]
 [ 6.  4.]
 [11. 10.]
 [ 9.  4.]
 [12. 11.]
 [ 6.  6.]
 [ 7.  4.]
 [10.  9.]
 [ 8.  4.]
 [11. 10.]
 [ 6.  6.]
 [ 8.  4.]
 [10.  9.]
 [ 7.  4.]
 [11. 10.]
 [ 6.  6.]
 [ 7.  4.]
 [ 9.  9.]
 [ 8.  4.]
 [10.  9.]
 [ 6.  6.]
 [ 8.  4.]
 [ 8.  9.]
 [ 7.  4.]
 [ 9.  9.]
 [ 6.  6.]
 [ 7.  4.]
 [ 7.  9.]
 [ 8.  4.]
 [ 8.  9.]
 [ 6.  6.]
 [ 8.  4.]
 [ 6.  9.]
 [ 7.  4.]
 [ 7.  9.]
 [ 6.  6.]
 [ 7.  4.]
 [ 5.  9.]
 [ 8.  4.]
 [ 6.  9.]
 [ 6.  6.]
 [ 8.  4.]
 [ 4.  9.]
 [ 7.  4.]
 [ 5.  9.]
 [ 6.  6.]
 [ 7.  4.]
 [ 3.  9.]
 [ 8.  4.]
 [ 4.  9.]
 [ 6.  6.]
 [ 8.  4.]
 [ 2.  9.]
 [ 7.  4.]
 [ 3.  9.]
 [ 6.  6.]
 [ 7.  4.]
 [ 1.  9.]
 [ 8.  4.]
 [ 2.  9.]
 [ 6.  6.]
 [ 8.  4.]
 [ 0.  9.]
 [ 7.  4.]
 [ 1.  9.]
 [ 6.  6.]
 [ 7.  4.]
 [-1.  9.]
 [ 8.  4.]
 [ 0.  9.]
 [ 6.  6.]
 [ 8.  4.]
 [-2.  9.]
 [ 7.  4.]
 [-1.  9.]
 [ 6.  6.]
 [ 7.  4.]
 [-3.  9.]
 [ 8.  4.]
 [-2.  9.]
 [ 6.  6.]
 [ 8.  4.]
 [-4.  9.]
 [ 7.  4.]
 [-3.  9.]
 [ 6.  6.]
 [ 7.  4.]
 [-5.  9.]
 [ 8.  4.]
 [-4.  9.]
 [ 6.  6.]
 [ 8.  4.]
 [-5.  9.]
 [ 7.  4.]
 [-4.  9.]
 [ 6.  6.]
 [ 7.  4.]
 [-5.  9.]
 [ 8.  4.]
 [-4.  9.]]
