Maze:
##########################
#                        #
#                        #
#                        #
#                        #
#                        #
#     ##############     #
#     #   C        #     #
#     #            #     #
#     #  S         #     #
#     #            #     #
#     #            #     #
#     #     A      #     #
#     #            #     #
#     #            #     #
#     #           B#     #
#     #    D       #     #
#     #            #     #
#     #            #     #
#     ##############     #
#                        #
#                        #
#                        #
#                        #
#                        #
##########################
[[ 3.  3.]
 [ 6.  6.]
 [12.  9.]
 [ 4.  1.]
 [ 5. 10.]
 [ 3.  2.]
 [ 6.  6.]
 [12.  9.]
 [ 5.  0.]
 [ 5. 11.]
 [ 4.  1.]
 [ 6.  6.]
 [12.  9.]
 [ 6.  0.]
 [ 5. 12.]
 [ 5.  1.]
 [ 6.  6.]
 [12.  9.]
 [ 7.  0.]
 [ 5. 12.]
 [ 6.  1.]
 [ 6.  6.]
 [12.  9.]
 [ 8.  0.]
 [ 5. 12.]
 [ 7.  1.]
 [ 6.  6.]
 [12.  9.]
 [ 9.  0.]
 [ 5. 12.]
 [ 8.  1.]
 [ 6.  6.]
 [12.  9.]
 [10.  0.]
 [ 5. 12.]
 [ 9.  1.]
 [ 6.  6.]
 [12.  9.]
 [11.  0.]
 [ 5. 12.]
 [10.  1.]
 [ 6.  6.]
 [12.  9.]
 [12.  0.]
 [ 5. 12.]
 [11.  1.]
 [ 6.  6.]
 [12.  9.]
 [13.  0.]
 [ 5. 12.]
 [12.  1.]
 [ 6.  6.]
 [12.  9.]
 [14.  0.]
 [ 5. 12.]
 [13.  1.]
 [ 6.  6.]
 [12.  9.]
 [15.  0.]
 [ 5. 12.]
 [14.  1.]
 [ 6.  6.]
 [12.  9.]
 [16.  0.]
 [ 5. 12.]
 [15.  1.]
 [ 6.  6.]
 [12.  9.]
 [17.  0.]
 [ 5. 12.]
 [16.  1.]
 [ 6.  6.]
 [12.  9.]
 [17.  0.]
 [ 5. 12.]
 [17.  0.]
 [ 6.  6.]
 [12.  9.]
 [17. -1.]
 [ 5. 12.]
 [17. -1.]
 [ 6.  6.]
 [12.  9.]
 [17. -2.]
 [ 5. 12.]
 [17. -2.]
 [ 6.  6.]
 [12.  9.]
 [17. -3.]
 [ 5. 12.]
 [17. -3.]
 [ 6.  6.]
 [12.  9.]
 [17. -4.]
 [ 5. 12.]
 [17. -4.]
 [ 6.  6.]
 [12.  9.]
 [17. -5.]
 [ 5. 12.]
 [17. -4.]
 [ 6.  6.]
 [12.  9.]
 [17. -5.]
 [ 5. 12.]]
