Maze:
##########################
#                        #
#                        #
#                        #
#                        #
#                        #
#     ##############     #
#     #            #     #
#     #           B#     #
#     #            #     #
#     #            #     #
#     #    C       #     #
#     #     S      #     #
#     #            #     #
#     #            #     #
#     #   D        #     #
#     #            #     #
#     #          A #     #
#     #            #     #
#     ##############     #
#                        #
#                        #
#                        #
#                        #
#                        #
##########################
[[ 6.  6.]
 [11. 11.]
 [12.  2.]
 [ 5.  5.]
 [ 4.  9.]
 [ 6.  6.]
 [11. 11.]
 [12.  2.]
 [ 4.  5.]
 [ 4. 10.]
 [ 6.  6.]
 [11. 11.]
 [12.  2.]
 [ 3.  5.]
 [ 4. 11.]
 [ 6.  6.]
 [11. 11.]
 [12.  2.]
 [ 2.  6.]
 [ 4. 12.]
 [ 6.  6.]
 [11. 11.]
 [12.  2.]
 [ 2.  7.]
 [ 4. 13.]
 [ 6.  6.]
 [11. 11.]
 [12.  2.]
 [ 2.  8.]
 [ 4. 14.]
 [ 6.  6.]
 [11. 11.]
 [12.  2.]
 [ 2.  9.]
 [ 4. 15.]
 [ 6.  6.]
 [11. 11.]
 [12.  2.]
 [ 2. 10.]
 [ 4. 16.]
 [ 6.  6.]
 [11. 11.]
 [12.  2.]
 [ 2. 11.]
 [ 4. 17.]
 [ 6.  6.]
 [11. 11.]
 [12.  2.]
 [ 2. 12.]
 [ 4. 17.]
 [ 6.  6.]
 [11. 11.]
 [12.  2.]
 [ 2. 13.]
 [ 4. 17.]
 [ 6.  6.]
 [11. 11.]
 [12.  2.]
 [ 2. 14.]
 [ 4. 17.]
 [ 6.  6.]
 [11. 11.]
 [12.  2.]
 [ 3. 15.]
 [ 4. 17.]
 [ 6.  6.]
 [11. 11.]
 [12.  2.]
 [ 3. 16.]
 [ 4. 17.]
 [ 6.  6.]
 [11. 11.]
 [12.  2.]
 [ 4. 17.]
 [ 5. 17.]
 [ 6.  6.]
 [11. 12.]
 [12.  2.]
 [ 5. 17.]
 [ 6. 17.]
 [ 6.  6.]
 [11. 13.]
 [12.  2.]
 [ 6. 17.]
 [ 7. 17.]
 [ 6.  6.]
 [10. 14.]
 [12.  2.]
 [ 7. 17.]
 [ 8. 17.]
 [ 6.  6.]
 [ 9. 15.]
 [12.  2.]
 [ 8. 17.]
 [ 9. 17.]
 [ 6.  6.]
 [ 9. 16.]
 [12.  2.]
 [ 9. 17.]
 [10. 17.]
 [ 6.  6.]
 [ 9. 16.]
 [12.  2.]
 [ 9. 17.]
 [10. 17.]
 [ 6.  6.]
 [ 9. 17.]
 [12.  2.]
 [10. 16.]
 [11. 17.]]
