Maze:
##########################
#                        #
#                        #
#                        #
#                        #
#                        #
#     ##############     #
#     #   A        #     #
#     #            #     #
#     #            #     #
#     #            #     #
#     #            #     #
#     #     C S    #     #
#     #      D     #     #
#     #            #     #
#     #            #     #
#     #            #     #
#     #  B         #     #
#     #            #     #
#     ##############     #
#                        #
#                        #
#                        #
#                        #
#                        #
##########################
[[ 8.  6.]
 [ 4.  1.]
 [ 3. 11.]
 [ 6.  6.]
 [ 7.  7.]
 [ 7.  6.]
 [ 4.  2.]
 [ 3. 11.]
 [ 6.  6.]
 [ 7.  8.]
 [ 7.  6.]
 [ 4.  3.]
 [ 3. 11.]
 [ 6.  6.]
 [ 7.  9.]
 [ 7.  6.]
 [ 5.  4.]
 [ 3. 11.]
 [ 6.  6.]
 [ 7. 10.]
 [ 7.  6.]
 [ 6.  5.]
 [ 3. 11.]
 [ 6.  6.]
 [ 7. 11.]
 [ 7.  6.]
 [ 6.  5.]
 [ 3. 11.]
 [ 6.  6.]
 [ 7. 12.]
 [ 7.  6.]
 [ 6.  5.]
 [ 3. 11.]
 [ 6.  6.]
 [ 7. 13.]
 [ 7.  6.]
 [ 6.  5.]
 [ 3. 11.]
 [ 6.  6.]
 [ 6. 14.]
 [ 7.  6.]
 [ 6.  5.]
 [ 3. 11.]
 [ 6.  6.]
 [ 5. 14.]
 [ 7.  6.]
 [ 6.  5.]
 [ 3. 11.]
 [ 6.  6.]
 [ 4. 14.]
 [ 7.  6.]
 [ 6.  5.]
 [ 3. 11.]
 [ 6.  6.]
 [ 3. 13.]
 [ 7.  6.]
 [ 6.  5.]
 [ 3. 11.]
 [ 6.  6.]
 [ 3. 12.]
 [ 7.  6.]
 [ 6.  5.]
 [ 3. 10.]
 [ 6.  6.]
 [ 3. 11.]
 [ 7.  6.]
 [ 6.  5.]
 [ 3.  9.]
 [ 6.  6.]
 [ 3. 10.]
 [ 7.  6.]
 [ 6.  5.]
 [ 3.  8.]
 [ 6.  6.]
 [ 3.  9.]
 [ 7.  6.]
 [ 6.  5.]
 [ 3.  7.]
 [ 6.  6.]
 [ 3.  8.]
 [ 7.  6.]
 [ 6.  5.]
 [ 3.  6.]
 [ 6.  6.]
 [ 3.  7.]
 [ 7.  6.]
 [ 6.  5.]
 [ 3.  5.]
 [ 6.  6.]
 [ 3.  6.]
 [ 7.  6.]
 [ 6.  5.]
 [ 2.  4.]
 [ 6.  6.]
 [ 3.  5.]
 [ 7.  6.]
 [ 6.  5.]
 [ 1.  3.]
 [ 6.  6.]
 [ 2.  4.]
 [ 7.  6.]
 [ 6.  5.]
 [ 1.  3.]
 [ 6.  6.]
 [ 2.  4.]
 [ 7.  6.]
 [ 6.  5.]
 [ 0.  2.]
 [ 6.  6.]
 [ 1.  3.]]
