Maze:
##########################
#                        #
#                        #
#                        #
#                        #
#                        #
#     ##############     #
#     #            #     #
#     #       S    #     #
#     #            #     #
#     #  D         #     #
#     #            #     #
#     #     A      #     #
#     #            #     #
#     #            #     #
#     #            #     #
#     #     B      #     #
#     # C          #     #
#     #            #     #
#     ##############     #
#                        #
#                        #
#                        #
#                        #
#                        #
##########################
[[ 8.  2.]
 [ 6.  6.]
 [ 6. 10.]
 [ 2. 11.]
 [ 3.  4.]
 [ 7.  2.]
 [ 6.  6.]
 [ 6. 11.]
 [ 1. 11.]
 [ 2.  4.]
 [ 6.  2.]
 [ 6.  6.]
 [ 6. 12.]
 [ 1. 10.]
 [ 1.  4.]
 [ 5.  2.]
 [ 6.  6.]
 [ 6. 12.]
 [ 1.  9.]
 [ 0.  4.]
 [ 4.  2.]
 [ 6.  6.]
 [ 6. 12.]
 [ 1.  8.]
 [-1.  4.]
 [ 3.  2.]
 [ 6.  6.]
 [ 6. 12.]
 [ 1.  7.]
 [-2.  4.]
 [ 2.  3.]
 [ 6.  6.]
 [ 6. 12.]
 [ 0.  6.]
 [-3.  4.]
 [ 1.  4.]
 [ 6.  6.]
 [ 6. 12.]
 [-1.  6.]
 [-4.  4.]
 [ 0.  5.]
 [ 6.  6.]
 [ 6. 12.]
 [-2.  6.]
 [-5.  4.]
 [-1.  5.]
 [ 6.  6.]
 [ 6. 12.]
 [-3.  6.]
 [-5.  4.]
 [-2.  5.]
 [ 6.  6.]
 [ 6. 12.]
 [-4.  6.]
 [-5.  3.]
 [-3.  5.]
 [ 6.  6.]
 [ 6. 12.]
 [-5.  5.]
 [-5.  2.]
 [-4.  5.]
 [ 6.  6.]
 [ 6. 12.]
 [-5.  4.]
 [-5.  1.]
 [-5.  4.]
 [ 6.  6.]
 [ 6. 12.]
 [-5.  3.]
 [-5.  0.]
 [-5.  3.]
 [ 6.  6.]
 [ 6. 12.]
 [-5.  2.]
 [-5. -1.]
 [-5.  2.]
 [ 6.  6.]
 [ 6. 12.]
 [-5.  1.]
 [-5. -2.]
 [-5.  1.]
 [ 6.  6.]
 [ 6. 12.]
 [-5.  0.]
 [-5. -3.]
 [-5.  0.]
 [ 6.  6.]
 [ 6. 12.]
 [-5. -1.]
 [-5. -4.]
 [-5. -1.]
 [ 6.  6.]
 [ 6. 12.]
 [-5. -2.]
 [-5. -5.]
 [-5. -2.]
 [ 6.  6.]
 [ 6. 12.]
 [-5. -3.]
 [-5. -5.]
 [-5. -2.]
 [ 6.  6.]
 [ 6. 12.]
 [-5. -3.]
 [-5. -5.]
 [-5. -3.]
 [ 6.  6.]
 [ 6. 12.]
 [-5. -4.]
 [-5. -5.]]
