Maze:
##########################
#                        #
#                        #
#                        #
#                        #
#                        #
#     ##############     #
#     # A          #     #
#     #            #     #
#     #            #     #
#     #  S         #     #
#     #            #     #
#     #D    B      #     #
#     #            #     #
#     #            #     #
#     #            #     #
#     #            #     #
#     #            #     #
#     #   C        #     #
#     ##############     #
#                        #
#                        #
#                        #
#                        #
#                        #
##########################
[[ 3.  4.]
 [ 2.  1.]
 [ 6.  6.]
 [ 4. 12.]
 [ 1.  6.]
 [ 3.  5.]
 [ 2.  2.]
 [ 6.  6.]
 [ 4. 12.]
 [ 0.  7.]
 [ 3.  6.]
 [ 2.  3.]
 [ 6.  6.]
 [ 4. 12.]
 [-1.  8.]
 [ 3.  7.]
 [ 2.  4.]
 [ 6.  6.]
 [ 4. 12.]
 [-1.  9.]
 [ 3.  8.]
 [ 2.  5.]
 [ 6.  6.]
 [ 4. 12.]
 [-1. 10.]
 [ 3.  9.]
 [ 2.  6.]
 [ 6.  6.]
 [ 4. 12.]
 [-1. 11.]
 [ 3. 10.]
 [ 2.  7.]
 [ 6.  6.]
 [ 4. 13.]
 [-1. 12.]
 [ 3. 11.]
 [ 2.  8.]
 [ 6.  6.]
 [ 4. 14.]
 [-1. 13.]
 [ 3. 12.]
 [ 2.  9.]
 [ 6.  6.]
 [ 4. 15.]
 [-1. 14.]
 [ 3. 13.]
 [ 2. 10.]
 [ 6.  6.]
 [ 4. 16.]
 [-1. 15.]
 [ 3. 14.]
 [ 2. 11.]
 [ 6.  6.]
 [ 4. 17.]
 [-1. 16.]
 [ 3. 15.]
 [ 2. 12.]
 [ 6.  6.]
 [ 4. 17.]
 [-1. 17.]
 [ 3. 16.]
 [ 2. 13.]
 [ 6.  6.]
 [ 4. 17.]
 [ 0. 17.]
 [ 3. 17.]
 [ 2. 14.]
 [ 6.  6.]
 [ 5. 17.]
 [ 1. 17.]
 [ 2. 17.]
 [ 2. 15.]
 [ 6.  6.]
 [ 6. 17.]
 [ 0. 17.]
 [ 1. 17.]
 [ 1. 16.]
 [ 6.  6.]
 [ 7. 17.]
 [-1. 17.]
 [ 1. 17.]
 [ 1. 16.]
 [ 6.  6.]
 [ 8. 17.]
 [-2. 17.]
 [ 1. 17.]
 [ 1. 16.]
 [ 6.  6.]
 [ 8. 17.]
 [-3. 17.]
 [ 1. 17.]
 [ 1. 16.]
 [ 6.  6.]
 [ 8. 17.]
 [-4. 17.]
 [ 1. 17.]
 [ 1. 16.]
 [ 6.  6.]
 [ 9. 17.]
 [-4. 17.]
 [ 1. 17.]
 [ 1. 16.]
 [ 6.  6.]
 [ 9. 17.]
 [-4. 17.]]
