Maze:
##########################
#                        #
#                        #
#                        #
#                        #
#                        #
#     ##############     #
#     #            #     #
#     #          B #     #
#     #            #     #
#     #            #     #
#     #       S    #     #
#     #     A  D   #     #
#     #            #     #
#     #            #     #
#     #            #     #
#     #           C#     #
#     #            #     #
#     #            #     #
#     ##############     #
#                        #
#                        #
#                        #
#                        #
#                        #
##########################
[[ 8.  5.]
 [ 6.  6.]
 [11.  2.]
 [12. 10.]
 [ 9.  6.]
 [ 9.  5.]
 [ 6.  6.]
 [11.  1.]
 [12. 10.]
 [10.  7.]
 [10.  6.]
 [ 6.  6.]
 [11.  1.]
 [12. 10.]
 [10.  8.]
 [10.  7.]
 [ 6.  6.]
 [11.  1.]
 [12. 10.]
 [10.  9.]
 [10.  8.]
 [ 6.  6.]
 [11.  1.]
 [12. 10.]
 [11. 10.]
 [11.  9.]
 [ 6.  6.]
 [11.  1.]
 [11. 10.]
 [12. 10.]
 [12. 10.]
 [ 6.  6.]
 [11.  1.]
 [12. 11.]
 [11. 10.]
 [11. 10.]
 [ 6.  6.]
 [11.  1.]
 [12. 12.]
 [11. 11.]
 [11. 10.]
 [ 6.  6.]
 [11.  1.]
 [12. 12.]
 [11. 12.]
 [11. 11.]
 [ 6.  6.]
 [11.  1.]
 [11. 12.]
 [12. 12.]
 [12. 12.]
 [ 6.  6.]
 [11.  1.]
 [12. 13.]
 [11. 12.]
 [11. 12.]
 [ 6.  6.]
 [11.  1.]
 [12. 14.]
 [11. 13.]
 [11. 12.]
 [ 6.  6.]
 [11.  1.]
 [12. 14.]
 [11. 14.]
 [11. 13.]
 [ 6.  6.]
 [11.  1.]
 [11. 14.]
 [12. 14.]
 [12. 14.]
 [ 6.  6.]
 [11.  1.]
 [12. 15.]
 [11. 14.]
 [11. 14.]
 [ 6.  6.]
 [11.  1.]
 [12. 16.]
 [11. 15.]
 [11. 14.]
 [ 6.  6.]
 [11.  1.]
 [12. 16.]
 [11. 16.]
 [11. 15.]
 [ 6.  6.]
 [11.  1.]
 [11. 16.]
 [12. 16.]
 [12. 16.]
 [ 6.  6.]
 [11.  1.]
 [12. 17.]
 [11. 16.]
 [11. 16.]
 [ 6.  6.]
 [11.  1.]
 [12. 17.]
 [11. 17.]
 [11. 16.]
 [ 6.  6.]
 [11.  1.]
 [12. 17.]
 [11. 17.]]
