Maze:
##########################
#                        #
#                        #
#                        #
#                        #
#                        #
#     ##############     #
#     #            #     #
#     #     C      #     #
#     #            #     #
#     #            #     #
#     #            #     #
#     #     B      #     #
#     #            #     #
#     #   D        #     #
#     #            #     #
#     #      S     #     #
#     #           A#     #
#     #            #     #
#     ##############     #
#                        #
#                        #
#                        #
#                        #
#                        #
##########################
[[ 7. 10.]
 [12. 11.]
 [ 6.  6.]
 [ 6.  2.]
 [ 4.  8.]
 [ 6. 10.]
 [11. 11.]
 [ 6.  6.]
 [ 6.  2.]
 [ 3.  8.]
 [ 5.  9.]
 [10. 11.]
 [ 6.  6.]
 [ 6.  2.]
 [ 2.  8.]
 [ 4.  9.]
 [ 9. 11.]
 [ 6.  6.]
 [ 6.  2.]
 [ 1.  8.]
 [ 3.  9.]
 [ 8. 11.]
 [ 6.  6.]
 [ 6.  2.]
 [ 0.  8.]
 [ 2.  9.]
 [ 7. 11.]
 [ 6.  6.]
 [ 6.  2.]
 [-1.  8.]
 [ 1.  9.]
 [ 6. 11.]
 [ 6.  6.]
 [ 6.  2.]
 [-2.  8.]
 [ 0.  9.]
 [ 5. 11.]
 [ 6.  6.]
 [ 6.  2.]
 [-3.  8.]
 [-1.  9.]
 [ 4. 11.]
 [ 6.  6.]
 [ 6.  2.]
 [-4.  8.]
 [-2.  9.]
 [ 3. 11.]
 [ 6.  6.]
 [ 6.  2.]
 [-5.  8.]
 [-3.  9.]
 [ 2. 11.]
 [ 6.  6.]
 [ 6.  2.]
 [-5.  8.]
 [-4.  9.]
 [ 1. 11.]
 [ 6.  6.]
 [ 6.  2.]
 [-5.  8.]
 [-5.  8.]
 [ 0. 11.]
 [ 6.  6.]
 [ 6.  2.]
 [-5.  7.]
 [-5.  7.]
 [-1. 11.]
 [ 6.  6.]
 [ 6.  2.]
 [-5.  6.]
 [-5.  6.]
 [-2. 11.]
 [ 6.  6.]
 [ 6.  2.]
 [-5.  5.]
 [-5.  5.]
 [-2. 10.]
 [ 6.  6.]
 [ 6.  2.]
 [-5.  4.]
 [-5.  4.]
 [-2.  9.]
 [ 6.  6.]
 [ 6.  2.]
 [-5.  3.]
 [-5.  3.]
 [-2.  8.]
 [ 6.  6.]
 [ 6.  2.]
 [-5.  2.]
 [-5.  2.]
 [-2.  7.]
 [ 6.  6.]
 [ 6.  2.]
 [-5.  1.]
 [-5.  1.]
 [-2.  6.]
 [ 6.  6.]
 [ 6.  2.]
 [-5.  0.]
 [-5.  1.]
 [-2.  6.]
 [ 6.  6.]
 [ 6.  2.]
 [-5.  0.]
 [-5.  0.]
 [-3.  5.]
 [ 6.  6.]
 [ 6.  2.]
 [-5. -1.]]
