Maze:
##########################
#                        #
#                        #
#                        #
#                        #
#                        #
#     ##############     #
#     #  D         #     #
#     #            #     #
#     #     C      #     #
#     #            #     #
#     #            #     #
#     #     B      #     #
#     #            #     #
#     #            #     #
#     #           A#     #
#     #       S    #     #
#     #            #     #
#     #            #     #
#     ##############     #
#                        #
#                        #
#                        #
#                        #
#                        #
##########################
[[ 8. 10.]
 [12.  9.]
 [ 6.  6.]
 [ 6.  3.]
 [ 3.  1.]
 [ 7. 10.]
 [11.  9.]
 [ 6.  6.]
 [ 5.  3.]
 [ 4.  1.]
 [ 6. 10.]
 [10.  9.]
 [ 6.  6.]
 [ 5.  3.]
 [ 4.  1.]
 [ 5. 10.]
 [ 9.  9.]
 [ 6.  6.]
 [ 5.  3.]
 [ 4.  1.]
 [ 4. 10.]
 [ 8.  9.]
 [ 6.  6.]
 [ 5.  3.]
 [ 4.  1.]
 [ 4. 10.]
 [ 7.  9.]
 [ 6.  6.]
 [ 5.  2.]
 [ 4.  2.]
 [ 3. 10.]
 [ 6.  9.]
 [ 6.  6.]
 [ 4.  2.]
 [ 5.  2.]
 [ 2. 10.]
 [ 5.  9.]
 [ 6.  6.]
 [ 5.  2.]
 [ 4.  2.]
 [ 1. 10.]
 [ 4.  9.]
 [ 6.  6.]
 [ 4.  2.]
 [ 5.  2.]
 [ 0. 10.]
 [ 3.  9.]
 [ 6.  6.]
 [ 5.  2.]
 [ 4.  2.]
 [-1. 10.]
 [ 2.  9.]
 [ 6.  6.]
 [ 4.  2.]
 [ 5.  2.]
 [-2. 10.]
 [ 1.  9.]
 [ 6.  6.]
 [ 5.  2.]
 [ 4.  2.]
 [-3. 10.]
 [ 0.  9.]
 [ 6.  6.]
 [ 4.  2.]
 [ 5.  2.]
 [-4. 10.]
 [-1.  9.]
 [ 6.  6.]
 [ 5.  2.]
 [ 4.  2.]
 [-5. 10.]
 [-2.  9.]
 [ 6.  6.]
 [ 4.  2.]
 [ 5.  2.]
 [-5. 10.]
 [-3.  9.]
 [ 6.  6.]
 [ 5.  2.]
 [ 4.  2.]
 [-5. 10.]
 [-4.  9.]
 [ 6.  6.]
 [ 4.  2.]
 [ 5.  2.]
 [-5. 11.]
 [-5. 10.]
 [ 6.  6.]
 [ 5.  2.]
 [ 4.  2.]
 [-5. 12.]
 [-5. 11.]
 [ 6.  6.]
 [ 4.  2.]
 [ 5.  2.]
 [-5. 13.]
 [-5. 12.]
 [ 6.  6.]
 [ 5.  2.]
 [ 4.  2.]
 [-5. 13.]
 [-5. 12.]
 [ 6.  6.]
 [ 5.  2.]
 [ 4.  2.]
 [-5. 14.]
 [-5. 13.]
 [ 6.  6.]
 [ 4.  2.]
 [ 5.  2.]]
