Maze:
##########################
#                        #
#                        #
#                        #
#                        #
#                        #
#     ##############     #
#     #            #     #
#     #            #     #
#     #         D  #     #
#     #  C         #     #
#     #          S #     #
#     #     B      #     #
#     #            #     #
#     #            #     #
#     #            #     #
#     #A           #     #
#     #            #     #
#     #            #     #
#     ##############     #
#                        #
#                        #
#                        #
#                        #
#                        #
##########################
[[11.  5.]
 [ 1. 10.]
 [ 6.  6.]
 [ 3.  4.]
 [10.  3.]
 [11.  4.]
 [ 1. 10.]
 [ 6.  6.]
 [ 4.  4.]
 [10.  2.]
 [11.  3.]
 [ 1. 10.]
 [ 6.  6.]
 [ 5.  4.]
 [10.  1.]
 [11.  2.]
 [ 1. 10.]
 [ 6.  6.]
 [ 6.  5.]
 [ 9.  0.]
 [10.  1.]
 [ 1. 10.]
 [ 6.  6.]
 [ 6.  5.]
 [ 8. -1.]
 [ 9.  0.]
 [ 1. 10.]
 [ 6.  6.]
 [ 6.  5.]
 [ 7. -2.]
 [ 8. -1.]
 [ 1. 10.]
 [ 6.  6.]
 [ 6.  5.]
 [ 6. -3.]
 [ 7. -2.]
 [ 1. 10.]
 [ 6.  6.]
 [ 6.  5.]
 [ 5. -4.]
 [ 6. -3.]
 [ 1. 10.]
 [ 6.  6.]
 [ 6.  5.]
 [ 4. -5.]
 [ 5. -4.]
 [ 1. 10.]
 [ 6.  6.]
 [ 6.  5.]
 [ 3. -5.]
 [ 4. -4.]
 [ 1. 10.]
 [ 6.  6.]
 [ 6.  5.]
 [ 2. -5.]
 [ 3. -4.]
 [ 1. 10.]
 [ 6.  6.]
 [ 6.  5.]
 [ 1. -5.]
 [ 2. -4.]
 [ 1. 10.]
 [ 6.  6.]
 [ 6.  5.]
 [ 0. -5.]
 [ 1. -4.]
 [ 1. 10.]
 [ 6.  6.]
 [ 6.  5.]
 [-1. -5.]
 [ 0. -4.]
 [ 1. 10.]
 [ 6.  6.]
 [ 6.  5.]
 [-2. -5.]
 [-1. -4.]
 [ 1. 10.]
 [ 6.  6.]
 [ 6.  5.]
 [-3. -5.]
 [-2. -4.]
 [ 1. 10.]
 [ 6.  6.]
 [ 6.  5.]
 [-4. -5.]
 [-3. -4.]
 [ 1. 10.]
 [ 6.  6.]
 [ 6.  5.]
 [-5. -5.]
 [-4. -4.]
 [ 1. 10.]
 [ 6.  6.]
 [ 6.  5.]
 [-5. -5.]
 [-4. -4.]
 [ 1. 10.]
 [ 6.  6.]
 [ 6.  5.]
 [-5. -5.]]
