Maze:
##########################
#                        #
#                        #
#                        #
#                        #
#                        #
#     ##############     #
#     #            #     #
#     #            #     #
#     #            #     #
#     #            #     #
#     #     A      #     #
#     #     D     C#     #
#     #            #     #
#     #            #     #
#     #       S    #     #
#     #            #     #
#     #        B   #     #
#     #            #     #
#     ##############     #
#                        #
#                        #
#                        #
#                        #
#                        #
##########################
[[ 8.  9.]
 [ 6.  5.]
 [ 9. 11.]
 [12.  6.]
 [ 6.  6.]
 [ 8.  8.]
 [ 6.  5.]
 [ 8. 10.]
 [13.  6.]
 [ 6.  6.]
 [ 9.  7.]
 [ 6.  5.]
 [ 8.  9.]
 [13.  6.]
 [ 6.  6.]
 [10.  7.]
 [ 6.  5.]
 [ 8.  8.]
 [14.  6.]
 [ 6.  6.]
 [11.  7.]
 [ 6.  5.]
 [ 9.  7.]
 [15.  6.]
 [ 6.  6.]
 [12.  7.]
 [ 6.  5.]
 [10.  7.]
 [16.  6.]
 [ 6.  6.]
 [13.  7.]
 [ 6.  5.]
 [11.  7.]
 [17.  6.]
 [ 6.  6.]
 [14.  7.]
 [ 6.  5.]
 [12.  7.]
 [17.  6.]
 [ 6.  6.]
 [15.  7.]
 [ 6.  5.]
 [13.  7.]
 [17.  6.]
 [ 6.  6.]
 [16.  7.]
 [ 6.  5.]
 [14.  7.]
 [17.  6.]
 [ 6.  6.]
 [17.  7.]
 [ 6.  5.]
 [15.  7.]
 [17.  5.]
 [ 6.  6.]
 [17.  6.]
 [ 6.  5.]
 [16.  7.]
 [17.  4.]
 [ 6.  6.]
 [17.  5.]
 [ 6.  5.]
 [17.  6.]
 [17.  3.]
 [ 6.  6.]
 [17.  4.]
 [ 6.  5.]
 [17.  5.]
 [17.  2.]
 [ 6.  6.]
 [17.  3.]
 [ 6.  5.]
 [17.  4.]
 [17.  1.]
 [ 6.  6.]
 [17.  2.]
 [ 6.  5.]
 [17.  3.]
 [17.  0.]
 [ 6.  6.]
 [17.  1.]
 [ 6.  5.]
 [17.  2.]
 [17. -1.]
 [ 6.  6.]
 [17.  0.]
 [ 6.  5.]
 [17.  1.]
 [17. -2.]
 [ 6.  6.]
 [17. -1.]
 [ 6.  5.]
 [17.  0.]
 [17. -3.]
 [ 6.  6.]
 [17. -2.]
 [ 6.  5.]
 [17. -1.]
 [17. -4.]
 [ 6.  6.]
 [17. -2.]
 [ 6.  5.]
 [17. -1.]
 [17. -4.]
 [ 6.  6.]
 [17. -3.]
 [ 6.  5.]
 [17. -2.]
 [17. -5.]
 [ 6.  6.]]
