Maze:
##########################
#                        #
#                        #
#                        #
#                        #
#                        #
#     ##############     #
#     #           B#     #
#     #            #     #
#     #            #     #
#     #  D         #     #
#     #            #     #
#     #     A    S #     #
#     #            #     #
#     #     C      #     #
#     #            #     #
#     #            #     #
#     #            #     #
#     #            #     #
#     ##############     #
#                        #
#                        #
#                        #
#                        #
#                        #
##########################
[[11.  6.]
 [ 6.  6.]
 [12.  1.]
 [ 6.  8.]
 [ 3.  4.]
 [11.  7.]
 [ 6.  6.]
 [12.  2.]
 [ 6.  7.]
 [ 2.  3.]
 [11.  8.]
 [ 6.  6.]
 [12.  3.]
 [ 6.  7.]
 [ 1.  2.]
 [11.  9.]
 [ 6.  6.]
 [12.  4.]
 [ 6.  7.]
 [ 1.  2.]
 [11. 10.]
 [ 6.  6.]
 [12.  5.]
 [ 6.  7.]
 [ 1.  2.]
 [11. 11.]
 [ 6.  6.]
 [12.  6.]
 [ 6.  7.]
 [ 1.  2.]
 [11. 12.]
 [ 6.  6.]
 [12.  7.]
 [ 6.  7.]
 [ 1.  2.]
 [11. 13.]
 [ 6.  6.]
 [12.  8.]
 [ 6.  7.]
 [ 1.  2.]
 [11. 14.]
 [ 6.  6.]
 [12.  9.]
 [ 6.  7.]
 [ 1.  2.]
 [11. 15.]
 [ 6.  6.]
 [12. 10.]
 [ 6.  7.]
 [ 1.  2.]
 [11. 16.]
 [ 6.  6.]
 [12. 11.]
 [ 6.  7.]
 [ 1.  2.]
 [11. 17.]
 [ 6.  6.]
 [12. 12.]
 [ 6.  7.]
 [ 1.  2.]
 [11. 17.]
 [ 6.  6.]
 [12. 13.]
 [ 6.  7.]
 [ 1.  2.]
 [11. 17.]
 [ 6.  6.]
 [12. 14.]
 [ 6.  7.]
 [ 1.  2.]
 [11. 17.]
 [ 6.  6.]
 [12. 15.]
 [ 6.  7.]
 [ 1.  2.]
 [11. 17.]
 [ 6.  6.]
 [12. 16.]
 [ 6.  7.]
 [ 1.  2.]
 [10. 17.]
 [ 6.  6.]
 [11. 17.]
 [ 6.  7.]
 [ 1.  2.]
 [ 9. 17.]
 [ 6.  6.]
 [10. 17.]
 [ 6.  7.]
 [ 1.  2.]
 [ 8. 17.]
 [ 6.  6.]
 [ 9. 17.]
 [ 6.  7.]
 [ 1.  2.]
 [ 7. 17.]
 [ 6.  6.]
 [ 8. 17.]
 [ 6.  7.]
 [ 1.  2.]
 [ 7. 17.]
 [ 6.  6.]
 [ 8. 17.]
 [ 6.  7.]
 [ 1.  2.]
 [ 6. 17.]
 [ 6.  6.]
 [ 7. 17.]
 [ 6.  7.]
 [ 1.  2.]]
