Maze:
##########################
#                        #
#                        #
#                        #
#                        #
#                        #
#     ##############     #
#     #            #     #
#     #         C  #     #
#     #            #     #
#     #            #     #
#     #          S #     #
#     #     B      #     #
#     #            #     #
#     #            #     #
#     #       A    #     #
#     #           D#     #
#     #            #     #
#     #            #     #
#     ##############     #
#                        #
#                        #
#                        #
#                        #
#                        #
##########################
[[11.  5.]
 [ 8.  9.]
 [ 6.  6.]
 [10.  2.]
 [12. 10.]
 [11.  4.]
 [ 8.  8.]
 [ 6.  6.]
 [10.  1.]
 [13. 11.]
 [11.  3.]
 [ 8.  7.]
 [ 6.  6.]
 [10.  0.]
 [14. 12.]
 [11.  2.]
 [ 7.  6.]
 [ 6.  6.]
 [10. -1.]
 [14. 12.]
 [11.  1.]
 [ 7.  6.]
 [ 6.  6.]
 [ 9. -2.]
 [14. 12.]
 [11.  0.]
 [ 7.  6.]
 [ 6.  6.]
 [ 8. -2.]
 [14. 12.]
 [11. -1.]
 [ 7.  6.]
 [ 6.  6.]
 [ 7. -2.]
 [14. 12.]
 [10. -2.]
 [ 7.  6.]
 [ 6.  6.]
 [ 6. -2.]
 [14. 12.]
 [ 9. -3.]
 [ 7.  6.]
 [ 6.  6.]
 [ 5. -2.]
 [14. 12.]
 [ 8. -3.]
 [ 7.  6.]
 [ 6.  6.]
 [ 4. -2.]
 [14. 12.]
 [ 7. -3.]
 [ 7.  6.]
 [ 6.  6.]
 [ 3. -2.]
 [14. 12.]
 [ 6. -3.]
 [ 7.  6.]
 [ 6.  6.]
 [ 2. -2.]
 [14. 12.]
 [ 5. -3.]
 [ 7.  6.]
 [ 6.  6.]
 [ 2. -2.]
 [14. 12.]
 [ 4. -3.]
 [ 7.  6.]
 [ 6.  6.]
 [ 1. -2.]
 [14. 12.]
 [ 3. -3.]
 [ 7.  6.]
 [ 6.  6.]
 [ 0. -2.]
 [14. 12.]
 [ 2. -3.]
 [ 7.  6.]
 [ 6.  6.]
 [-1. -2.]
 [14. 12.]
 [ 1. -3.]
 [ 7.  6.]
 [ 6.  6.]
 [-2. -2.]
 [14. 12.]
 [ 0. -3.]
 [ 7.  6.]
 [ 6.  6.]
 [-3. -2.]
 [14. 12.]
 [-1. -3.]
 [ 7.  6.]
 [ 6.  6.]
 [-4. -2.]
 [14. 12.]
 [-2. -3.]
 [ 7.  6.]
 [ 6.  6.]
 [-5. -2.]
 [14. 12.]
 [-2. -3.]
 [ 7.  6.]
 [ 6.  6.]
 [-5. -2.]
 [14. 12.]
 [-3. -3.]
 [ 7.  6.]
 [ 6.  6.]
 [-5. -2.]
 [14. 12.]]
