Maze:
##########################
#                        #
#                        #
#                        #
#                        #
#                        #
#     ##############     #
#     #     C      #     #
#     #            #     #
#     #            #     #
#     #            #     #
#     #   S        #     #
#     #     D      #     #
#     #            #     #
#     #            #     #
#     #            #     #
#     # B          #     #
#     #        A   #     #
#     #            #     #
#     ##############     #
#                        #
#                        #
#                        #
#                        #
#                        #
##########################
[[ 4.  5.]
 [ 9. 11.]
 [ 2. 10.]
 [ 6.  1.]
 [ 6.  6.]
 [ 3.  4.]
 [ 8. 10.]
 [ 3.  9.]
 [ 6.  0.]
 [ 6.  6.]
 [ 3.  3.]
 [ 7.  9.]
 [ 4.  8.]
 [ 6. -1.]
 [ 6.  6.]
 [ 3.  2.]
 [ 6.  8.]
 [ 5.  8.]
 [ 6. -2.]
 [ 6.  6.]
 [ 3.  1.]
 [ 5.  8.]
 [ 6.  8.]
 [ 6. -3.]
 [ 6.  6.]
 [ 3.  0.]
 [ 6.  8.]
 [ 5.  8.]
 [ 6. -4.]
 [ 6.  6.]
 [ 3. -1.]
 [ 5.  8.]
 [ 6.  8.]
 [ 6. -4.]
 [ 6.  6.]
 [ 3. -2.]
 [ 6.  8.]
 [ 5.  8.]
 [ 6. -5.]
 [ 6.  6.]
 [ 3. -3.]
 [ 5.  8.]
 [ 6.  8.]
 [ 6. -5.]
 [ 6.  6.]
 [ 4. -4.]
 [ 6.  8.]
 [ 5.  8.]
 [ 7. -5.]
 [ 6.  6.]
 [ 5. -5.]
 [ 5.  8.]
 [ 6.  8.]
 [ 8. -5.]
 [ 6.  6.]
 [ 6. -5.]
 [ 6.  8.]
 [ 5.  8.]
 [ 9. -5.]
 [ 6.  6.]
 [ 7. -5.]
 [ 5.  8.]
 [ 6.  8.]
 [10. -5.]
 [ 6.  6.]
 [ 8. -5.]
 [ 6.  8.]
 [ 5.  8.]
 [11. -5.]
 [ 6.  6.]
 [ 9. -5.]
 [ 5.  8.]
 [ 6.  8.]
 [12. -5.]
 [ 6.  6.]
 [10. -5.]
 [ 6.  8.]
 [ 5.  8.]
 [13. -5.]
 [ 6.  6.]
 [11. -5.]
 [ 5.  8.]
 [ 6.  8.]
 [14. -5.]
 [ 6.  6.]
 [12. -5.]
 [ 6.  8.]
 [ 5.  8.]
 [15. -5.]
 [ 6.  6.]
 [13. -5.]
 [ 5.  8.]
 [ 6.  8.]
 [16. -5.]
 [ 6.  6.]
 [14. -5.]
 [ 6.  8.]
 [ 5.  8.]
 [17. -5.]
 [ 6.  6.]
 [14. -5.]
 [ 6.  8.]
 [ 5.  8.]
 [17. -5.]
 [ 6.  6.]
 [15. -5.]
 [ 5.  8.]
 [ 6.  8.]
 [17. -5.]
 [ 6.  6.]]
