Maze:
##########################
#                        #
#                        #
#                        #
#                        #
#                        #
#     ##############     #
#     #            #     #
#     #            #     #
#     #       D    #     #
#     #            #     #
#     #            #     #
#     #  B  A      #     #
#     #            #     #
#     #            #     #
#     #     S      #     #
#     #            #     #
#     #            #     #
#     #           C#     #
#     ##############     #
#                        #
#                        #
#                        #
#                        #
#                        #
##########################
[[ 6.  9.]
 [ 6.  6.]
 [ 3.  6.]
 [12. 12.]
 [ 8.  3.]
 [ 6. 10.]
 [ 6.  6.]
 [ 4.  6.]
 [12. 12.]
 [ 8.  2.]
 [ 6. 11.]
 [ 6.  6.]
 [ 5.  6.]
 [12. 12.]
 [ 8.  1.]
 [ 6. 12.]
 [ 6.  6.]
 [ 5.  6.]
 [12. 12.]
 [ 8.  0.]
 [ 6. 13.]
 [ 6.  6.]
 [ 5.  6.]
 [12. 12.]
 [ 8. -1.]
 [ 7. 14.]
 [ 6.  6.]
 [ 5.  6.]
 [12. 12.]
 [ 8. -1.]
 [ 8. 15.]
 [ 6.  6.]
 [ 5.  6.]
 [12. 12.]
 [ 8. -1.]
 [ 9. 15.]
 [ 6.  6.]
 [ 5.  6.]
 [12. 12.]
 [ 8. -1.]
 [10. 15.]
 [ 6.  6.]
 [ 5.  6.]
 [12. 12.]
 [ 8. -1.]
 [11. 14.]
 [ 6.  6.]
 [ 5.  6.]
 [12. 11.]
 [ 8. -1.]
 [12. 13.]
 [ 6.  6.]
 [ 5.  6.]
 [12. 10.]
 [ 8. -1.]
 [12. 12.]
 [ 6.  6.]
 [ 5.  6.]
 [12.  9.]
 [ 8. -1.]
 [12. 11.]
 [ 6.  6.]
 [ 5.  6.]
 [12.  8.]
 [ 8. -1.]
 [12. 10.]
 [ 6.  6.]
 [ 5.  6.]
 [12.  7.]
 [ 8. -1.]
 [12.  9.]
 [ 6.  6.]
 [ 5.  6.]
 [12.  6.]
 [ 8. -1.]
 [12.  8.]
 [ 6.  6.]
 [ 5.  6.]
 [12.  5.]
 [ 8. -1.]
 [13.  7.]
 [ 6.  6.]
 [ 5.  6.]
 [12.  4.]
 [ 8. -1.]
 [13.  6.]
 [ 6.  6.]
 [ 5.  6.]
 [12.  4.]
 [ 8. -1.]
 [13.  5.]
 [ 6.  6.]
 [ 5.  6.]
 [11.  3.]
 [ 8. -1.]
 [13.  4.]
 [ 6.  6.]
 [ 5.  6.]
 [10.  3.]
 [ 8. -1.]
 [13.  4.]
 [ 6.  6.]
 [ 5.  6.]
 [10.  3.]
 [ 8. -1.]
 [12.  4.]
 [ 6.  6.]
 [ 5.  6.]
 [ 9.  4.]
 [ 8. -1.]]
