Maze:
##########################
#                        #
#                        #
#                        #
#                        #
#                        #
#     ##############     #
#     #   S        #     #
#     #            #     #
#     #            #     #
#     #            #     #
#     #            #     #
#     #     D      #     #
#     #          B #     #
#     #           C#     #
#     #            #     #
#     #            #     #
#     #            #     #
#     #    A       #     #
#     ##############     #
#                        #
#                        #
#                        #
#                        #
#                        #
##########################
[[ 4.  1.]
 [ 5. 12.]
 [11.  7.]
 [12.  8.]
 [ 6.  6.]
 [ 4.  1.]
 [ 5. 12.]
 [10.  6.]
 [11.  7.]
 [ 6.  6.]
 [ 4.  1.]
 [ 5. 12.]
 [ 9.  5.]
 [10.  6.]
 [ 6.  6.]
 [ 4.  1.]
 [ 5. 12.]
 [ 8.  4.]
 [ 9.  6.]
 [ 6.  6.]
 [ 5.  1.]
 [ 5. 12.]
 [ 8.  3.]
 [ 8.  6.]
 [ 6.  6.]
 [ 6.  1.]
 [ 5. 12.]
 [ 9.  2.]
 [ 7.  6.]
 [ 6.  6.]
 [ 7.  1.]
 [ 5. 12.]
 [10.  2.]
 [ 7.  6.]
 [ 6.  6.]
 [ 8.  1.]
 [ 5. 12.]
 [11.  2.]
 [ 7.  6.]
 [ 6.  6.]
 [ 9.  1.]
 [ 5. 12.]
 [12.  2.]
 [ 7.  6.]
 [ 6.  6.]
 [10.  1.]
 [ 5. 12.]
 [13.  2.]
 [ 7.  6.]
 [ 6.  6.]
 [11.  1.]
 [ 5. 12.]
 [14.  2.]
 [ 7.  6.]
 [ 6.  6.]
 [12.  1.]
 [ 5. 12.]
 [15.  2.]
 [ 7.  6.]
 [ 6.  6.]
 [13.  1.]
 [ 5. 12.]
 [16.  2.]
 [ 7.  6.]
 [ 6.  6.]
 [14.  1.]
 [ 5. 12.]
 [17.  2.]
 [ 7.  6.]
 [ 6.  6.]
 [15.  1.]
 [ 5. 12.]
 [17.  2.]
 [ 7.  6.]
 [ 6.  6.]
 [16.  1.]
 [ 5. 12.]
 [17.  2.]
 [ 7.  6.]
 [ 6.  6.]
 [17.  2.]
 [ 5. 12.]
 [17.  3.]
 [ 7.  6.]
 [ 6.  6.]
 [17.  3.]
 [ 5. 12.]
 [17.  4.]
 [ 7.  6.]
 [ 6.  6.]
 [17.  4.]
 [ 5. 12.]
 [17.  5.]
 [ 7.  6.]
 [ 6.  6.]
 [17.  5.]
 [ 5. 12.]
 [17.  6.]
 [ 7.  6.]
 [ 6.  6.]
 [17.  5.]
 [ 5. 12.]
 [17.  6.]
 [ 7.  6.]
 [ 6.  6.]
 [17.  6.]
 [ 5. 12.]
 [17.  7.]
 [ 7.  6.]
 [ 6.  6.]]
