Maze:
##########################
#                        #
#                        #
#                        #
#                        #
#                        #
#     ##############     #
#     #            #     #
#     #S           #     #
#     #            #     #
#     #            #     #
#     #            #     #
#     #   D C      #     #
#     #            #     #
#     #            #     #
#     #            #     #
#     #            #     #
#     #         A  #     #
#     #       B    #     #
#     ##############     #
#                        #
#                        #
#                        #
#                        #
#                        #
##########################
[[ 1.  2.]
 [10. 11.]
 [ 8. 12.]
 [ 6.  6.]
 [ 4.  6.]
 [ 1.  2.]
 [11. 11.]
 [ 9. 12.]
 [ 6.  6.]
 [ 3.  6.]
 [ 1.  2.]
 [12. 11.]
 [10. 12.]
 [ 6.  6.]
 [ 2.  6.]
 [ 1.  2.]
 [13. 11.]
 [11. 12.]
 [ 6.  6.]
 [ 1.  6.]
 [ 1.  2.]
 [14. 11.]
 [12. 12.]
 [ 6.  6.]
 [ 1.  5.]
 [ 1.  2.]
 [15. 11.]
 [13. 12.]
 [ 6.  6.]
 [ 1.  4.]
 [ 1.  2.]
 [16. 11.]
 [14. 12.]
 [ 6.  6.]
 [ 1.  4.]
 [ 1.  2.]
 [17. 11.]
 [15. 12.]
 [ 6.  6.]
 [ 1.  4.]
 [ 1.  2.]
 [17. 11.]
 [16. 12.]
 [ 6.  6.]
 [ 1.  4.]
 [ 1.  2.]
 [17. 10.]
 [17. 11.]
 [ 6.  6.]
 [ 1.  4.]
 [ 1.  2.]
 [17.  9.]
 [17. 10.]
 [ 6.  6.]
 [ 1.  4.]
 [ 1.  2.]
 [17.  8.]
 [17.  9.]
 [ 6.  6.]
 [ 1.  4.]
 [ 1.  2.]
 [17.  7.]
 [17.  8.]
 [ 6.  6.]
 [ 1.  4.]
 [ 1.  2.]
 [17.  6.]
 [17.  7.]
 [ 6.  6.]
 [ 1.  4.]
 [ 1.  2.]
 [17.  5.]
 [17.  6.]
 [ 6.  6.]
 [ 1.  4.]
 [ 1.  2.]
 [17.  4.]
 [17.  5.]
 [ 6.  6.]
 [ 1.  4.]
 [ 1.  2.]
 [17.  3.]
 [17.  4.]
 [ 6.  6.]
 [ 1.  4.]
 [ 1.  2.]
 [17.  2.]
 [17.  3.]
 [ 6.  6.]
 [ 1.  4.]
 [ 1.  2.]
 [17.  1.]
 [17.  2.]
 [ 6.  6.]
 [ 1.  4.]
 [ 1.  2.]
 [17.  0.]
 [17.  1.]
 [ 6.  6.]
 [ 1.  4.]
 [ 1.  2.]
 [17.  0.]
 [17.  1.]
 [ 6.  6.]
 [ 1.  4.]
 [ 1.  2.]
 [17. -1.]
 [17.  0.]
 [ 6.  6.]
 [ 1.  4.]]
