Maze:
##########################
#                        #
#                        #
#                        #
#                        #
#                        #
#     ##############     #
#     #  A         #     #
#     #            #     #
#     #            #     #
#     #           S#     #
#     #            #     #
#     #     D      #     #
#     #            #     #
#     #            #     #
#     #         B  #     #
#     #            #     #
#     # C          #     #
#     #            #     #
#     ##############     #
#                        #
#                        #
#                        #
#                        #
#                        #
##########################
[[12.  4.]
 [ 3.  1.]
 [10.  9.]
 [ 2. 11.]
 [ 6.  6.]
 [12.  5.]
 [ 3.  1.]
 [10. 10.]
 [ 3. 10.]
 [ 6.  6.]
 [12.  6.]
 [ 3.  1.]
 [10. 11.]
 [ 4.  9.]
 [ 6.  6.]
 [12.  7.]
 [ 3.  1.]
 [10. 12.]
 [ 5.  8.]
 [ 6.  6.]
 [12.  8.]
 [ 3.  1.]
 [10. 13.]
 [ 5.  7.]
 [ 6.  6.]
 [12.  9.]
 [ 3.  1.]
 [10. 14.]
 [ 5.  7.]
 [ 6.  6.]
 [12. 10.]
 [ 3.  1.]
 [10. 15.]
 [ 5.  7.]
 [ 6.  6.]
 [12. 11.]
 [ 3.  1.]
 [10. 16.]
 [ 5.  7.]
 [ 6.  6.]
 [12. 12.]
 [ 3.  1.]
 [10. 17.]
 [ 5.  7.]
 [ 6.  6.]
 [12. 13.]
 [ 3.  1.]
 [10. 17.]
 [ 5.  7.]
 [ 6.  6.]
 [12. 14.]
 [ 3.  1.]
 [10. 17.]
 [ 5.  7.]
 [ 6.  6.]
 [11. 15.]
 [ 3.  1.]
 [10. 17.]
 [ 5.  7.]
 [ 6.  6.]
 [11. 16.]
 [ 3.  1.]
 [10. 17.]
 [ 5.  7.]
 [ 6.  6.]
 [10. 17.]
 [ 3.  1.]
 [ 9. 17.]
 [ 5.  7.]
 [ 6.  6.]
 [ 9. 17.]
 [ 3.  1.]
 [ 8. 17.]
 [ 5.  7.]
 [ 6.  6.]
 [ 8. 17.]
 [ 3.  1.]
 [ 7. 17.]
 [ 5.  7.]
 [ 6.  6.]
 [ 7. 17.]
 [ 3.  1.]
 [ 6. 17.]
 [ 5.  7.]
 [ 6.  6.]
 [ 6. 17.]
 [ 3.  1.]
 [ 5. 17.]
 [ 5.  7.]
 [ 6.  6.]
 [ 5. 17.]
 [ 3.  1.]
 [ 4. 17.]
 [ 5.  7.]
 [ 6.  6.]
 [ 4. 17.]
 [ 3.  1.]
 [ 3. 17.]
 [ 5.  7.]
 [ 6.  6.]
 [ 4. 17.]
 [ 3.  1.]
 [ 3. 17.]
 [ 5.  7.]
 [ 6.  6.]
 [ 3. 17.]
 [ 3.  1.]
 [ 2. 17.]
 [ 5.  7.]
 [ 6.  6.]]
