Maze:
##########################
#                        #
#                        #
#                        #
#                        #
#                        #
#     ##############     #
#     #            #     #
#     #            #     #
#     #            #     #
#     #            #     #
#     #            #     #
#     #     A      #     #
#     #   C        #     #
#     #       S    #     #
#     #  D         #     #
#     #            #     #
#     #            #     #
#     #    B       #     #
#     ##############     #
#                        #
#                        #
#                        #
#                        #
#                        #
##########################
[[ 8.  8.]
 [ 6.  6.]
 [ 5. 12.]
 [ 4.  7.]
 [ 3.  9.]
 [ 9.  9.]
 [ 6.  6.]
 [ 5. 13.]
 [ 4.  8.]
 [ 3. 10.]
 [ 9. 10.]
 [ 6.  6.]
 [ 5. 14.]
 [ 4.  9.]
 [ 3. 11.]
 [ 9. 11.]
 [ 6.  6.]
 [ 5. 15.]
 [ 4. 10.]
 [ 3. 12.]
 [ 9. 12.]
 [ 6.  6.]
 [ 5. 16.]
 [ 4. 11.]
 [ 3. 13.]
 [ 9. 13.]
 [ 6.  6.]
 [ 5. 17.]
 [ 4. 12.]
 [ 3. 14.]
 [ 9. 14.]
 [ 6.  6.]
 [ 5. 17.]
 [ 4. 13.]
 [ 3. 15.]
 [ 9. 15.]
 [ 6.  6.]
 [ 5. 17.]
 [ 4. 14.]
 [ 3. 16.]
 [ 8. 16.]
 [ 6.  6.]
 [ 5. 17.]
 [ 4. 15.]
 [ 3. 17.]
 [ 7. 16.]
 [ 6.  6.]
 [ 6. 17.]
 [ 4. 16.]
 [ 3. 17.]
 [ 7. 16.]
 [ 6.  6.]
 [ 6. 17.]
 [ 3. 17.]
 [ 2. 17.]
 [ 6. 17.]
 [ 6.  6.]
 [ 5. 17.]
 [ 2. 17.]
 [ 1. 17.]
 [ 5. 17.]
 [ 6.  6.]
 [ 4. 17.]
 [ 1. 17.]
 [ 0. 17.]
 [ 4. 17.]
 [ 6.  6.]
 [ 3. 17.]
 [ 0. 17.]
 [-1. 17.]
 [ 3. 17.]
 [ 6.  6.]
 [ 2. 17.]
 [-1. 17.]
 [-2. 17.]
 [ 2. 17.]
 [ 6.  6.]
 [ 1. 17.]
 [-2. 17.]
 [-3. 17.]
 [ 1. 17.]
 [ 6.  6.]
 [ 0. 17.]
 [-3. 17.]
 [-4. 17.]
 [ 0. 17.]
 [ 6.  6.]
 [-1. 17.]
 [-4. 17.]
 [-5. 17.]
 [-1. 17.]
 [ 6.  6.]
 [-2. 17.]
 [-4. 17.]
 [-5. 17.]
 [-2. 17.]
 [ 6.  6.]
 [-3. 17.]
 [-4. 17.]
 [-5. 17.]
 [-2. 17.]
 [ 6.  6.]
 [-3. 17.]
 [-4. 17.]
 [-5. 17.]
 [-3. 17.]
 [ 6.  6.]
 [-2. 17.]
 [-4. 17.]
 [-5. 17.]]
