Maze:
##########################
#                        #
#                        #
#                        #
#                        #
#                        #
#     ##############     #
#     #            #     #
#     #    B       #     #
#     #            #     #
#     #            #     #
#     #  S         #     #
#     #     C  D   #     #
#     #            #     #
#     #            #     #
#     #           A#     #
#     #            #     #
#     #            #     #
#     #            #     #
#     ##############     #
#                        #
#                        #
#                        #
#                        #
#                        #
##########################
[[ 3.  5.]
 [12.  9.]
 [ 5.  2.]
 [ 6.  6.]
 [ 9.  6.]
 [ 3.  4.]
 [11.  8.]
 [ 5.  1.]
 [ 6.  6.]
 [10.  6.]
 [ 3.  3.]
 [11.  8.]
 [ 5.  0.]
 [ 6.  6.]
 [10.  6.]
 [ 3.  2.]
 [11.  8.]
 [ 5. -1.]
 [ 6.  6.]
 [10.  6.]
 [ 3.  1.]
 [11.  8.]
 [ 5. -2.]
 [ 6.  6.]
 [10.  6.]
 [ 3.  0.]
 [11.  8.]
 [ 5. -3.]
 [ 6.  6.]
 [10.  6.]
 [ 3. -1.]
 [11.  8.]
 [ 5. -4.]
 [ 6.  6.]
 [10.  6.]
 [ 3. -2.]
 [11.  8.]
 [ 5. -5.]
 [ 6.  6.]
 [10.  6.]
 [ 3. -3.]
 [11.  8.]
 [ 5. -5.]
 [ 6.  6.]
 [10.  6.]
 [ 4. -4.]
 [11.  8.]
 [ 6. -5.]
 [ 6.  6.]
 [10.  6.]
 [ 5. -4.]
 [11.  8.]
 [ 7. -5.]
 [ 6.  6.]
 [10.  6.]
 [ 6. -4.]
 [11.  8.]
 [ 8. -5.]
 [ 6.  6.]
 [10.  6.]
 [ 7. -4.]
 [11.  8.]
 [ 9. -5.]
 [ 6.  6.]
 [10.  6.]
 [ 8. -4.]
 [11.  8.]
 [10. -5.]
 [ 6.  6.]
 [10.  6.]
 [ 9. -4.]
 [11.  8.]
 [11. -5.]
 [ 6.  6.]
 [10.  6.]
 [10. -4.]
 [11.  8.]
 [12. -5.]
 [ 6.  6.]
 [10.  6.]
 [11. -4.]
 [11.  8.]
 [13. -5.]
 [ 6.  6.]
 [10.  6.]
 [12. -4.]
 [11.  8.]
 [14. -5.]
 [ 6.  6.]
 [10.  6.]
 [13. -4.]
 [11.  8.]
 [15. -5.]
 [ 6.  6.]
 [10.  6.]
 [14. -4.]
 [11.  8.]
 [16. -5.]
 [ 6.  6.]
 [10.  6.]
 [14. -4.]
 [11.  8.]
 [16. -5.]
 [ 6.  6.]
 [10.  6.]
 [15. -4.]
 [11.  8.]
 [17. -5.]
 [ 6.  6.]
 [10.  6.]]
