Maze:
##########################
#                        #
#                        #
#                        #
#                        #
#                        #
#     ##############     #
#     #            #     #
#     #     C      #     #
#     #  D         #     #
#     #      A     #     #
#     #            #     #
#     #     S      #     #
#     #            #     #
#     #         B  #     #
#     #            #     #
#     #            #     #
#     #            #     #
#     #            #     #
#     ##############     #
#                        #
#                        #
#                        #
#                        #
#                        #
##########################
[[ 6.  6.]
 [ 7.  4.]
 [10.  8.]
 [ 6.  2.]
 [ 3.  3.]
 [ 6.  6.]
 [ 7.  5.]
 [11.  9.]
 [ 5.  2.]
 [ 3.  4.]
 [ 6.  6.]
 [ 7.  5.]
 [12. 10.]
 [ 4.  3.]
 [ 3.  5.]
 [ 6.  6.]
 [ 7.  5.]
 [13. 10.]
 [ 4.  4.]
 [ 3.  6.]
 [ 6.  6.]
 [ 7.  5.]
 [14. 10.]
 [ 4.  5.]
 [ 3.  7.]
 [ 6.  6.]
 [ 7.  5.]
 [14. 10.]
 [ 4.  6.]
 [ 3.  8.]
 [ 6.  6.]
 [ 7.  5.]
 [14. 10.]
 [ 4.  7.]
 [ 3.  9.]
 [ 6.  6.]
 [ 7.  5.]
 [15. 10.]
 [ 4.  8.]
 [ 3. 10.]
 [ 6.  6.]
 [ 7.  5.]
 [15. 10.]
 [ 4.  9.]
 [ 3. 11.]
 [ 6.  6.]
 [ 7.  5.]
 [15. 10.]
 [ 4. 10.]
 [ 3. 12.]
 [ 6.  6.]
 [ 7.  5.]
 [15. 10.]
 [ 4. 11.]
 [ 3. 13.]
 [ 6.  6.]
 [ 7.  5.]
 [15. 10.]
 [ 4. 12.]
 [ 3. 14.]
 [ 6.  6.]
 [ 7.  5.]
 [15. 10.]
 [ 4. 13.]
 [ 3. 15.]
 [ 6.  6.]
 [ 7.  5.]
 [15. 10.]
 [ 4. 14.]
 [ 3. 16.]
 [ 6.  6.]
 [ 7.  5.]
 [15. 10.]
 [ 4. 15.]
 [ 3. 17.]
 [ 6.  6.]
 [ 7.  5.]
 [15. 10.]
 [ 4. 16.]
 [ 3. 17.]
 [ 6.  6.]
 [ 7.  5.]
 [15. 10.]
 [ 3. 17.]
 [ 2. 17.]
 [ 6.  6.]
 [ 7.  5.]
 [15. 10.]
 [ 2. 17.]
 [ 1. 17.]
 [ 6.  6.]
 [ 7.  5.]
 [15. 10.]
 [ 1. 17.]
 [ 0. 17.]
 [ 6.  6.]
 [ 7.  5.]
 [15. 10.]
 [ 0. 17.]
 [-1. 17.]
 [ 6.  6.]
 [ 7.  5.]
 [15. 10.]
 [ 0. 17.]
 [-1. 17.]
 [ 6.  6.]
 [ 7.  5.]
 [15. 10.]
 [-1. 17.]
 [-2. 17.]]
