Maze:
##########################
#                        #
#                        #
#                        #
#                        #
#                        #
#     ##############     #
#     #            #     #
#     #  D         #     #
#     #      A     #     #
#     #            #     #
#     #            #     #
#     #     C      #     #
#     #            #     #
#     #            #     #
#     #            #     #
#     #           S#     #
#     #         B  #     #
#     #            #     #
#     ##############     #
#                        #
#                        #
#                        #
#                        #
#                        #
##########################
[[12. 10.]
 [ 7.  3.]
 [10. 11.]
 [ 6.  6.]
 [ 3.  2.]
 [11. 11.]
 [ 7.  2.]
 [ 9. 12.]
 [ 6.  6.]
 [ 4.  2.]
 [10. 12.]
 [ 6.  2.]
 [ 8. 13.]
 [ 6.  6.]
 [ 5.  2.]
 [ 9. 13.]
 [ 5.  2.]
 [ 7. 14.]
 [ 6.  6.]
 [ 6.  2.]
 [ 8. 13.]
 [ 6.  2.]
 [ 6. 15.]
 [ 6.  6.]
 [ 5.  2.]
 [ 7. 14.]
 [ 5.  2.]
 [ 5. 16.]
 [ 6.  6.]
 [ 6.  2.]
 [ 6. 15.]
 [ 6.  2.]
 [ 4. 17.]
 [ 6.  6.]
 [ 5.  2.]
 [ 5. 16.]
 [ 5.  2.]
 [ 3. 17.]
 [ 6.  6.]
 [ 6.  2.]
 [ 4. 16.]
 [ 6.  2.]
 [ 2. 17.]
 [ 6.  6.]
 [ 5.  2.]
 [ 3. 16.]
 [ 5.  2.]
 [ 1. 17.]
 [ 6.  6.]
 [ 6.  2.]
 [ 2. 16.]
 [ 6.  2.]
 [ 0. 17.]
 [ 6.  6.]
 [ 5.  2.]
 [ 1. 16.]
 [ 5.  2.]
 [-1. 17.]
 [ 6.  6.]
 [ 6.  2.]
 [ 0. 16.]
 [ 6.  2.]
 [-2. 17.]
 [ 6.  6.]
 [ 5.  2.]
 [-1. 16.]
 [ 5.  2.]
 [-3. 17.]
 [ 6.  6.]
 [ 6.  2.]
 [-2. 16.]
 [ 6.  2.]
 [-4. 17.]
 [ 6.  6.]
 [ 5.  2.]
 [-3. 16.]
 [ 5.  2.]
 [-5. 17.]
 [ 6.  6.]
 [ 6.  2.]
 [-4. 16.]
 [ 6.  2.]
 [-5. 17.]
 [ 6.  6.]
 [ 5.  2.]
 [-4. 16.]
 [ 5.  2.]
 [-5. 17.]
 [ 6.  6.]
 [ 6.  2.]
 [-4. 16.]
 [ 6.  2.]
 [-5. 17.]
 [ 6.  6.]
 [ 5.  2.]]
