Maze:
##########################
#                        #
#                        #
#                        #
#                        #
#                        #
#     ##############     #
#     #            #     #
#     #            #     #
#     #            #     #
#     #            #     #
#     #          A #     #
#     #     C      #     #
#     #  S         #     #
#     #            #     #
#     #           D#     #
#     #            #     #
#     #            #     #
#     #    B       #     #
#     ##############     #
#                        #
#                        #
#                        #
#                        #
#                        #
##########################
[[ 3.  7.]
 [11.  5.]
 [ 5. 12.]
 [ 6.  6.]
 [12.  9.]
 [ 3.  8.]
 [12.  6.]
 [ 5. 13.]
 [ 6.  6.]
 [12.  8.]
 [ 3.  9.]
 [12.  6.]
 [ 5. 14.]
 [ 6.  6.]
 [12.  8.]
 [ 3. 10.]
 [12.  6.]
 [ 5. 15.]
 [ 6.  6.]
 [12.  8.]
 [ 3. 11.]
 [12.  6.]
 [ 5. 16.]
 [ 6.  6.]
 [12.  8.]
 [ 3. 12.]
 [12.  6.]
 [ 5. 17.]
 [ 6.  6.]
 [12.  8.]
 [ 3. 13.]
 [12.  6.]
 [ 5. 17.]
 [ 6.  6.]
 [12.  8.]
 [ 3. 14.]
 [12.  6.]
 [ 5. 17.]
 [ 6.  6.]
 [12.  8.]
 [ 3. 15.]
 [12.  6.]
 [ 5. 17.]
 [ 6.  6.]
 [12.  8.]
 [ 4. 16.]
 [12.  6.]
 [ 6. 17.]
 [ 6.  6.]
 [12.  8.]
 [ 5. 16.]
 [12.  6.]
 [ 7. 17.]
 [ 6.  6.]
 [12.  8.]
 [ 6. 16.]
 [12.  6.]
 [ 8. 17.]
 [ 6.  6.]
 [12.  8.]
 [ 7. 16.]
 [12.  6.]
 [ 9. 17.]
 [ 6.  6.]
 [12.  8.]
 [ 8. 16.]
 [12.  6.]
 [10. 17.]
 [ 6.  6.]
 [12.  8.]
 [ 9. 17.]
 [12.  6.]
 [11. 17.]
 [ 6.  6.]
 [12.  8.]
 [10. 17.]
 [12.  6.]
 [12. 17.]
 [ 6.  6.]
 [12.  8.]
 [11. 17.]
 [12.  6.]
 [13. 17.]
 [ 6.  6.]
 [12.  8.]
 [12. 17.]
 [12.  6.]
 [14. 17.]
 [ 6.  6.]
 [12.  8.]
 [13. 17.]
 [12.  6.]
 [15. 17.]
 [ 6.  6.]
 [12.  8.]
 [14. 17.]
 [12.  6.]
 [16. 17.]
 [ 6.  6.]
 [12.  8.]
 [14. 17.]
 [12.  6.]
 [16. 17.]
 [ 6.  6.]
 [12.  8.]
 [15. 17.]
 [12.  6.]
 [17. 17.]
 [ 6.  6.]
 [12.  8.]]
