Maze:
##########################
#                        #
#                        #
#                        #
#                        #
#                        #
#     ##############     #
#     #            #     #
#     #A           #     #
#     #       B    #     #
#     #            #     #
#     #            #     #
#     #   D C      #     #
#     #     S      #     #
#     #            #     #
#     #            #     #
#     #            #     #
#     #            #     #
#     #            #     #
#     ##############     #
#                        #
#                        #
#                        #
#                        #
#                        #
##########################
[[ 6.  7.]
 [ 1.  2.]
 [ 8.  3.]
 [ 6.  6.]
 [ 4.  6.]
 [ 6.  7.]
 [ 2.  2.]
 [ 8.  2.]
 [ 6.  6.]
 [ 3.  6.]
 [ 6.  7.]
 [ 3.  3.]
 [ 8.  1.]
 [ 6.  6.]
 [ 2.  6.]
 [ 6.  7.]
 [ 3.  4.]
 [ 8.  1.]
 [ 6.  6.]
 [ 1.  6.]
 [ 6.  7.]
 [ 3.  5.]
 [ 8.  1.]
 [ 6.  6.]
 [ 0.  6.]
 [ 6.  7.]
 [ 2.  5.]
 [ 8.  1.]
 [ 6.  6.]
 [-1.  6.]
 [ 6.  7.]
 [ 1.  5.]
 [ 8.  1.]
 [ 6.  6.]
 [-2.  6.]
 [ 6.  7.]
 [ 0.  5.]
 [ 8.  1.]
 [ 6.  6.]
 [-3.  6.]
 [ 6.  7.]
 [-1.  5.]
 [ 8.  1.]
 [ 6.  6.]
 [-4.  6.]
 [ 6.  7.]
 [-2.  5.]
 [ 8.  1.]
 [ 6.  6.]
 [-5.  6.]
 [ 6.  7.]
 [-3.  5.]
 [ 8.  1.]
 [ 6.  6.]
 [-5.  6.]
 [ 6.  7.]
 [-4.  5.]
 [ 8.  1.]
 [ 6.  6.]
 [-5.  6.]
 [ 6.  7.]
 [-5.  6.]
 [ 8.  1.]
 [ 6.  6.]
 [-5.  7.]
 [ 6.  7.]
 [-5.  7.]
 [ 8.  1.]
 [ 6.  6.]
 [-5.  8.]
 [ 6.  7.]
 [-5.  8.]
 [ 8.  1.]
 [ 6.  6.]
 [-5.  9.]
 [ 6.  7.]
 [-5.  9.]
 [ 8.  1.]
 [ 6.  6.]
 [-5. 10.]
 [ 6.  7.]
 [-5. 10.]
 [ 8.  1.]
 [ 6.  6.]
 [-5. 11.]
 [ 6.  7.]
 [-5. 11.]
 [ 8.  1.]
 [ 6.  6.]
 [-5. 12.]
 [ 6.  7.]
 [-5. 12.]
 [ 8.  1.]
 [ 6.  6.]
 [-5. 13.]
 [ 6.  7.]
 [-5. 13.]
 [ 8.  1.]
 [ 6.  6.]
 [-5. 14.]
 [ 6.  7.]
 [-5. 13.]
 [ 8.  1.]
 [ 6.  6.]
 [-5. 14.]
 [ 6.  7.]
 [-5. 14.]
 [ 8.  1.]
 [ 6.  6.]
 [-5. 15.]]
