Maze:
##########################
#                        #
#                        #
#                        #
#                        #
#                        #
#     ##############     #
#     #            #     #
#     #            #     #
#     #            #     #
#     #            #     #
#     #            #     #
#     #     A      #     #
#     #     D      #     #
#     #       C    #     #
#     #            #     #
#     #            #     #
#     # B          #     #
#     #           S#     #
#     ##############     #
#                        #
#                        #
#                        #
#                        #
#                        #
##########################
[[12. 12.]
 [ 6.  6.]
 [ 2. 11.]
 [ 8.  8.]
 [ 6.  7.]
 [11. 11.]
 [ 6.  6.]
 [ 2. 11.]
 [ 9.  8.]
 [ 6.  8.]
 [10. 10.]
 [ 6.  6.]
 [ 2. 11.]
 [10.  9.]
 [ 5.  9.]
 [10.  9.]
 [ 6.  6.]
 [ 1. 11.]
 [10. 10.]
 [ 4. 10.]
 [10. 10.]
 [ 6.  6.]
 [ 0. 11.]
 [10.  9.]
 [ 3. 10.]
 [10.  9.]
 [ 6.  6.]
 [-1. 11.]
 [10. 10.]
 [ 2. 10.]
 [10. 10.]
 [ 6.  6.]
 [-2. 11.]
 [10.  9.]
 [ 1. 10.]
 [10.  9.]
 [ 6.  6.]
 [-3. 11.]
 [10. 10.]
 [ 0. 10.]
 [10. 10.]
 [ 6.  6.]
 [-4. 11.]
 [10.  9.]
 [-1. 10.]
 [10.  9.]
 [ 6.  6.]
 [-5. 11.]
 [10. 10.]
 [-2. 10.]
 [10. 10.]
 [ 6.  6.]
 [-5. 11.]
 [10.  9.]
 [-3. 10.]
 [10.  9.]
 [ 6.  6.]
 [-5. 11.]
 [10. 10.]
 [-4. 10.]
 [10. 10.]
 [ 6.  6.]
 [-5. 12.]
 [10.  9.]
 [-5. 11.]
 [10.  9.]
 [ 6.  6.]
 [-5. 13.]
 [10. 10.]
 [-5. 12.]
 [10. 10.]
 [ 6.  6.]
 [-5. 14.]
 [10.  9.]
 [-5. 13.]
 [10.  9.]
 [ 6.  6.]
 [-5. 15.]
 [10. 10.]
 [-5. 14.]
 [10. 10.]
 [ 6.  6.]
 [-5. 16.]
 [10.  9.]
 [-5. 15.]
 [10.  9.]
 [ 6.  6.]
 [-5. 17.]
 [10. 10.]
 [-5. 16.]
 [10. 10.]
 [ 6.  6.]
 [-5. 17.]
 [10.  9.]
 [-5. 16.]
 [10.  9.]
 [ 6.  6.]
 [-5. 17.]
 [10. 10.]
 [-5. 16.]]
