Maze:
##########################
#                        #
#                        #
#                        #
#                        #
#                        #
#     ##############     #
#     #            #     #
#     #            #     #
#     #            #     #
#     #     B      #     #
#     #  A         #     #
#     #   D C      #     #
#     #        S   #     #
#     #            #     #
#     #            #     #
#     #            #     #
#     #            #     #
#     #            #     #
#     ##############     #
#                        #
#                        #
#                        #
#                        #
#                        #
##########################
[[ 9.  7.]
 [ 3.  5.]
 [ 6.  4.]
 [ 6.  6.]
 [ 4.  6.]
 [10.  8.]
 [ 3.  6.]
 [ 5.  3.]
 [ 6.  6.]
 [ 5.  7.]
 [10.  9.]
 [ 4.  7.]
 [ 4.  3.]
 [ 6.  6.]
 [ 6.  7.]
 [10.  9.]
 [ 5.  7.]
 [ 4.  4.]
 [ 6.  6.]
 [ 6.  7.]
 [10.  9.]
 [ 6.  7.]
 [ 4.  5.]
 [ 6.  6.]
 [ 7.  6.]
 [10.  9.]
 [ 7.  6.]
 [ 4.  6.]
 [ 6.  6.]
 [ 6.  5.]
 [11.  9.]
 [ 6.  5.]
 [ 4.  5.]
 [ 6.  6.]
 [ 5.  6.]
 [11.  9.]
 [ 6.  5.]
 [ 5.  5.]
 [ 6.  6.]
 [ 6.  7.]
 [11.  9.]
 [ 7.  5.]
 [ 6.  5.]
 [ 6.  6.]
 [ 6.  7.]
 [11.  9.]
 [ 8.  5.]
 [ 7.  4.]
 [ 6.  6.]
 [ 6.  7.]
 [11.  9.]
 [ 9.  6.]
 [ 8.  5.]
 [ 6.  6.]
 [ 6.  7.]
 [11. 10.]
 [10.  7.]
 [ 9.  6.]
 [ 6.  6.]
 [ 6.  7.]
 [11. 11.]
 [11.  8.]
 [10.  7.]
 [ 6.  6.]
 [ 6.  7.]
 [11. 12.]
 [12.  9.]
 [11.  8.]
 [ 6.  6.]
 [ 6.  7.]
 [11. 13.]
 [13. 10.]
 [12.  9.]
 [ 6.  6.]
 [ 6.  7.]
 [11. 14.]
 [14. 11.]
 [13. 10.]
 [ 6.  6.]
 [ 6.  7.]
 [10. 15.]
 [15. 12.]
 [14. 11.]
 [ 6.  6.]
 [ 6.  7.]
 [ 9. 15.]
 [16. 13.]
 [15. 12.]
 [ 6.  6.]
 [ 6.  7.]
 [ 8. 15.]
 [17. 14.]
 [16. 13.]
 [ 6.  6.]
 [ 6.  7.]
 [ 8. 15.]
 [17. 15.]
 [17. 14.]
 [ 6.  6.]
 [ 6.  7.]
 [ 8. 15.]
 [17. 15.]
 [17. 14.]
 [ 6.  6.]
 [ 6.  7.]
 [ 8. 15.]
 [17. 16.]
 [17. 15.]
 [ 6.  6.]
 [ 6.  7.]]
