Maze:
##########################
#                        #
#                        #
#                        #
#                        #
#                        #
#     ##############     #
#     #            #     #
#     #        B   #     #
#     #            #     #
#     #            #     #
#     #         A  #     #
#     #     S      #     #
#     #            #     #
#     #          D #     #
#     #            #     #
#     #            #     #
#     #            #     #
#     # C          #     #
#     ##############     #
#                        #
#                        #
#                        #
#                        #
#                        #
##########################
[[ 6.  6.]
 [10.  5.]
 [ 9.  2.]
 [ 2. 12.]
 [11.  8.]
 [ 6.  6.]
 [10.  6.]
 [ 9.  3.]
 [ 2. 12.]
 [11.  9.]
 [ 6.  6.]
 [10.  7.]
 [ 9.  4.]
 [ 2. 12.]
 [11. 10.]
 [ 6.  6.]
 [10.  8.]
 [ 9.  5.]
 [ 2. 12.]
 [11. 11.]
 [ 6.  6.]
 [10.  9.]
 [ 9.  6.]
 [ 2. 12.]
 [11. 12.]
 [ 6.  6.]
 [10. 10.]
 [ 9.  7.]
 [ 2. 12.]
 [11. 13.]
 [ 6.  6.]
 [10. 11.]
 [ 9.  8.]
 [ 2. 12.]
 [11. 14.]
 [ 6.  6.]
 [10. 12.]
 [ 9.  9.]
 [ 2. 12.]
 [11. 15.]
 [ 6.  6.]
 [10. 13.]
 [ 9. 10.]
 [ 2. 12.]
 [11. 16.]
 [ 6.  6.]
 [10. 14.]
 [ 9. 11.]
 [ 3. 12.]
 [11. 17.]
 [ 6.  6.]
 [10. 15.]
 [10. 12.]
 [ 4. 12.]
 [11. 17.]
 [ 6.  6.]
 [10. 16.]
 [10. 13.]
 [ 5. 12.]
 [11. 17.]
 [ 6.  6.]
 [11. 17.]
 [10. 14.]
 [ 6. 12.]
 [12. 17.]
 [ 6.  6.]
 [12. 17.]
 [11. 15.]
 [ 7. 13.]
 [13. 17.]
 [ 6.  6.]
 [13. 17.]
 [12. 16.]
 [ 8. 14.]
 [14. 17.]
 [ 6.  6.]
 [14. 17.]
 [13. 17.]
 [ 9. 15.]
 [15. 17.]
 [ 6.  6.]
 [15. 17.]
 [14. 17.]
 [10. 15.]
 [16. 17.]
 [ 6.  6.]
 [16. 17.]
 [15. 17.]
 [11. 15.]
 [17. 17.]
 [ 6.  6.]
 [16. 17.]
 [15. 17.]
 [12. 15.]
 [17. 17.]
 [ 6.  6.]
 [16. 17.]
 [15. 17.]
 [13. 16.]
 [17. 17.]
 [ 6.  6.]
 [16. 17.]
 [15. 17.]
 [13. 16.]
 [17. 17.]
 [ 6.  6.]
 [16. 17.]
 [15. 17.]
 [14. 16.]
 [17. 17.]]
