Maze:
##########################
#                        #
#                        #
#                        #
#                        #
#                        #
#     ##############     #
#     # B          #     #
#     #      C     #     #
#     #            #     #
#     #            #     #
#     #            #     #
#     #     S      #     #
#     #            #     #
#     #            #     #
#     #       D    #     #
#     #          A #     #
#     #            #     #
#     #            #     #
#     ##############     #
#                        #
#                        #
#                        #
#                        #
#                        #
##########################
[[ 6.  6.]
 [11. 10.]
 [ 2.  1.]
 [ 7.  2.]
 [ 8.  9.]
 [ 6.  6.]
 [10. 10.]
 [ 2.  1.]
 [ 6.  1.]
 [ 7.  9.]
 [ 6.  6.]
 [ 9. 10.]
 [ 1.  2.]
 [ 5.  1.]
 [ 6. 10.]
 [ 6.  6.]
 [ 8. 10.]
 [ 0.  3.]
 [ 4.  1.]
 [ 5. 10.]
 [ 6.  6.]
 [ 7. 10.]
 [ 0.  4.]
 [ 3.  1.]
 [ 4. 10.]
 [ 6.  6.]
 [ 6. 10.]
 [ 0.  5.]
 [ 2.  2.]
 [ 3. 10.]
 [ 6.  6.]
 [ 5. 10.]
 [ 0.  6.]
 [ 1.  3.]
 [ 2. 10.]
 [ 6.  6.]
 [ 4. 10.]
 [ 0.  7.]
 [ 1.  4.]
 [ 1. 10.]
 [ 6.  6.]
 [ 3. 10.]
 [ 0.  8.]
 [ 1.  5.]
 [ 0. 10.]
 [ 6.  6.]
 [ 3. 11.]
 [ 0.  9.]
 [ 1.  6.]
 [-1. 11.]
 [ 6.  6.]
 [ 4. 12.]
 [ 0. 10.]
 [ 1.  7.]
 [-2. 12.]
 [ 6.  6.]
 [ 5. 12.]
 [ 0. 11.]
 [ 1.  8.]
 [-3. 12.]
 [ 6.  6.]
 [ 6. 12.]
 [ 0. 12.]
 [ 1.  9.]
 [-4. 12.]
 [ 6.  6.]
 [ 6. 12.]
 [ 0. 13.]
 [ 1. 10.]
 [-5. 12.]
 [ 6.  6.]
 [ 6. 12.]
 [ 0. 14.]
 [ 1. 11.]
 [-5. 12.]
 [ 6.  6.]
 [ 6. 12.]
 [ 0. 15.]
 [ 1. 12.]
 [-5. 12.]
 [ 6.  6.]
 [ 6. 11.]
 [ 0. 16.]
 [ 1. 13.]
 [-5. 12.]
 [ 6.  6.]
 [ 6. 10.]
 [ 0. 17.]
 [ 1. 14.]
 [-5. 12.]
 [ 6.  6.]
 [ 6.  9.]
 [ 0. 17.]
 [ 1. 15.]
 [-5. 12.]
 [ 6.  6.]
 [ 6.  8.]
 [-1. 17.]
 [ 1. 16.]
 [-5. 12.]
 [ 6.  6.]
 [ 6.  8.]
 [-1. 17.]
 [ 1. 16.]
 [-5. 12.]
 [ 6.  6.]
 [ 6.  7.]
 [-2. 17.]
 [ 0. 16.]
 [-5. 12.]]
