Maze:
##########################
#                        #
#                        #
#                        #
#                        #
#                        #
#     ##############     #
#     # D          #     #
#     #            #     #
#     #            #     #
#     #            #     #
#     #            #     #
#     #  S  A      #     #
#     #            #     #
#     #            #     #
#     #     B      #     #
#     #      C     #     #
#     #            #     #
#     #            #     #
#     ##############     #
#                        #
#                        #
#                        #
#                        #
#                        #
##########################
[[ 3.  6.]
 [ 6.  6.]
 [ 6.  9.]
 [ 7. 10.]
 [ 2.  1.]
 [ 2.  5.]
 [ 6.  6.]
 [ 5.  8.]
 [ 6.  9.]
 [ 2.  0.]
 [ 1.  4.]
 [ 6.  6.]
 [ 5.  7.]
 [ 5.  8.]
 [ 2. -1.]
 [ 1.  3.]
 [ 6.  6.]
 [ 5.  6.]
 [ 5.  7.]
 [ 2. -2.]
 [ 1.  2.]
 [ 6.  6.]
 [ 6.  5.]
 [ 5.  6.]
 [ 2. -3.]
 [ 1.  1.]
 [ 6.  6.]
 [ 6.  5.]
 [ 5.  6.]
 [ 2. -4.]
 [ 1.  0.]
 [ 6.  6.]
 [ 6.  5.]
 [ 5.  6.]
 [ 2. -5.]
 [ 1. -1.]
 [ 6.  6.]
 [ 6.  5.]
 [ 5.  6.]
 [ 2. -5.]
 [ 1. -2.]
 [ 6.  6.]
 [ 6.  5.]
 [ 5.  6.]
 [ 2. -5.]
 [ 1. -3.]
 [ 6.  6.]
 [ 6.  5.]
 [ 5.  6.]
 [ 2. -5.]
 [ 1. -4.]
 [ 6.  6.]
 [ 6.  5.]
 [ 5.  6.]
 [ 2. -5.]
 [ 2. -5.]
 [ 6.  6.]
 [ 6.  5.]
 [ 5.  6.]
 [ 3. -5.]
 [ 3. -5.]
 [ 6.  6.]
 [ 6.  5.]
 [ 5.  6.]
 [ 4. -5.]
 [ 4. -5.]
 [ 6.  6.]
 [ 6.  5.]
 [ 5.  6.]
 [ 5. -5.]
 [ 5. -5.]
 [ 6.  6.]
 [ 6.  5.]
 [ 5.  6.]
 [ 6. -5.]
 [ 6. -5.]
 [ 6.  6.]
 [ 6.  5.]
 [ 5.  6.]
 [ 7. -5.]
 [ 7. -5.]
 [ 6.  6.]
 [ 6.  5.]
 [ 5.  6.]
 [ 8. -5.]
 [ 8. -5.]
 [ 6.  6.]
 [ 6.  5.]
 [ 5.  6.]
 [ 9. -5.]
 [ 9. -5.]
 [ 6.  6.]
 [ 6.  5.]
 [ 5.  6.]
 [10. -5.]
 [10. -5.]
 [ 6.  6.]
 [ 6.  5.]
 [ 5.  6.]
 [11. -5.]
 [10. -5.]
 [ 6.  6.]
 [ 6.  5.]
 [ 5.  6.]
 [11. -5.]
 [11. -5.]
 [ 6.  6.]
 [ 6.  5.]
 [ 5.  6.]
 [12. -5.]]
