Maze:
##########################
#                        #
#                        #
#                        #
#                        #
#                        #
#     ##############     #
#     #         A  #     #
#     #            #     #
#     #            #     #
#     #            #     #
#     #            #     #
#     #     B      #     #
#     #           D#     #
#     #            #     #
#     #     S      #     #
#     #            #     #
#     #            #     #
#     #          C #     #
#     ##############     #
#                        #
#                        #
#                        #
#                        #
#                        #
##########################
[[ 6.  9.]
 [10.  1.]
 [ 6.  6.]
 [11. 12.]
 [12.  7.]
 [ 6. 10.]
 [10.  1.]
 [ 6.  6.]
 [11. 12.]
 [13.  8.]
 [ 6. 11.]
 [10.  1.]
 [ 6.  6.]
 [11. 12.]
 [13.  9.]
 [ 6. 12.]
 [10.  1.]
 [ 6.  6.]
 [11. 12.]
 [13. 10.]
 [ 6. 12.]
 [10.  1.]
 [ 6.  6.]
 [11. 12.]
 [13. 11.]
 [ 6. 13.]
 [10.  1.]
 [ 6.  6.]
 [11. 12.]
 [12. 12.]
 [ 6. 13.]
 [10.  1.]
 [ 6.  6.]
 [10. 12.]
 [11. 12.]
 [ 6. 14.]
 [10.  1.]
 [ 6.  6.]
 [ 9. 12.]
 [10. 12.]
 [ 6. 15.]
 [10.  1.]
 [ 6.  6.]
 [ 8. 12.]
 [ 9. 12.]
 [ 6. 16.]
 [10.  1.]
 [ 6.  6.]
 [ 7. 12.]
 [ 8. 12.]
 [ 6. 16.]
 [10.  1.]
 [ 6.  6.]
 [ 6. 12.]
 [ 7. 12.]
 [ 6. 16.]
 [10.  1.]
 [ 6.  6.]
 [ 5. 12.]
 [ 6. 12.]
 [ 6. 16.]
 [10.  1.]
 [ 6.  6.]
 [ 4. 12.]
 [ 5. 12.]
 [ 6. 16.]
 [10.  1.]
 [ 6.  6.]
 [ 3. 12.]
 [ 4. 12.]
 [ 6. 16.]
 [10.  1.]
 [ 6.  6.]
 [ 2. 12.]
 [ 3. 12.]
 [ 6. 16.]
 [10.  1.]
 [ 6.  6.]
 [ 1. 12.]
 [ 2. 12.]
 [ 6. 16.]
 [10.  1.]
 [ 6.  6.]
 [ 0. 12.]
 [ 1. 12.]
 [ 6. 16.]
 [10.  1.]
 [ 6.  6.]
 [-1. 12.]
 [ 0. 12.]
 [ 6. 16.]
 [10.  1.]
 [ 6.  6.]
 [-2. 12.]
 [-1. 12.]
 [ 6. 16.]
 [10.  1.]
 [ 6.  6.]
 [-3. 12.]
 [-2. 12.]
 [ 6. 16.]
 [10.  1.]
 [ 6.  6.]
 [-3. 12.]
 [-2. 12.]
 [ 6. 16.]
 [10.  1.]
 [ 6.  6.]
 [-4. 12.]
 [-3. 12.]]
