Maze:
##########################
#                        #
#                        #
#                        #
#                        #
#                        #
#     ##############     #
#     #    C       #     #
#     #     D      #     #
#     #            #     #
#     #            #     #
#     #            #     #
#     #     B      #     #
#     #           S#     #
#     #            #     #
#     #       A    #     #
#     #            #     #
#     #            #     #
#     #            #     #
#     ##############     #
#                        #
#                        #
#                        #
#                        #
#                        #
##########################
[[12.  7.]
 [ 8.  9.]
 [ 6.  6.]
 [ 5.  1.]
 [ 6.  2.]
 [13.  7.]
 [ 9. 10.]
 [ 6.  6.]
 [ 4.  1.]
 [ 5.  1.]
 [13.  7.]
 [10. 10.]
 [ 6.  6.]
 [ 3.  1.]
 [ 4.  1.]
 [13.  7.]
 [11. 10.]
 [ 6.  6.]
 [ 2.  1.]
 [ 3.  1.]
 [13.  7.]
 [12. 10.]
 [ 6.  6.]
 [ 1.  1.]
 [ 2.  1.]
 [13.  7.]
 [13.  9.]
 [ 6.  6.]
 [ 0.  1.]
 [ 1.  1.]
 [13.  6.]
 [13.  8.]
 [ 6.  6.]
 [-1.  1.]
 [ 0.  1.]
 [13.  5.]
 [13.  7.]
 [ 6.  6.]
 [-2.  1.]
 [-1.  1.]
 [13.  4.]
 [13.  6.]
 [ 6.  6.]
 [-3.  1.]
 [-2.  1.]
 [13.  3.]
 [13.  5.]
 [ 6.  6.]
 [-4.  1.]
 [-3.  1.]
 [13.  2.]
 [13.  4.]
 [ 6.  6.]
 [-5.  1.]
 [-4.  1.]
 [13.  1.]
 [13.  3.]
 [ 6.  6.]
 [-5.  1.]
 [-4.  1.]
 [13.  0.]
 [13.  2.]
 [ 6.  6.]
 [-5.  1.]
 [-4.  1.]
 [13. -1.]
 [13.  1.]
 [ 6.  6.]
 [-5.  1.]
 [-4.  1.]
 [13. -2.]
 [13.  0.]
 [ 6.  6.]
 [-5.  1.]
 [-4.  1.]
 [13. -3.]
 [13. -1.]
 [ 6.  6.]
 [-5.  1.]
 [-4.  1.]
 [13. -4.]
 [13. -2.]
 [ 6.  6.]
 [-5.  1.]
 [-4.  1.]
 [13. -5.]
 [13. -3.]
 [ 6.  6.]
 [-5.  1.]
 [-4.  1.]
 [13. -5.]
 [13. -4.]
 [ 6.  6.]
 [-5.  1.]
 [-4.  1.]
 [13. -5.]
 [13. -4.]
 [ 6.  6.]
 [-5.  1.]
 [-4.  1.]]
