Maze:
##########################
#                        #
#                        #
#                        #
#                        #
#                        #
#     ##############     #
#     #      C     #     #
#     #            #     #
#     #            #     #
#     #            #     #
#     #            #     #
#     #   B S      #     #
#     #            #     #
#     #            #     #
#     #     A      #     #
#     #          D #     #
#     #            #     #
#     #            #     #
#     ##############     #
#                        #
#                        #
#                        #
#                        #
#                        #
##########################
[[ 6.  6.]
 [ 6.  9.]
 [ 4.  6.]
 [ 7.  1.]
 [11. 10.]
 [ 6.  6.]
 [ 7.  9.]
 [ 5.  6.]
 [ 7.  1.]
 [12. 10.]
 [ 6.  6.]
 [ 8.  9.]
 [ 5.  6.]
 [ 7.  2.]
 [13. 10.]
 [ 6.  6.]
 [ 9.  9.]
 [ 5.  6.]
 [ 7.  3.]
 [14. 10.]
 [ 6.  6.]
 [10.  9.]
 [ 5.  6.]
 [ 6.  4.]
 [15. 10.]
 [ 6.  6.]
 [11.  9.]
 [ 5.  6.]
 [ 5.  5.]
 [16. 10.]
 [ 6.  6.]
 [12.  9.]
 [ 6.  7.]
 [ 5.  6.]
 [17. 10.]
 [ 6.  6.]
 [13.  9.]
 [ 7.  6.]
 [ 5.  7.]
 [17. 10.]
 [ 6.  6.]
 [14.  9.]
 [ 7.  6.]
 [ 6.  8.]
 [17. 10.]
 [ 6.  6.]
 [15.  9.]
 [ 7.  6.]
 [ 7.  7.]
 [17. 10.]
 [ 6.  6.]
 [16.  9.]
 [ 6.  5.]
 [ 7.  6.]
 [17. 10.]
 [ 6.  6.]
 [17. 10.]
 [ 5.  6.]
 [ 7.  5.]
 [17. 11.]
 [ 6.  6.]
 [17. 11.]
 [ 5.  6.]
 [ 6.  4.]
 [17. 12.]
 [ 6.  6.]
 [17. 12.]
 [ 5.  6.]
 [ 5.  5.]
 [17. 13.]
 [ 6.  6.]
 [17. 13.]
 [ 6.  7.]
 [ 5.  6.]
 [17. 14.]
 [ 6.  6.]
 [17. 14.]
 [ 7.  6.]
 [ 5.  7.]
 [17. 15.]
 [ 6.  6.]
 [17. 15.]
 [ 7.  6.]
 [ 6.  8.]
 [17. 16.]
 [ 6.  6.]
 [17. 16.]
 [ 7.  6.]
 [ 7.  7.]
 [17. 17.]
 [ 6.  6.]
 [17. 16.]
 [ 6.  5.]
 [ 7.  6.]
 [17. 17.]
 [ 6.  6.]
 [17. 16.]
 [ 5.  6.]
 [ 7.  5.]
 [17. 17.]
 [ 6.  6.]
 [17. 16.]
 [ 5.  6.]
 [ 7.  5.]
 [17. 17.]
 [ 6.  6.]
 [17. 16.]
 [ 5.  6.]
 [ 6.  4.]
 [17. 17.]]
