Maze:
##########################
#                        #
#                        #
#                        #
#                        #
#                        #
#     ##############     #
#     #            #     #
#     #            #     #
#     #            #     #
#     #            #     #
#     # D          #     #
#     #     C      #     #
#     #            #     #
#     #S           #     #
#     #            #     #
#     #       A    #     #
#     #  B         #     #
#     #            #     #
#     ##############     #
#                        #
#                        #
#                        #
#                        #
#                        #
##########################
[[ 1.  8.]
 [ 8. 10.]
 [ 3. 11.]
 [ 6.  6.]
 [ 2.  5.]
 [ 1.  7.]
 [ 8.  9.]
 [ 3. 10.]
 [ 6.  6.]
 [ 3.  4.]
 [ 1.  6.]
 [ 8.  8.]
 [ 3.  9.]
 [ 6.  6.]
 [ 4.  3.]
 [ 1.  5.]
 [ 8.  7.]
 [ 2.  8.]
 [ 6.  6.]
 [ 5.  3.]
 [ 1.  4.]
 [ 8.  6.]
 [ 2.  7.]
 [ 6.  6.]
 [ 6.  3.]
 [ 1.  3.]
 [ 7.  5.]
 [ 2.  6.]
 [ 6.  6.]
 [ 6.  3.]
 [ 1.  2.]
 [ 6.  4.]
 [ 2.  5.]
 [ 6.  6.]
 [ 6.  2.]
 [ 1.  1.]
 [ 6.  3.]
 [ 2.  4.]
 [ 6.  6.]
 [ 6.  1.]
 [ 1.  0.]
 [ 6.  2.]
 [ 2.  3.]
 [ 6.  6.]
 [ 6.  0.]
 [ 1. -1.]
 [ 6.  1.]
 [ 2.  2.]
 [ 6.  6.]
 [ 6. -1.]
 [ 1. -2.]
 [ 6.  0.]
 [ 2.  1.]
 [ 6.  6.]
 [ 6. -2.]
 [ 1. -3.]
 [ 6. -1.]
 [ 2.  0.]
 [ 6.  6.]
 [ 6. -3.]
 [ 1. -4.]
 [ 6. -2.]
 [ 2. -1.]
 [ 6.  6.]
 [ 6. -4.]
 [ 1. -5.]
 [ 6. -3.]
 [ 2. -2.]
 [ 6.  6.]
 [ 6. -5.]
 [ 1. -5.]
 [ 6. -4.]
 [ 2. -3.]
 [ 6.  6.]
 [ 6. -5.]
 [ 1. -5.]
 [ 6. -4.]
 [ 2. -4.]
 [ 6.  6.]
 [ 6. -5.]
 [ 0. -5.]
 [ 6. -4.]
 [ 1. -5.]
 [ 6.  6.]
 [ 6. -5.]
 [-1. -5.]
 [ 6. -4.]
 [ 0. -5.]
 [ 6.  6.]
 [ 6. -5.]
 [-2. -5.]
 [ 6. -4.]
 [-1. -5.]
 [ 6.  6.]
 [ 6. -5.]
 [-3. -5.]
 [ 6. -4.]
 [-2. -5.]
 [ 6.  6.]
 [ 6. -5.]
 [-3. -5.]
 [ 6. -4.]
 [-2. -5.]
 [ 6.  6.]
 [ 6. -5.]
 [-4. -5.]
 [ 6. -4.]
 [-3. -5.]
 [ 6.  6.]
 [ 6. -5.]]
