Maze:
##########################
#                        #
#                        #
#                        #
#                        #
#                        #
#     ##############     #
#     #            #     #
#     #            #     #
#     #      C     #     #
#     #            #     #
#     #    B       #     #
#     #     S    A #     #
#     #            #     #
#     #       D    #     #
#     #            #     #
#     #            #     #
#     #            #     #
#     #            #     #
#     ##############     #
#                        #
#                        #
#                        #
#                        #
#                        #
##########################
[[ 6.  6.]
 [11.  6.]
 [ 5.  5.]
 [ 7.  3.]
 [ 8.  8.]
 [ 6.  6.]
 [10.  7.]
 [ 5.  5.]
 [ 6.  4.]
 [ 8.  9.]
 [ 6.  6.]
 [ 9.  8.]
 [ 5.  6.]
 [ 5.  5.]
 [ 8. 10.]
 [ 6.  6.]
 [ 9.  9.]
 [ 6.  7.]
 [ 5.  6.]
 [ 8. 11.]
 [ 6.  6.]
 [ 9. 10.]
 [ 7.  6.]
 [ 5.  7.]
 [ 8. 12.]
 [ 6.  6.]
 [ 9. 11.]
 [ 7.  6.]
 [ 6.  8.]
 [ 8. 13.]
 [ 6.  6.]
 [ 9. 12.]
 [ 7.  6.]
 [ 7.  7.]
 [ 8. 14.]
 [ 6.  6.]
 [ 9. 13.]
 [ 6.  5.]
 [ 7.  6.]
 [ 8. 15.]
 [ 6.  6.]
 [ 9. 14.]
 [ 5.  6.]
 [ 7.  5.]
 [ 8. 16.]
 [ 6.  6.]
 [ 9. 15.]
 [ 5.  6.]
 [ 6.  4.]
 [ 8. 17.]
 [ 6.  6.]
 [ 9. 16.]
 [ 5.  6.]
 [ 5.  5.]
 [ 8. 17.]
 [ 6.  6.]
 [ 8. 17.]
 [ 6.  7.]
 [ 5.  6.]
 [ 7. 17.]
 [ 6.  6.]
 [ 7. 17.]
 [ 7.  6.]
 [ 5.  7.]
 [ 6. 17.]
 [ 6.  6.]
 [ 6. 17.]
 [ 7.  6.]
 [ 6.  8.]
 [ 5. 17.]
 [ 6.  6.]
 [ 5. 17.]
 [ 7.  6.]
 [ 7.  7.]
 [ 4. 17.]
 [ 6.  6.]
 [ 4. 17.]
 [ 6.  5.]
 [ 7.  6.]
 [ 3. 17.]
 [ 6.  6.]
 [ 3. 17.]
 [ 5.  6.]
 [ 7.  5.]
 [ 2. 17.]
 [ 6.  6.]
 [ 2. 17.]
 [ 5.  6.]
 [ 6.  4.]
 [ 1. 17.]
 [ 6.  6.]
 [ 1. 17.]
 [ 5.  6.]
 [ 5.  5.]
 [ 0. 17.]
 [ 6.  6.]
 [ 0. 17.]
 [ 6.  7.]
 [ 5.  6.]
 [-1. 17.]
 [ 6.  6.]
 [ 0. 17.]
 [ 6.  7.]
 [ 5.  6.]
 [-1. 17.]
 [ 6.  6.]
 [-1. 17.]
 [ 7.  6.]
 [ 5.  7.]
 [-2. 17.]]
