Maze:
##########################
#                        #
#                        #
#                        #
#                        #
#                        #
#     ##############     #
#     #    B       #     #
#     #            #     #
#     #          C #     #
#     #     A      #     #
#     #            #     #
#     #     D      #     #
#     #            #     #
#     #            #     #
#     #        S   #     #
#     #            #     #
#     #            #     #
#     #            #     #
#     ##############     #
#                        #
#                        #
#                        #
#                        #
#                        #
##########################
[[ 9.  9.]
 [ 6.  4.]
 [ 5.  1.]
 [11.  3.]
 [ 6.  6.]
 [ 8.  9.]
 [ 6.  5.]
 [ 5.  2.]
 [10.  3.]
 [ 6.  6.]
 [ 7.  8.]
 [ 6.  5.]
 [ 5.  3.]
 [ 9.  3.]
 [ 6.  6.]
 [ 6.  7.]
 [ 6.  5.]
 [ 5.  4.]
 [ 8.  3.]
 [ 6.  6.]
 [ 6.  7.]
 [ 6.  5.]
 [ 5.  4.]
 [ 7.  3.]
 [ 6.  6.]
 [ 6.  7.]
 [ 6.  5.]
 [ 5.  5.]
 [ 6.  4.]
 [ 6.  6.]
 [ 6.  7.]
 [ 7.  6.]
 [ 5.  5.]
 [ 6.  5.]
 [ 6.  6.]
 [ 6.  7.]
 [ 7.  6.]
 [ 4.  6.]
 [ 5.  5.]
 [ 6.  6.]
 [ 6.  7.]
 [ 7.  6.]
 [ 4.  7.]
 [ 4.  6.]
 [ 6.  6.]
 [ 6.  7.]
 [ 7.  6.]
 [ 4.  8.]
 [ 4.  7.]
 [ 6.  6.]
 [ 6.  7.]
 [ 7.  6.]
 [ 4.  9.]
 [ 4.  8.]
 [ 6.  6.]
 [ 6.  7.]
 [ 7.  6.]
 [ 4. 10.]
 [ 4.  9.]
 [ 6.  6.]
 [ 6.  7.]
 [ 7.  6.]
 [ 4. 11.]
 [ 4. 10.]
 [ 6.  6.]
 [ 6.  7.]
 [ 7.  6.]
 [ 4. 12.]
 [ 4. 11.]
 [ 6.  6.]
 [ 6.  7.]
 [ 7.  6.]
 [ 4. 13.]
 [ 4. 12.]
 [ 6.  6.]
 [ 6.  7.]
 [ 7.  6.]
 [ 4. 14.]
 [ 4. 13.]
 [ 6.  6.]
 [ 6.  7.]
 [ 7.  6.]
 [ 4. 15.]
 [ 4. 14.]
 [ 6.  6.]
 [ 6.  7.]
 [ 7.  6.]
 [ 4. 16.]
 [ 4. 15.]
 [ 6.  6.]
 [ 6.  7.]
 [ 7.  6.]
 [ 4. 17.]
 [ 4. 16.]
 [ 6.  6.]
 [ 6.  7.]
 [ 7.  6.]
 [ 4. 17.]
 [ 4. 16.]
 [ 6.  6.]]
