Maze:
##########################
#                        #
#                        #
#                        #
#                        #
#                        #
#     ##############     #
#     #            #     #
#     #            #     #
#     #            #     #
#     #            #     #
#     #            #     #
#     #     D B    #     #
#     #C           #     #
#     #            #     #
#     #            #     #
#     #    A       #     #
#     # S          #     #
#     #            #     #
#     ##############     #
#                        #
#                        #
#                        #
#                        #
#                        #
##########################
[[ 2. 11.]
 [ 5. 10.]
 [ 8.  6.]
 [ 1.  7.]
 [ 6.  6.]
 [ 2. 12.]
 [ 4. 10.]
 [ 7.  6.]
 [ 2.  7.]
 [ 6.  6.]
 [ 2. 13.]
 [ 3. 11.]
 [ 7.  6.]
 [ 3.  7.]
 [ 6.  6.]
 [ 2. 14.]
 [ 2. 12.]
 [ 7.  6.]
 [ 4.  7.]
 [ 6.  6.]
 [ 2. 15.]
 [ 2. 13.]
 [ 7.  6.]
 [ 5.  7.]
 [ 6.  6.]
 [ 2. 16.]
 [ 2. 14.]
 [ 7.  6.]
 [ 6.  7.]
 [ 6.  6.]
 [ 2. 17.]
 [ 2. 15.]
 [ 6.  5.]
 [ 7.  6.]
 [ 6.  6.]
 [ 2. 17.]
 [ 2. 16.]
 [ 5.  6.]
 [ 6.  5.]
 [ 6.  6.]
 [ 2. 17.]
 [ 2. 16.]
 [ 6.  7.]
 [ 5.  6.]
 [ 6.  6.]
 [ 2. 17.]
 [ 2. 16.]
 [ 7.  6.]
 [ 6.  7.]
 [ 6.  6.]
 [ 2. 17.]
 [ 2. 16.]
 [ 6.  5.]
 [ 7.  6.]
 [ 6.  6.]
 [ 2. 17.]
 [ 2. 16.]
 [ 5.  6.]
 [ 6.  5.]
 [ 6.  6.]
 [ 2. 17.]
 [ 2. 16.]
 [ 6.  7.]
 [ 5.  6.]
 [ 6.  6.]
 [ 2. 17.]
 [ 2. 16.]
 [ 7.  6.]
 [ 6.  7.]
 [ 6.  6.]
 [ 2. 17.]
 [ 2. 16.]
 [ 6.  5.]
 [ 7.  6.]
 [ 6.  6.]
 [ 2. 17.]
 [ 2. 16.]
 [ 5.  6.]
 [ 6.  5.]
 [ 6.  6.]
 [ 2. 17.]
 [ 2. 16.]
 [ 6.  7.]
 [ 5.  6.]
 [ 6.  6.]
 [ 2. 17.]
 [ 2. 16.]
 [ 7.  6.]
 [ 6.  7.]
 [ 6.  6.]
 [ 2. 17.]
 [ 2. 16.]
 [ 6.  5.]
 [ 7.  6.]
 [ 6.  6.]
 [ 2. 17.]
 [ 2. 16.]
 [ 5.  6.]
 [ 6.  5.]
 [ 6.  6.]
 [ 2. 17.]
 [ 2. 16.]
 [ 5.  6.]
 [ 6.  5.]
 [ 6.  6.]
 [ 2. 17.]
 [ 2. 16.]
 [ 6.  7.]
 [ 5.  6.]
 [ 6.  6.]]
