Maze:
##########################
#                        #
#                        #
#                        #
#                        #
#                        #
#     ##############     #
#     #            #     #
#     #            #     #
#     #            #     #
#     #          A #     #
#     #            #     #
#     #     B      #     #
#     #      D     #     #
#     #            #     #
#     #            #     #
#     #   S        #     #
#     #            #     #
#     #       C    #     #
#     ##############     #
#                        #
#                        #
#                        #
#                        #
#                        #
##########################
[[ 4. 10.]
 [11.  4.]
 [ 6.  6.]
 [ 8. 12.]
 [ 7.  7.]
 [ 4.  9.]
 [11.  4.]
 [ 6.  6.]
 [ 8. 12.]
 [ 8.  8.]
 [ 4. 10.]
 [11.  4.]
 [ 6.  6.]
 [ 8. 12.]
 [ 9.  9.]
 [ 4. 10.]
 [11.  4.]
 [ 6.  6.]
 [ 8. 12.]
 [ 9. 10.]
 [ 4. 11.]
 [12.  4.]
 [ 6.  6.]
 [ 8. 12.]
 [ 9. 11.]
 [ 4. 11.]
 [12.  4.]
 [ 6.  6.]
 [ 7. 12.]
 [ 8. 12.]
 [ 3. 11.]
 [12.  4.]
 [ 6.  6.]
 [ 6. 12.]
 [ 7. 12.]
 [ 2. 11.]
 [12.  4.]
 [ 6.  6.]
 [ 5. 12.]
 [ 6. 12.]
 [ 1. 11.]
 [12.  4.]
 [ 6.  6.]
 [ 4. 12.]
 [ 5. 12.]
 [ 0. 11.]
 [12.  4.]
 [ 6.  6.]
 [ 3. 12.]
 [ 4. 12.]
 [-1. 11.]
 [12.  4.]
 [ 6.  6.]
 [ 2. 12.]
 [ 3. 12.]
 [-2. 11.]
 [12.  4.]
 [ 6.  6.]
 [ 1. 12.]
 [ 2. 12.]
 [-3. 11.]
 [12.  4.]
 [ 6.  6.]
 [ 0. 12.]
 [ 1. 12.]
 [-4. 11.]
 [12.  4.]
 [ 6.  6.]
 [-1. 12.]
 [ 0. 12.]
 [-5. 11.]
 [12.  4.]
 [ 6.  6.]
 [-2. 12.]
 [-1. 12.]
 [-5. 11.]
 [12.  4.]
 [ 6.  6.]
 [-3. 12.]
 [-2. 12.]
 [-5. 10.]
 [12.  4.]
 [ 6.  6.]
 [-4. 13.]
 [-3. 12.]
 [-4. 10.]
 [12.  4.]
 [ 6.  6.]
 [-4. 14.]
 [-3. 13.]
 [-4. 11.]
 [12.  4.]
 [ 6.  6.]
 [-4. 15.]
 [-4. 14.]
 [-4. 12.]
 [12.  4.]
 [ 6.  6.]
 [-4. 16.]
 [-4. 15.]
 [-4. 12.]
 [12.  4.]
 [ 6.  6.]
 [-4. 16.]
 [-4. 15.]
 [-4. 13.]
 [13.  4.]
 [ 6.  6.]
 [-4. 17.]
 [-4. 16.]]
