Maze:
##########################
#                        #
#                        #
#                        #
#                        #
#                        #
#     ##############     #
#     #            #     #
#     #            #     #
#     #            #     #
#     #            #     #
#     #       A    #     #
#     #     B   C  #     #
#     #            #     #
#     #            #     #
#     #            #     #
#     #          D #     #
#     #      S     #     #
#     #            #     #
#     ##############     #
#                        #
#                        #
#                        #
#                        #
#                        #
##########################
[[ 7. 11.]
 [ 8.  5.]
 [ 6.  6.]
 [10.  6.]
 [11. 10.]
 [ 8. 12.]
 [ 9.  5.]
 [ 6.  6.]
 [ 9.  6.]
 [12. 10.]
 [ 9. 12.]
 [10.  6.]
 [ 6.  6.]
 [ 9.  5.]
 [13. 10.]
 [10. 12.]
 [11.  6.]
 [ 6.  6.]
 [ 9.  6.]
 [14. 10.]
 [11. 12.]
 [12.  7.]
 [ 6.  6.]
 [ 9.  6.]
 [15. 10.]
 [12. 12.]
 [13.  8.]
 [ 6.  6.]
 [ 8.  6.]
 [16. 10.]
 [13. 12.]
 [14.  9.]
 [ 6.  6.]
 [ 7.  6.]
 [17. 10.]
 [14. 12.]
 [15. 10.]
 [ 6.  6.]
 [ 7.  6.]
 [17. 10.]
 [15. 12.]
 [16. 11.]
 [ 6.  6.]
 [ 7.  6.]
 [17. 10.]
 [16. 11.]
 [17. 10.]
 [ 6.  6.]
 [ 7.  6.]
 [17.  9.]
 [16. 10.]
 [17.  9.]
 [ 6.  6.]
 [ 7.  6.]
 [17.  8.]
 [16.  9.]
 [17.  8.]
 [ 6.  6.]
 [ 7.  6.]
 [17.  7.]
 [16.  8.]
 [17.  7.]
 [ 6.  6.]
 [ 7.  6.]
 [17.  6.]
 [16.  7.]
 [17.  6.]
 [ 6.  6.]
 [ 7.  6.]
 [17.  5.]
 [16.  6.]
 [17.  5.]
 [ 6.  6.]
 [ 7.  6.]
 [17.  4.]
 [16.  5.]
 [17.  4.]
 [ 6.  6.]
 [ 7.  6.]
 [17.  3.]
 [16.  4.]
 [17.  3.]
 [ 6.  6.]
 [ 7.  6.]
 [17.  2.]
 [16.  3.]
 [17.  2.]
 [ 6.  6.]
 [ 7.  6.]
 [17.  1.]
 [16.  2.]
 [17.  1.]
 [ 6.  6.]
 [ 7.  6.]
 [17.  0.]
 [16.  1.]
 [17.  0.]
 [ 6.  6.]
 [ 7.  6.]
 [17. -1.]
 [16.  1.]
 [17.  0.]
 [ 6.  6.]
 [ 7.  6.]
 [17. -1.]
 [16.  0.]
 [17. -1.]
 [ 6.  6.]
 [ 7.  6.]
 [17. -2.]]
