Maze:
##########################
#                        #
#                        #
#                        #
#                        #
#                        #
#     ##############     #
#     #            #     #
#     #         S  #     #
#     #          D #     #
#     #            #     #
#     #            #     #
#     #B    C      #     #
#     #            #     #
#     #           A#     #
#     #            #     #
#     #            #     #
#     #            #     #
#     #            #     #
#     ##############     #
#                        #
#                        #
#                        #
#                        #
#                        #
##########################
[[10.  2.]
 [12.  8.]
 [ 1.  6.]
 [ 6.  6.]
 [11.  3.]
 [11.  3.]
 [12.  7.]
 [ 1.  6.]
 [ 6.  6.]
 [12.  4.]
 [12.  4.]
 [12.  6.]
 [ 1.  6.]
 [ 6.  6.]
 [13.  5.]
 [12.  4.]
 [12.  6.]
 [ 0.  6.]
 [ 6.  6.]
 [14.  5.]
 [13.  4.]
 [13.  5.]
 [ 0.  6.]
 [ 6.  6.]
 [15.  5.]
 [14.  4.]
 [13.  4.]
 [ 0.  6.]
 [ 6.  6.]
 [16.  5.]
 [15.  4.]
 [14.  4.]
 [ 0.  6.]
 [ 6.  6.]
 [17.  5.]
 [16.  4.]
 [15.  4.]
 [ 0.  6.]
 [ 6.  6.]
 [17.  5.]
 [17.  5.]
 [16.  4.]
 [ 0.  6.]
 [ 6.  6.]
 [17.  6.]
 [17.  6.]
 [17.  5.]
 [ 0.  6.]
 [ 6.  6.]
 [17.  7.]
 [17.  7.]
 [17.  6.]
 [ 0.  6.]
 [ 6.  6.]
 [17.  8.]
 [17.  8.]
 [17.  7.]
 [ 0.  6.]
 [ 6.  6.]
 [17.  9.]
 [17.  9.]
 [17.  8.]
 [ 0.  6.]
 [ 6.  6.]
 [17. 10.]
 [17. 10.]
 [17.  9.]
 [ 0.  6.]
 [ 6.  6.]
 [17. 11.]
 [17. 11.]
 [17. 10.]
 [ 0.  6.]
 [ 6.  6.]
 [17. 12.]
 [17. 12.]
 [17. 11.]
 [ 0.  6.]
 [ 6.  6.]
 [17. 13.]
 [17. 13.]
 [17. 12.]
 [ 0.  6.]
 [ 6.  6.]
 [17. 14.]
 [17. 14.]
 [17. 13.]
 [-1.  6.]
 [ 6.  6.]
 [17. 15.]
 [17. 15.]
 [17. 14.]
 [-1.  6.]
 [ 6.  6.]
 [17. 16.]
 [17. 16.]
 [17. 15.]
 [-1.  6.]
 [ 6.  6.]
 [17. 17.]
 [17. 16.]
 [17. 15.]
 [-1.  6.]
 [ 6.  6.]
 [17. 17.]]
