Maze:
##########################
#                        #
#                        #
#                        #
#                        #
#                        #
#     ##############     #
#     #            #     #
#     #         B  #     #
#     #            #     #
#     #            #     #
#     # S          #     #
#     #     A      #     #
#     #            #     #
#     #            #     #
#     #            #     #
#     #            #     #
#     #D           #     #
#     #           C#     #
#     ##############     #
#                        #
#                        #
#                        #
#                        #
#                        #
##########################
[[ 2.  5.]
 [ 6.  6.]
 [10.  2.]
 [12. 12.]
 [ 1. 11.]
 [ 1.  6.]
 [ 6.  6.]
 [ 9.  2.]
 [12. 12.]
 [ 1. 12.]
 [ 1.  7.]
 [ 6.  6.]
 [ 8.  3.]
 [12. 12.]
 [ 1. 13.]
 [ 0.  8.]
 [ 6.  6.]
 [ 7.  4.]
 [12. 12.]
 [ 1. 14.]
 [ 0.  9.]
 [ 6.  6.]
 [ 6.  5.]
 [12. 12.]
 [ 1. 15.]
 [ 0. 10.]
 [ 6.  6.]
 [ 6.  5.]
 [12. 12.]
 [ 1. 16.]
 [ 0. 11.]
 [ 6.  6.]
 [ 6.  5.]
 [12. 12.]
 [ 1. 17.]
 [ 0. 12.]
 [ 6.  6.]
 [ 6.  5.]
 [12. 12.]
 [ 1. 17.]
 [ 0. 13.]
 [ 6.  6.]
 [ 6.  5.]
 [12. 12.]
 [ 1. 17.]
 [ 0. 14.]
 [ 6.  6.]
 [ 6.  5.]
 [12. 12.]
 [ 1. 17.]
 [ 0. 15.]
 [ 6.  6.]
 [ 6.  5.]
 [12. 12.]
 [ 1. 17.]
 [ 0. 16.]
 [ 6.  6.]
 [ 6.  5.]
 [12. 12.]
 [ 1. 17.]
 [ 1. 17.]
 [ 6.  6.]
 [ 6.  5.]
 [12. 12.]
 [ 2. 17.]
 [ 2. 17.]
 [ 6.  6.]
 [ 6.  5.]
 [12. 12.]
 [ 3. 17.]
 [ 3. 17.]
 [ 6.  6.]
 [ 6.  5.]
 [12. 12.]
 [ 4. 17.]
 [ 4. 17.]
 [ 6.  6.]
 [ 6.  5.]
 [12. 12.]
 [ 5. 17.]
 [ 5. 17.]
 [ 6.  6.]
 [ 6.  5.]
 [12. 12.]
 [ 6. 17.]
 [ 6. 17.]
 [ 6.  6.]
 [ 6.  5.]
 [12. 12.]
 [ 7. 17.]
 [ 7. 17.]
 [ 6.  6.]
 [ 6.  5.]
 [12. 11.]
 [ 8. 17.]
 [ 8. 17.]
 [ 6.  6.]
 [ 6.  5.]
 [12. 10.]
 [ 9. 17.]
 [ 8. 17.]
 [ 6.  6.]
 [ 6.  5.]
 [12. 10.]
 [ 9. 17.]
 [ 9. 17.]
 [ 6.  6.]
 [ 6.  5.]
 [12.  9.]
 [10. 17.]]
