Maze:
##########################
#                        #
#                        #
#                        #
#                        #
#                        #
#     ##############     #
#     #            #     #
#     #            #     #
#     #            #     #
#     #            #     #
#     #        S   #     #
#     #     C      #     #
#     #          D #     #
#     #            #     #
#     # B          #     #
#     #            #     #
#     #   A        #     #
#     #            #     #
#     ##############     #
#                        #
#                        #
#                        #
#                        #
#                        #
##########################
[[ 9.  5.]
 [ 4. 11.]
 [ 2.  9.]
 [ 6.  6.]
 [11.  7.]
 [ 9.  4.]
 [ 3. 11.]
 [ 2.  9.]
 [ 6.  6.]
 [10.  6.]
 [ 9.  3.]
 [ 2. 10.]
 [ 2.  9.]
 [ 6.  6.]
 [10.  5.]
 [ 9.  2.]
 [ 2. 10.]
 [ 2.  9.]
 [ 6.  6.]
 [10.  4.]
 [ 9.  1.]
 [ 2. 10.]
 [ 2.  9.]
 [ 6.  6.]
 [10.  3.]
 [ 9.  0.]
 [ 2. 10.]
 [ 2.  9.]
 [ 6.  6.]
 [10.  2.]
 [ 9. -1.]
 [ 2. 10.]
 [ 2.  9.]
 [ 6.  6.]
 [10.  1.]
 [ 9. -2.]
 [ 2.  9.]
 [ 3.  9.]
 [ 6.  6.]
 [10.  0.]
 [ 9. -3.]
 [ 3.  9.]
 [ 4.  8.]
 [ 6.  6.]
 [10. -1.]
 [ 9. -4.]
 [ 4.  8.]
 [ 5.  7.]
 [ 6.  6.]
 [10. -2.]
 [ 9. -5.]
 [ 5.  7.]
 [ 5.  7.]
 [ 6.  6.]
 [10. -3.]
 [ 9. -5.]
 [ 5.  7.]
 [ 5.  7.]
 [ 6.  6.]
 [10. -4.]
 [ 8. -5.]
 [ 5.  7.]
 [ 5.  7.]
 [ 6.  6.]
 [ 9. -5.]
 [ 7. -5.]
 [ 5.  7.]
 [ 5.  7.]
 [ 6.  6.]
 [ 8. -5.]
 [ 6. -5.]
 [ 5.  7.]
 [ 5.  7.]
 [ 6.  6.]
 [ 7. -5.]
 [ 5. -5.]
 [ 5.  7.]
 [ 5.  7.]
 [ 6.  6.]
 [ 6. -5.]
 [ 4. -5.]
 [ 5.  7.]
 [ 5.  7.]
 [ 6.  6.]
 [ 5. -5.]
 [ 3. -5.]
 [ 5.  7.]
 [ 5.  7.]
 [ 6.  6.]
 [ 4. -5.]
 [ 2. -5.]
 [ 5.  7.]
 [ 5.  7.]
 [ 6.  6.]
 [ 3. -5.]
 [ 1. -5.]
 [ 5.  7.]
 [ 5.  7.]
 [ 6.  6.]
 [ 2. -5.]
 [ 1. -5.]
 [ 5.  7.]
 [ 5.  7.]
 [ 6.  6.]
 [ 2. -5.]
 [ 0. -5.]
 [ 5.  7.]
 [ 5.  7.]
 [ 6.  6.]
 [ 1. -5.]]
