Maze:
##########################
#                        #
#                        #
#                        #
#                        #
#                        #
#     ##############     #
#     #            #     #
#     #            #     #
#     #   S        #     #
#     #       D    #     #
#     #            #     #
#     # A   B      #     #
#     #        C   #     #
#     #            #     #
#     #            #     #
#     #            #     #
#     #            #     #
#     #            #     #
#     ##############     #
#                        #
#                        #
#                        #
#                        #
#                        #
##########################
[[ 4.  3.]
 [ 2.  6.]
 [ 6.  6.]
 [ 9.  7.]
 [ 8.  4.]
 [ 4.  2.]
 [ 2.  6.]
 [ 6.  6.]
 [ 9.  6.]
 [ 7.  4.]
 [ 4.  1.]
 [ 2.  6.]
 [ 6.  6.]
 [ 8.  5.]
 [ 6.  4.]
 [ 4.  0.]
 [ 1.  7.]
 [ 6.  6.]
 [ 7.  5.]
 [ 5.  4.]
 [ 4. -1.]
 [ 0.  7.]
 [ 6.  6.]
 [ 6.  5.]
 [ 4.  4.]
 [ 4. -2.]
 [-1.  7.]
 [ 6.  6.]
 [ 5.  6.]
 [ 3.  4.]
 [ 4. -3.]
 [-2.  7.]
 [ 6.  6.]
 [ 5.  6.]
 [ 2.  3.]
 [ 4. -4.]
 [-3.  7.]
 [ 6.  6.]
 [ 5.  6.]
 [ 1.  3.]
 [ 4. -4.]
 [-4.  7.]
 [ 6.  6.]
 [ 5.  6.]
 [ 0.  3.]
 [ 4. -4.]
 [-4.  7.]
 [ 6.  6.]
 [ 5.  6.]
 [-1.  3.]
 [ 4. -4.]
 [-5.  7.]
 [ 6.  6.]
 [ 5.  6.]
 [-2.  4.]
 [ 4. -4.]
 [-5.  7.]
 [ 6.  6.]
 [ 5.  6.]
 [-3.  5.]
 [ 4. -4.]
 [-5.  8.]
 [ 6.  6.]
 [ 5.  6.]
 [-4.  6.]
 [ 4. -4.]
 [-5.  9.]
 [ 6.  6.]
 [ 5.  6.]
 [-4.  7.]
 [ 4. -4.]
 [-5. 10.]
 [ 6.  6.]
 [ 5.  6.]
 [-4.  8.]
 [ 4. -4.]
 [-5. 11.]
 [ 6.  6.]
 [ 5.  6.]
 [-4.  9.]
 [ 4. -4.]
 [-5. 12.]
 [ 6.  6.]
 [ 5.  6.]
 [-4. 10.]
 [ 4. -4.]
 [-5. 13.]
 [ 6.  6.]
 [ 5.  6.]
 [-4. 11.]
 [ 4. -4.]
 [-5. 14.]
 [ 6.  6.]
 [ 5.  6.]
 [-4. 12.]
 [ 4. -4.]
 [-5. 15.]
 [ 6.  6.]
 [ 5.  6.]
 [-4. 13.]
 [ 4. -4.]
 [-5. 15.]
 [ 6.  6.]
 [ 5.  6.]
 [-4. 13.]
 [ 4. -4.]
 [-5. 16.]
 [ 6.  6.]
 [ 5.  6.]
 [-4. 14.]]
