Maze:
##########################
#                        #
#                        #
#                        #
#                        #
#                        #
#     ##############     #
#     #D           #     #
#     #            #     #
#     #            #     #
#     #  S         #     #
#     #            #     #
#     #     C      #     #
#     #           A#     #
#     #       B    #     #
#     #            #     #
#     #            #     #
#     #            #     #
#     #            #     #
#     ##############     #
#                        #
#                        #
#                        #
#                        #
#                        #
##########################
[[ 3.  4.]
 [12.  7.]
 [ 8.  8.]
 [ 6.  6.]
 [ 1.  1.]
 [ 3.  4.]
 [12.  7.]
 [ 7.  7.]
 [ 6.  6.]
 [ 2.  2.]
 [ 3.  5.]
 [12.  7.]
 [ 7.  7.]
 [ 6.  6.]
 [ 2.  3.]
 [ 3.  6.]
 [12.  7.]
 [ 7.  7.]
 [ 6.  6.]
 [ 2.  4.]
 [ 3.  7.]
 [12.  7.]
 [ 7.  7.]
 [ 6.  6.]
 [ 2.  5.]
 [ 3.  8.]
 [13.  7.]
 [ 7.  7.]
 [ 6.  6.]
 [ 2.  6.]
 [ 3.  9.]
 [13.  7.]
 [ 7.  7.]
 [ 6.  6.]
 [ 2.  7.]
 [ 3. 10.]
 [13.  7.]
 [ 7.  7.]
 [ 6.  6.]
 [ 2.  8.]
 [ 3. 11.]
 [13.  7.]
 [ 7.  7.]
 [ 6.  6.]
 [ 2.  9.]
 [ 3. 12.]
 [13.  7.]
 [ 7.  7.]
 [ 6.  6.]
 [ 2. 10.]
 [ 3. 13.]
 [13.  7.]
 [ 7.  7.]
 [ 6.  6.]
 [ 2. 11.]
 [ 3. 14.]
 [13.  7.]
 [ 7.  7.]
 [ 6.  6.]
 [ 2. 12.]
 [ 3. 15.]
 [13.  7.]
 [ 7.  7.]
 [ 6.  6.]
 [ 2. 13.]
 [ 3. 16.]
 [13.  7.]
 [ 7.  7.]
 [ 6.  6.]
 [ 2. 14.]
 [ 3. 17.]
 [13.  7.]
 [ 7.  7.]
 [ 6.  6.]
 [ 2. 15.]
 [ 3. 17.]
 [13.  7.]
 [ 7.  7.]
 [ 6.  6.]
 [ 2. 16.]
 [ 4. 17.]
 [13.  7.]
 [ 7.  7.]
 [ 6.  6.]
 [ 3. 17.]
 [ 5. 17.]
 [13.  7.]
 [ 7.  7.]
 [ 6.  6.]
 [ 4. 17.]
 [ 6. 17.]
 [13.  7.]
 [ 7.  7.]
 [ 6.  6.]
 [ 5. 17.]
 [ 7. 17.]
 [13.  7.]
 [ 7.  7.]
 [ 6.  6.]
 [ 6. 17.]
 [ 7. 17.]
 [13.  7.]
 [ 7.  7.]
 [ 6.  6.]
 [ 6. 17.]
 [ 8. 17.]
 [13.  7.]
 [ 7.  7.]
 [ 6.  6.]
 [ 7. 17.]]
