Maze:
##########################
#                        #
#                        #
#                        #
#                        #
#                        #
#     ##############     #
#     #            #     #
#     #            #     #
#     #            #     #
#     #            #     #
#     #         C  #     #
#     #S    A      #     #
#     #      D     #     #
#     #            #     #
#     #            #     #
#     #            #     #
#     #            #     #
#     #     B      #     #
#     ##############     #
#                        #
#                        #
#                        #
#                        #
#                        #
##########################
[[ 1.  6.]
 [ 6.  6.]
 [ 6. 12.]
 [10.  5.]
 [ 7.  7.]
 [ 0.  6.]
 [ 6.  6.]
 [ 6. 13.]
 [ 9.  6.]
 [ 7.  7.]
 [-1.  6.]
 [ 6.  6.]
 [ 6. 13.]
 [ 8.  7.]
 [ 6.  7.]
 [-2.  6.]
 [ 6.  6.]
 [ 6. 13.]
 [ 7.  7.]
 [ 6.  7.]
 [-3.  6.]
 [ 6.  6.]
 [ 6. 13.]
 [ 6.  7.]
 [ 5.  6.]
 [-4.  6.]
 [ 6.  6.]
 [ 6. 13.]
 [ 5.  8.]
 [ 5.  6.]
 [-5.  6.]
 [ 6.  6.]
 [ 6. 13.]
 [ 5.  7.]
 [ 5.  6.]
 [-5.  6.]
 [ 6.  6.]
 [ 6. 13.]
 [ 5.  6.]
 [ 6.  5.]
 [-5.  6.]
 [ 6.  6.]
 [ 6. 13.]
 [ 4.  5.]
 [ 6.  5.]
 [-5.  6.]
 [ 6.  6.]
 [ 6. 13.]
 [ 5.  5.]
 [ 6.  5.]
 [-5.  6.]
 [ 6.  6.]
 [ 6. 13.]
 [ 6.  5.]
 [ 7.  6.]
 [-5.  6.]
 [ 6.  6.]
 [ 6. 13.]
 [ 7.  4.]
 [ 7.  6.]
 [-5.  6.]
 [ 6.  6.]
 [ 6. 13.]
 [ 7.  5.]
 [ 7.  6.]
 [-5.  6.]
 [ 6.  6.]
 [ 6. 13.]
 [ 7.  6.]
 [ 6.  7.]
 [-5.  6.]
 [ 6.  6.]
 [ 6. 13.]
 [ 8.  7.]
 [ 5.  6.]
 [-5.  6.]
 [ 6.  6.]
 [ 6. 13.]
 [ 8.  8.]
 [ 5.  6.]
 [-5.  6.]
 [ 6.  6.]
 [ 6. 13.]
 [ 8.  9.]
 [ 5.  6.]
 [-5.  6.]
 [ 6.  6.]
 [ 7. 13.]
 [ 7.  9.]
 [ 5.  6.]
 [-5.  6.]
 [ 6.  6.]
 [ 7. 12.]
 [ 6.  9.]
 [ 5.  6.]
 [-5.  6.]
 [ 6.  6.]
 [ 7. 11.]
 [ 5.  9.]
 [ 5.  6.]
 [-5.  6.]
 [ 6.  6.]
 [ 7. 11.]
 [ 5.  9.]
 [ 5.  6.]
 [-5.  6.]
 [ 6.  6.]
 [ 6. 10.]
 [ 5.  8.]
 [ 5.  6.]]
