Maze:
##########################
#                        #
#                        #
#                        #
#                        #
#                        #
#     ##############     #
#     #            #     #
#     #            #     #
#     #     D      #     #
#     #   S        #     #
#     #            #     #
#     #     C  A   #     #
#     #            #     #
#     #         B  #     #
#     #            #     #
#     #            #     #
#     #            #     #
#     #            #     #
#     ##############     #
#                        #
#                        #
#                        #
#                        #
#                        #
##########################
[[ 4.  4.]
 [ 9.  6.]
 [10.  8.]
 [ 6.  6.]
 [ 6.  3.]
 [ 3.  4.]
 [10.  6.]
 [10.  8.]
 [ 6.  6.]
 [ 5.  3.]
 [ 2.  4.]
 [11.  7.]
 [10.  8.]
 [ 6.  6.]
 [ 4.  3.]
 [ 1.  4.]
 [10.  8.]
 [ 9.  8.]
 [ 6.  6.]
 [ 3.  3.]
 [ 0.  4.]
 [ 9.  8.]
 [ 8.  7.]
 [ 6.  6.]
 [ 2.  3.]
 [-1.  4.]
 [ 8.  7.]
 [ 7.  7.]
 [ 6.  6.]
 [ 1.  3.]
 [-2.  4.]
 [ 7.  7.]
 [ 7.  7.]
 [ 6.  6.]
 [ 0.  3.]
 [-3.  4.]
 [ 7.  7.]
 [ 7.  7.]
 [ 6.  6.]
 [-1.  3.]
 [-4.  4.]
 [ 7.  7.]
 [ 7.  7.]
 [ 6.  6.]
 [-2.  3.]
 [-5.  4.]
 [ 7.  7.]
 [ 7.  7.]
 [ 6.  6.]
 [-3.  3.]
 [-5.  4.]
 [ 7.  7.]
 [ 7.  7.]
 [ 6.  6.]
 [-4.  3.]
 [-5.  5.]
 [ 7.  7.]
 [ 7.  7.]
 [ 6.  6.]
 [-5.  4.]
 [-5.  6.]
 [ 7.  7.]
 [ 7.  7.]
 [ 6.  6.]
 [-5.  5.]
 [-5.  7.]
 [ 7.  7.]
 [ 7.  7.]
 [ 6.  6.]
 [-5.  6.]
 [-5.  8.]
 [ 7.  7.]
 [ 7.  7.]
 [ 6.  6.]
 [-5.  7.]
 [-5.  9.]
 [ 7.  7.]
 [ 7.  7.]
 [ 6.  6.]
 [-5.  8.]
 [-5. 10.]
 [ 7.  7.]
 [ 7.  7.]
 [ 6.  6.]
 [-5.  9.]
 [-5. 11.]
 [ 7.  7.]
 [ 7.  7.]
 [ 6.  6.]
 [-5. 10.]
 [-5. 12.]
 [ 7.  7.]
 [ 7.  7.]
 [ 6.  6.]
 [-5. 11.]
 [-5. 13.]
 [ 7.  7.]
 [ 7.  7.]
 [ 6.  6.]
 [-5. 12.]
 [-5. 13.]
 [ 7.  7.]
 [ 7.  7.]
 [ 6.  6.]
 [-5. 12.]
 [-5. 14.]
 [ 7.  7.]
 [ 7.  7.]
 [ 6.  6.]
 [-5. 13.]]
