Maze:
##########################
#                        #
#                        #
#                        #
#                        #
#                        #
#     ##############     #
#     #  S         #     #
#     #            #     #
#     #            #     #
#     #            #     #
#     #            #     #
#     #     A      #     #
#     #            #     #
#     #         B  #     #
#     # D          #     #
#     #            #     #
#     #            #     #
#     #   C        #     #
#     ##############     #
#                        #
#                        #
#                        #
#                        #
#                        #
##########################
[[ 3.  1.]
 [ 6.  6.]
 [10.  8.]
 [ 4. 12.]
 [ 2.  9.]
 [ 3.  1.]
 [ 6.  6.]
 [10.  9.]
 [ 4. 11.]
 [ 2. 10.]
 [ 3.  1.]
 [ 6.  6.]
 [10. 10.]
 [ 4. 11.]
 [ 2. 10.]
 [ 3.  1.]
 [ 6.  6.]
 [10. 11.]
 [ 4. 11.]
 [ 2. 10.]
 [ 3.  1.]
 [ 6.  6.]
 [ 9. 11.]
 [ 4. 11.]
 [ 2. 10.]
 [ 3.  1.]
 [ 6.  6.]
 [ 8. 12.]
 [ 4. 11.]
 [ 2. 10.]
 [ 3.  1.]
 [ 6.  6.]
 [ 7. 12.]
 [ 4. 11.]
 [ 2. 10.]
 [ 3.  1.]
 [ 6.  6.]
 [ 6. 12.]
 [ 4. 11.]
 [ 2. 10.]
 [ 3.  1.]
 [ 6.  6.]
 [ 5. 12.]
 [ 4. 11.]
 [ 2. 10.]
 [ 3.  1.]
 [ 6.  6.]
 [ 4. 11.]
 [ 3. 11.]
 [ 3. 10.]
 [ 3.  1.]
 [ 6.  6.]
 [ 3. 11.]
 [ 3. 10.]
 [ 2. 11.]
 [ 3.  1.]
 [ 6.  6.]
 [ 2. 10.]
 [ 2. 11.]
 [ 1. 11.]
 [ 3.  1.]
 [ 6.  6.]
 [ 2. 11.]
 [ 1. 11.]
 [ 2. 12.]
 [ 3.  1.]
 [ 6.  6.]
 [ 1. 12.]
 [ 2. 12.]
 [ 2. 13.]
 [ 3.  1.]
 [ 6.  6.]
 [ 2. 12.]
 [ 2. 13.]
 [ 3. 12.]
 [ 3.  1.]
 [ 6.  6.]
 [ 3. 13.]
 [ 3. 12.]
 [ 4. 12.]
 [ 3.  1.]
 [ 6.  6.]
 [ 3. 12.]
 [ 4. 12.]
 [ 3. 11.]
 [ 3.  1.]
 [ 6.  6.]
 [ 4. 11.]
 [ 3. 11.]
 [ 3. 10.]
 [ 3.  1.]
 [ 6.  6.]
 [ 3. 11.]
 [ 3. 10.]
 [ 2. 11.]
 [ 3.  1.]
 [ 6.  6.]
 [ 2. 10.]
 [ 2. 11.]
 [ 1. 11.]
 [ 3.  1.]
 [ 6.  6.]
 [ 2. 10.]
 [ 2. 11.]
 [ 1. 11.]
 [ 3.  1.]
 [ 6.  6.]
 [ 2. 11.]
 [ 1. 11.]
 [ 2. 12.]]
