Maze:
##########################
#                        #
#                        #
#                        #
#                        #
#                        #
#     ##############     #
#     #            #     #
#     #   A        #     #
#     #C           #     #
#     #            #     #
#     #            #     #
#     #     S      #     #
#     #            #     #
#     #            #     #
#     #     B      #     #
#     #            #     #
#     #         D  #     #
#     #            #     #
#     ##############     #
#                        #
#                        #
#                        #
#                        #
#                        #
##########################
[[ 6.  6.]
 [ 4.  2.]
 [ 6.  9.]
 [ 1.  3.]
 [10. 11.]
 [ 6.  6.]
 [ 4.  2.]
 [ 6. 10.]
 [ 2.  3.]
 [11. 11.]
 [ 6.  6.]
 [ 5.  1.]
 [ 6. 11.]
 [ 3.  3.]
 [12. 11.]
 [ 6.  6.]
 [ 5.  0.]
 [ 6. 12.]
 [ 4.  2.]
 [12. 11.]
 [ 6.  6.]
 [ 5. -1.]
 [ 6. 13.]
 [ 4.  1.]
 [12. 11.]
 [ 6.  6.]
 [ 5. -2.]
 [ 6. 13.]
 [ 4.  0.]
 [12. 11.]
 [ 6.  6.]
 [ 5. -3.]
 [ 6. 13.]
 [ 4. -1.]
 [12. 11.]
 [ 6.  6.]
 [ 5. -4.]
 [ 6. 13.]
 [ 4. -2.]
 [12. 11.]
 [ 6.  6.]
 [ 5. -5.]
 [ 6. 13.]
 [ 4. -3.]
 [12. 11.]
 [ 6.  6.]
 [ 5. -5.]
 [ 6. 13.]
 [ 4. -4.]
 [12. 11.]
 [ 6.  6.]
 [ 6. -5.]
 [ 6. 13.]
 [ 5. -5.]
 [12. 11.]
 [ 6.  6.]
 [ 7. -5.]
 [ 6. 13.]
 [ 6. -5.]
 [12. 11.]
 [ 6.  6.]
 [ 8. -5.]
 [ 6. 13.]
 [ 7. -5.]
 [12. 11.]
 [ 6.  6.]
 [ 9. -5.]
 [ 6. 13.]
 [ 8. -5.]
 [12. 11.]
 [ 6.  6.]
 [10. -5.]
 [ 6. 13.]
 [ 9. -5.]
 [12. 11.]
 [ 6.  6.]
 [11. -5.]
 [ 6. 13.]
 [10. -5.]
 [12. 11.]
 [ 6.  6.]
 [12. -5.]
 [ 6. 13.]
 [11. -5.]
 [12. 11.]
 [ 6.  6.]
 [13. -5.]
 [ 6. 13.]
 [12. -5.]
 [12. 11.]
 [ 6.  6.]
 [14. -5.]
 [ 6. 13.]
 [13. -5.]
 [12. 11.]
 [ 6.  6.]
 [15. -5.]
 [ 6. 13.]
 [14. -5.]
 [12. 11.]
 [ 6.  6.]
 [15. -5.]
 [ 6. 13.]
 [14. -5.]
 [12. 11.]
 [ 6.  6.]
 [16. -5.]
 [ 6. 13.]
 [15. -5.]
 [12. 11.]]
