Maze:
##########################
#                        #
#                        #
#                        #
#                        #
#                        #
#     ##############     #
#     #            #     #
#     #           D#     #
#     #            #     #
#     #  S         #     #
#     #            #     #
#     #     B      #     #
#     #            #     #
#     #A           #     #
#     #            #     #
#     #   C        #     #
#     #            #     #
#     #            #     #
#     ##############     #
#                        #
#                        #
#                        #
#                        #
#                        #
##########################
[[ 3.  4.]
 [ 1.  8.]
 [ 6.  6.]
 [ 4. 10.]
 [12.  2.]
 [ 2.  4.]
 [ 0.  8.]
 [ 6.  6.]
 [ 3.  9.]
 [12.  2.]
 [ 1.  4.]
 [-1.  8.]
 [ 6.  6.]
 [ 2.  9.]
 [12.  2.]
 [ 0.  5.]
 [-2.  8.]
 [ 6.  6.]
 [ 1.  9.]
 [12.  2.]
 [-1.  6.]
 [-3.  8.]
 [ 6.  6.]
 [ 0.  9.]
 [12.  2.]
 [-2.  7.]
 [-4.  8.]
 [ 6.  6.]
 [-1.  9.]
 [12.  2.]
 [-3.  8.]
 [-5.  8.]
 [ 6.  6.]
 [-2.  9.]
 [12.  2.]
 [-4.  9.]
 [-5.  8.]
 [ 6.  6.]
 [-2. 10.]
 [12.  2.]
 [-5.  8.]
 [-5.  7.]
 [ 6.  6.]
 [-2. 10.]
 [12.  2.]
 [-5.  7.]
 [-5.  6.]
 [ 6.  6.]
 [-2. 10.]
 [12.  2.]
 [-5.  6.]
 [-5.  5.]
 [ 6.  6.]
 [-2. 10.]
 [12.  2.]
 [-5.  5.]
 [-5.  4.]
 [ 6.  6.]
 [-2. 10.]
 [12.  2.]
 [-5.  4.]
 [-5.  3.]
 [ 6.  6.]
 [-2. 10.]
 [12.  2.]
 [-5.  3.]
 [-5.  2.]
 [ 6.  6.]
 [-2. 10.]
 [12.  2.]
 [-5.  2.]
 [-5.  1.]
 [ 6.  6.]
 [-2. 10.]
 [12.  2.]
 [-5.  1.]
 [-5.  0.]
 [ 6.  6.]
 [-2. 10.]
 [12.  2.]
 [-5.  0.]
 [-5. -1.]
 [ 6.  6.]
 [-2. 10.]
 [12.  2.]
 [-5. -1.]
 [-5. -2.]
 [ 6.  6.]
 [-2. 10.]
 [12.  2.]
 [-5. -2.]
 [-5. -3.]
 [ 6.  6.]
 [-2. 10.]
 [12.  2.]
 [-5. -3.]
 [-5. -4.]
 [ 6.  6.]
 [-2. 10.]
 [12.  2.]
 [-5. -3.]
 [-5. -4.]
 [ 6.  6.]
 [-2. 10.]
 [12.  2.]
 [-5. -4.]
 [-5. -5.]
 [ 6.  6.]
 [-2. 10.]
 [12.  2.]]
