Maze:
##########################
#                        #
#                        #
#                        #
#                        #
#                        #
#     ##############     #
#     #        B   #     #
#     #           S#     #
#     #            #     #
#     #            #     #
#     #            #     #
#     #D    C      #     #
#     #      A     #     #
#     #            #     #
#     #            #     #
#     #            #     #
#     #            #     #
#     #            #     #
#     ##############     #
#                        #
#                        #
#                        #
#                        #
#                        #
##########################
[[12.  2.]
 [ 7.  7.]
 [ 9.  1.]
 [ 6.  6.]
 [ 1.  6.]
 [13.  2.]
 [ 8.  8.]
 [10.  1.]
 [ 6.  6.]
 [ 1.  6.]
 [14.  2.]
 [ 9.  9.]
 [11.  1.]
 [ 6.  6.]
 [ 1.  6.]
 [15.  2.]
 [10. 10.]
 [12.  1.]
 [ 6.  6.]
 [ 1.  6.]
 [16.  2.]
 [11. 10.]
 [13.  1.]
 [ 6.  6.]
 [ 1.  6.]
 [17.  2.]
 [11. 10.]
 [14.  1.]
 [ 6.  6.]
 [ 1.  6.]
 [17.  2.]
 [11. 10.]
 [15.  1.]
 [ 6.  6.]
 [ 1.  6.]
 [17.  2.]
 [11. 10.]
 [16.  1.]
 [ 6.  6.]
 [ 1.  6.]
 [17.  3.]
 [11. 10.]
 [17.  2.]
 [ 6.  6.]
 [ 1.  6.]
 [17.  4.]
 [11. 10.]
 [17.  3.]
 [ 6.  6.]
 [ 1.  6.]
 [17.  5.]
 [12. 10.]
 [17.  4.]
 [ 6.  6.]
 [ 1.  6.]
 [17.  6.]
 [13. 10.]
 [17.  5.]
 [ 6.  6.]
 [ 1.  6.]
 [17.  7.]
 [14. 10.]
 [17.  6.]
 [ 6.  6.]
 [ 1.  6.]
 [17.  8.]
 [15.  9.]
 [17.  7.]
 [ 6.  6.]
 [ 1.  6.]
 [17.  9.]
 [16.  9.]
 [17.  8.]
 [ 6.  6.]
 [ 1.  6.]
 [16. 10.]
 [16.  9.]
 [17.  8.]
 [ 6.  6.]
 [ 1.  6.]
 [16.  9.]
 [16. 10.]
 [17.  9.]
 [ 6.  6.]
 [ 1.  6.]
 [15. 10.]
 [16. 10.]
 [17.  9.]
 [ 6.  6.]
 [ 1.  6.]
 [16. 10.]
 [15. 10.]
 [16.  9.]
 [ 6.  6.]
 [ 1.  6.]
 [15. 11.]
 [15. 10.]
 [16.  9.]
 [ 6.  6.]
 [ 1.  6.]
 [15. 11.]
 [15. 10.]
 [16.  9.]
 [ 6.  6.]
 [ 1.  6.]
 [15. 10.]
 [15. 11.]
 [16. 10.]
 [ 6.  6.]
 [ 1.  6.]]
