Maze:
##########################
#                        #
#                        #
#                        #
#                        #
#                        #
#     ##############     #
#     #            #     #
#     #            #     #
#     #         A  #     #
#     #           D#     #
#     #            #     #
#     #     BC     #     #
#     #            #     #
#     #            #     #
#     #            #     #
#     # S          #     #
#     #            #     #
#     #            #     #
#     ##############     #
#                        #
#                        #
#                        #
#                        #
#                        #
##########################
[[ 2. 10.]
 [10.  3.]
 [ 6.  6.]
 [ 7.  6.]
 [12.  4.]
 [ 2. 10.]
 [10.  2.]
 [ 6.  6.]
 [ 8.  6.]
 [13.  5.]
 [ 2. 10.]
 [10.  1.]
 [ 6.  6.]
 [ 8.  7.]
 [13.  6.]
 [ 2. 10.]
 [10.  1.]
 [ 6.  6.]
 [ 8.  8.]
 [12.  7.]
 [ 2. 10.]
 [10.  1.]
 [ 6.  6.]
 [ 7.  9.]
 [11.  7.]
 [ 2. 10.]
 [10.  1.]
 [ 6.  6.]
 [ 6. 10.]
 [10.  7.]
 [ 2. 10.]
 [10.  1.]
 [ 6.  6.]
 [ 5. 11.]
 [ 9.  7.]
 [ 1. 10.]
 [10.  1.]
 [ 6.  6.]
 [ 4. 11.]
 [ 8.  7.]
 [ 0. 10.]
 [10.  1.]
 [ 6.  6.]
 [ 3. 11.]
 [ 7.  7.]
 [ 0. 10.]
 [10.  1.]
 [ 6.  6.]
 [ 2. 11.]
 [ 7.  7.]
 [-1. 10.]
 [10.  1.]
 [ 6.  6.]
 [ 1. 11.]
 [ 7.  7.]
 [-2. 10.]
 [10.  1.]
 [ 6.  6.]
 [ 0. 11.]
 [ 7.  7.]
 [-3. 10.]
 [10.  1.]
 [ 6.  6.]
 [-1. 11.]
 [ 7.  7.]
 [-4. 10.]
 [10.  1.]
 [ 6.  6.]
 [-2. 11.]
 [ 7.  7.]
 [-5. 10.]
 [10.  1.]
 [ 6.  6.]
 [-3. 11.]
 [ 7.  7.]
 [-5. 10.]
 [10.  1.]
 [ 6.  6.]
 [-4. 11.]
 [ 7.  7.]
 [-5.  9.]
 [10.  1.]
 [ 6.  6.]
 [-5. 10.]
 [ 7.  7.]
 [-5.  8.]
 [10.  1.]
 [ 6.  6.]
 [-5.  9.]
 [ 7.  7.]
 [-5.  7.]
 [10.  1.]
 [ 6.  6.]
 [-5.  8.]
 [ 7.  7.]
 [-5.  6.]
 [10.  1.]
 [ 6.  6.]
 [-5.  7.]
 [ 7.  7.]
 [-5.  6.]
 [10.  1.]
 [ 6.  6.]
 [-5.  7.]
 [ 7.  7.]
 [-5.  5.]
 [10.  1.]
 [ 6.  6.]
 [-5.  6.]
 [ 7.  7.]]
