Maze:
##########################
#                        #
#                        #
#                        #
#                        #
#                        #
#     ##############     #
#     #         C  #     #
#     #            #     #
#     #            #     #
#     #            #     #
#     #            #     #
#     #     S      #     #
#     #  A         #     #
#     #            #     #
#     #          B #     #
#     #   D        #     #
#     #            #     #
#     #            #     #
#     ##############     #
#                        #
#                        #
#                        #
#                        #
#                        #
##########################
[[ 6.  6.]
 [ 3.  7.]
 [11.  9.]
 [10.  1.]
 [ 4. 10.]
 [ 6.  6.]
 [ 4.  6.]
 [11.  8.]
 [10.  1.]
 [ 5. 10.]
 [ 6.  6.]
 [ 5.  6.]
 [11.  7.]
 [10.  1.]
 [ 6.  9.]
 [ 6.  6.]
 [ 5.  6.]
 [11.  6.]
 [10.  1.]
 [ 7.  8.]
 [ 6.  6.]
 [ 5.  6.]
 [11.  5.]
 [10.  1.]
 [ 7.  7.]
 [ 6.  6.]
 [ 5.  6.]
 [11.  4.]
 [10.  0.]
 [ 7.  7.]
 [ 6.  6.]
 [ 5.  6.]
 [11.  3.]
 [10. -1.]
 [ 7.  7.]
 [ 6.  6.]
 [ 5.  6.]
 [11.  2.]
 [10. -2.]
 [ 7.  7.]
 [ 6.  6.]
 [ 5.  6.]
 [11.  1.]
 [10. -2.]
 [ 7.  7.]
 [ 6.  6.]
 [ 5.  6.]
 [11.  0.]
 [10. -3.]
 [ 7.  7.]
 [ 6.  6.]
 [ 5.  6.]
 [11. -1.]
 [10. -4.]
 [ 7.  7.]
 [ 6.  6.]
 [ 5.  6.]
 [11. -2.]
 [10. -5.]
 [ 7.  7.]
 [ 6.  6.]
 [ 5.  6.]
 [11. -3.]
 [10. -5.]
 [ 7.  7.]
 [ 6.  6.]
 [ 5.  6.]
 [11. -4.]
 [10. -5.]
 [ 7.  7.]
 [ 6.  6.]
 [ 5.  6.]
 [10. -5.]
 [ 9. -5.]
 [ 7.  7.]
 [ 6.  6.]
 [ 5.  6.]
 [ 9. -5.]
 [ 8. -5.]
 [ 7.  7.]
 [ 6.  6.]
 [ 5.  6.]
 [ 8. -5.]
 [ 7. -5.]
 [ 7.  7.]
 [ 6.  6.]
 [ 5.  6.]
 [ 7. -5.]
 [ 6. -5.]
 [ 7.  7.]
 [ 6.  6.]
 [ 5.  6.]
 [ 6. -5.]
 [ 5. -5.]
 [ 7.  7.]
 [ 6.  6.]
 [ 5.  6.]
 [ 5. -5.]
 [ 4. -5.]
 [ 7.  7.]
 [ 6.  6.]
 [ 5.  6.]
 [ 5. -5.]
 [ 4. -5.]
 [ 7.  7.]
 [ 6.  6.]
 [ 5.  6.]
 [ 4. -5.]
 [ 3. -5.]
 [ 7.  7.]]
