Maze:
##########################
#                        #
#                        #
#                        #
#                        #
#                        #
#     ##############     #
#     #     S      #     #
#     #            #     #
#     #            #     #
#     #            #     #
#     #            #     #
#     #     A      #     #
#     #            #     #
#     #  B         #     #
#     #            #     #
#     #            #     #
#     #D           #     #
#     #           C#     #
#     ##############     #
#                        #
#                        #
#                        #
#                        #
#                        #
##########################
[[ 6.  1.]
 [ 6.  6.]
 [ 3.  8.]
 [12. 12.]
 [ 1. 11.]
 [ 6.  1.]
 [ 6.  6.]
 [ 4.  7.]
 [12. 12.]
 [ 2. 10.]
 [ 6.  1.]
 [ 6.  6.]
 [ 4.  6.]
 [12. 12.]
 [ 2.  9.]
 [ 6.  1.]
 [ 6.  6.]
 [ 4.  5.]
 [12. 12.]
 [ 2.  8.]
 [ 6.  1.]
 [ 6.  6.]
 [ 4.  4.]
 [12. 12.]
 [ 2.  7.]
 [ 7.  1.]
 [ 6.  6.]
 [ 4.  3.]
 [12. 12.]
 [ 2.  6.]
 [ 8.  1.]
 [ 6.  6.]
 [ 5.  2.]
 [12. 12.]
 [ 2.  5.]
 [ 9.  1.]
 [ 6.  6.]
 [ 6.  1.]
 [12. 12.]
 [ 2.  4.]
 [10.  1.]
 [ 6.  6.]
 [ 7.  1.]
 [12. 12.]
 [ 2.  3.]
 [11.  1.]
 [ 6.  6.]
 [ 8.  1.]
 [12. 12.]
 [ 3.  2.]
 [12.  1.]
 [ 6.  6.]
 [ 9.  1.]
 [12. 12.]
 [ 4.  1.]
 [13.  1.]
 [ 6.  6.]
 [10.  1.]
 [12. 12.]
 [ 5.  1.]
 [14.  1.]
 [ 6.  6.]
 [11.  1.]
 [12. 12.]
 [ 6.  1.]
 [15.  1.]
 [ 6.  6.]
 [12.  1.]
 [12. 12.]
 [ 7.  1.]
 [16.  1.]
 [ 6.  6.]
 [13.  1.]
 [12. 12.]
 [ 8.  1.]
 [17.  1.]
 [ 6.  6.]
 [14.  1.]
 [12. 12.]
 [ 9.  1.]
 [17.  1.]
 [ 6.  6.]
 [15.  1.]
 [12. 12.]
 [10.  1.]
 [17.  1.]
 [ 6.  6.]
 [16.  1.]
 [12. 12.]
 [11.  1.]
 [17.  1.]
 [ 6.  6.]
 [16.  1.]
 [12. 12.]
 [12.  1.]
 [17.  1.]
 [ 6.  6.]
 [16.  1.]
 [12. 12.]
 [13.  1.]
 [17.  1.]
 [ 6.  6.]
 [16.  1.]
 [12. 12.]
 [13.  1.]
 [17.  1.]
 [ 6.  6.]
 [16.  1.]
 [12. 12.]
 [14.  1.]]
