Maze:
##########################
#                        #
#                        #
#                        #
#                        #
#                        #
#     ##############     #
#     #            #     #
#     # D          #     #
#     #            #     #
#     #            #     #
#     #    B       #     #
#     #     A      #     #
#     #         C  #     #
#     #            #     #
#     #            #     #
#     #            #     #
#     #       S    #     #
#     #            #     #
#     ##############     #
#                        #
#                        #
#                        #
#                        #
#                        #
##########################
[[ 8. 11.]
 [ 6.  6.]
 [ 5.  5.]
 [10.  7.]
 [ 2.  2.]
 [ 8. 11.]
 [ 6.  6.]
 [ 5.  5.]
 [11.  8.]
 [ 3.  3.]
 [ 8. 11.]
 [ 6.  6.]
 [ 5.  5.]
 [11.  9.]
 [ 4.  4.]
 [ 8. 11.]
 [ 6.  6.]
 [ 5.  5.]
 [11. 10.]
 [ 4.  4.]
 [ 8. 11.]
 [ 6.  6.]
 [ 5.  5.]
 [10. 11.]
 [ 4.  4.]
 [ 7. 11.]
 [ 6.  6.]
 [ 5.  5.]
 [ 9. 11.]
 [ 4.  4.]
 [ 6. 11.]
 [ 6.  6.]
 [ 5.  5.]
 [ 8. 11.]
 [ 4.  4.]
 [ 5. 11.]
 [ 6.  6.]
 [ 5.  5.]
 [ 7. 11.]
 [ 4.  4.]
 [ 4. 11.]
 [ 6.  6.]
 [ 5.  5.]
 [ 6. 11.]
 [ 4.  4.]
 [ 3. 11.]
 [ 6.  6.]
 [ 5.  5.]
 [ 5. 11.]
 [ 4.  4.]
 [ 2. 11.]
 [ 6.  6.]
 [ 5.  5.]
 [ 4. 11.]
 [ 4.  4.]
 [ 1. 11.]
 [ 6.  6.]
 [ 5.  5.]
 [ 3. 11.]
 [ 4.  4.]
 [ 0. 11.]
 [ 6.  6.]
 [ 5.  5.]
 [ 2. 11.]
 [ 4.  4.]
 [-1. 11.]
 [ 6.  6.]
 [ 5.  5.]
 [ 1. 11.]
 [ 4.  4.]
 [-2. 11.]
 [ 6.  6.]
 [ 5.  5.]
 [ 0. 11.]
 [ 4.  4.]
 [-3. 11.]
 [ 6.  6.]
 [ 5.  5.]
 [-1. 11.]
 [ 4.  4.]
 [-4. 11.]
 [ 6.  6.]
 [ 5.  5.]
 [-2. 11.]
 [ 4.  4.]
 [-5. 11.]
 [ 6.  6.]
 [ 5.  5.]
 [-3. 11.]
 [ 4.  4.]
 [-5. 11.]
 [ 6.  6.]
 [ 5.  5.]
 [-4. 11.]
 [ 4.  4.]
 [-5. 11.]
 [ 6.  6.]
 [ 5.  5.]
 [-4. 11.]
 [ 4.  4.]]
