Maze:
##########################
#                        #
#                        #
#                        #
#                        #
#                        #
#     ##############     #
#     #            #     #
#     #         A  #     #
#     #            #     #
#     #            #     #
#     #       D    #     #
#     #     B      #     #
#     #            #     #
#     #            #     #
#     #            #     #
#     #   S        #     #
#     # C          #     #
#     #            #     #
#     ##############     #
#                        #
#                        #
#                        #
#                        #
#                        #
##########################
[[ 4. 10.]
 [10.  2.]
 [ 6.  6.]
 [ 2. 11.]
 [ 8.  5.]
 [ 5. 10.]
 [10.  2.]
 [ 6.  6.]
 [ 3. 11.]
 [ 7.  6.]
 [ 6. 10.]
 [10.  2.]
 [ 6.  6.]
 [ 4. 11.]
 [ 7.  6.]
 [ 7. 10.]
 [10.  2.]
 [ 6.  6.]
 [ 5. 11.]
 [ 7.  6.]
 [ 8. 10.]
 [10.  2.]
 [ 6.  6.]
 [ 6. 11.]
 [ 7.  6.]
 [ 9. 10.]
 [10.  2.]
 [ 6.  6.]
 [ 7. 11.]
 [ 7.  6.]
 [10. 10.]
 [10.  2.]
 [ 6.  6.]
 [ 8. 11.]
 [ 7.  6.]
 [11. 10.]
 [10.  2.]
 [ 6.  6.]
 [ 9. 11.]
 [ 7.  6.]
 [12. 10.]
 [10.  2.]
 [ 6.  6.]
 [10. 11.]
 [ 7.  6.]
 [13. 10.]
 [10.  2.]
 [ 6.  6.]
 [11. 11.]
 [ 7.  6.]
 [14. 10.]
 [10.  2.]
 [ 6.  6.]
 [12. 11.]
 [ 7.  6.]
 [15. 10.]
 [10.  2.]
 [ 6.  6.]
 [13. 11.]
 [ 7.  6.]
 [16. 10.]
 [10.  2.]
 [ 6.  6.]
 [14. 11.]
 [ 7.  6.]
 [17. 10.]
 [10.  2.]
 [ 6.  6.]
 [15. 11.]
 [ 7.  6.]
 [17. 10.]
 [10.  2.]
 [ 6.  6.]
 [16. 11.]
 [ 7.  6.]
 [17.  9.]
 [10.  2.]
 [ 6.  6.]
 [17. 10.]
 [ 7.  6.]
 [17.  8.]
 [10.  2.]
 [ 6.  6.]
 [17.  9.]
 [ 7.  6.]
 [17.  7.]
 [10.  2.]
 [ 6.  6.]
 [17.  8.]
 [ 7.  6.]
 [17.  6.]
 [10.  2.]
 [ 6.  6.]
 [17.  7.]
 [ 7.  6.]
 [17.  5.]
 [10.  2.]
 [ 6.  6.]
 [17.  6.]
 [ 7.  6.]
 [17.  5.]
 [10.  2.]
 [ 6.  6.]
 [17.  6.]
 [ 7.  6.]
 [17.  4.]
 [10.  2.]
 [ 6.  6.]
 [17.  5.]
 [ 7.  6.]]
