Maze:
##########################
#                        #
#                        #
#                        #
#                        #
#                        #
#     ##############     #
#     #            #     #
#     #            #     #
#     #            #     #
#     #     D      #     #
#     #           A#     #
#     #    CS      #     #
#     #       B    #     #
#     #            #     #
#     #            #     #
#     #            #     #
#     #            #     #
#     #            #     #
#     ##############     #
#                        #
#                        #
#                        #
#                        #
#                        #
##########################
[[ 6.  6.]
 [12.  5.]
 [ 8.  7.]
 [ 5.  6.]
 [ 6.  4.]
 [ 6.  6.]
 [12.  5.]
 [ 9.  7.]
 [ 4.  6.]
 [ 6.  3.]
 [ 6.  6.]
 [12.  5.]
 [10.  7.]
 [ 3.  6.]
 [ 6.  2.]
 [ 6.  6.]
 [12.  5.]
 [11.  7.]
 [ 2.  6.]
 [ 7.  1.]
 [ 6.  6.]
 [12.  5.]
 [12.  6.]
 [ 1.  6.]
 [ 8.  0.]
 [ 6.  6.]
 [12.  4.]
 [12.  5.]
 [ 0.  6.]
 [ 9.  0.]
 [ 6.  6.]
 [12.  3.]
 [12.  4.]
 [-1.  6.]
 [10.  0.]
 [ 6.  6.]
 [12.  2.]
 [12.  3.]
 [-2.  6.]
 [11.  1.]
 [ 6.  6.]
 [13.  2.]
 [12.  3.]
 [-2.  6.]
 [11.  1.]
 [ 6.  6.]
 [14.  2.]
 [13.  2.]
 [-2.  6.]
 [12.  1.]
 [ 6.  6.]
 [15.  2.]
 [14.  2.]
 [-2.  6.]
 [12.  0.]
 [ 6.  6.]
 [16.  2.]
 [15.  2.]
 [-2.  6.]
 [13.  0.]
 [ 6.  6.]
 [17.  2.]
 [16.  2.]
 [-2.  6.]
 [14.  0.]
 [ 6.  6.]
 [17.  2.]
 [16.  2.]
 [-2.  6.]
 [15.  0.]
 [ 6.  6.]
 [17.  2.]
 [16.  2.]
 [-2.  6.]
 [16.  0.]
 [ 6.  6.]
 [17.  3.]
 [17.  2.]
 [-2.  6.]
 [17.  1.]
 [ 6.  6.]
 [17.  4.]
 [17.  3.]
 [-2.  6.]
 [17.  0.]
 [ 6.  6.]
 [17.  5.]
 [17.  4.]
 [-2.  6.]
 [17.  0.]
 [ 6.  6.]
 [17.  6.]
 [17.  5.]
 [-2.  6.]
 [17.  0.]
 [ 6.  6.]
 [17.  7.]
 [17.  6.]
 [-2.  6.]
 [17.  0.]
 [ 6.  6.]
 [17.  7.]
 [17.  6.]
 [-2.  6.]
 [17.  0.]
 [ 6.  6.]
 [17.  8.]
 [17.  7.]
 [-2.  6.]
 [17.  0.]]
