Maze:
##########################
#                        #
#                        #
#                        #
#                        #
#                        #
#     ##############     #
#     #            #     #
#     #            #     #
#     #            #     #
#     #            #     #
#     #            #     #
#     #     D      #     #
#     #       C    #     #
#     #  A         #     #
#     #            #     #
#     #            #     #
#     #     B      #     #
#     #    S       #     #
#     ##############     #
#                        #
#                        #
#                        #
#                        #
#                        #
##########################
[[ 5. 12.]
 [ 3.  8.]
 [ 6. 11.]
 [ 8.  7.]
 [ 6.  6.]
 [ 6. 11.]
 [ 3.  9.]
 [ 7. 10.]
 [ 9.  7.]
 [ 6.  6.]
 [ 7. 10.]
 [ 4. 10.]
 [ 8.  9.]
 [10.  8.]
 [ 6.  6.]
 [ 8.  9.]
 [ 5. 10.]
 [ 9.  8.]
 [ 9.  9.]
 [ 6.  6.]
 [ 9.  9.]
 [ 6. 10.]
 [10.  7.]
 [10.  8.]
 [ 6.  6.]
 [10.  8.]
 [ 7. 10.]
 [11.  6.]
 [10.  7.]
 [ 6.  6.]
 [10.  7.]
 [ 8. 10.]
 [11.  5.]
 [10.  6.]
 [ 6.  6.]
 [10.  6.]
 [ 9.  9.]
 [11.  4.]
 [10.  5.]
 [ 6.  6.]
 [10.  5.]
 [10.  8.]
 [11.  3.]
 [10.  4.]
 [ 6.  6.]
 [10.  4.]
 [10.  7.]
 [11.  2.]
 [10.  3.]
 [ 6.  6.]
 [10.  3.]
 [10.  6.]
 [11.  1.]
 [10.  2.]
 [ 6.  6.]
 [10.  2.]
 [10.  5.]
 [11.  0.]
 [10.  1.]
 [ 6.  6.]
 [10.  1.]
 [10.  4.]
 [11. -1.]
 [10.  0.]
 [ 6.  6.]
 [10.  0.]
 [10.  3.]
 [11. -2.]
 [10. -1.]
 [ 6.  6.]
 [10. -1.]
 [10.  2.]
 [11. -3.]
 [10. -2.]
 [ 6.  6.]
 [10. -2.]
 [10.  1.]
 [11. -4.]
 [10. -3.]
 [ 6.  6.]
 [10. -3.]
 [10.  0.]
 [11. -5.]
 [10. -4.]
 [ 6.  6.]
 [10. -4.]
 [10. -1.]
 [11. -5.]
 [10. -5.]
 [ 6.  6.]
 [10. -5.]
 [10. -2.]
 [12. -5.]
 [11. -5.]
 [ 6.  6.]
 [11. -5.]
 [10. -3.]
 [13. -5.]
 [12. -5.]
 [ 6.  6.]
 [11. -5.]
 [10. -3.]
 [13. -5.]
 [12. -5.]
 [ 6.  6.]
 [12. -5.]
 [10. -4.]
 [14. -5.]
 [13. -5.]
 [ 6.  6.]]
