Maze:
##########################
#                        #
#                        #
#                        #
#                        #
#                        #
#     ##############     #
#     #         A  #     #
#     #            #     #
#     #           D#     #
#     #            #     #
#     #            #     #
#     #     C      #     #
#     #            #     #
#     #            #     #
#     #            #     #
#     #    S       #     #
#     #            #     #
#     #      B     #     #
#     ##############     #
#                        #
#                        #
#                        #
#                        #
#                        #
##########################
[[ 5. 10.]
 [10.  1.]
 [ 7. 12.]
 [ 6.  6.]
 [12.  3.]
 [ 6. 10.]
 [ 9.  0.]
 [ 8. 13.]
 [ 6.  6.]
 [12.  2.]
 [ 7. 10.]
 [ 8.  0.]
 [ 9. 14.]
 [ 6.  6.]
 [12.  1.]
 [ 7. 10.]
 [ 8.  0.]
 [ 9. 15.]
 [ 6.  6.]
 [11.  0.]
 [ 7. 10.]
 [ 7.  0.]
 [ 9. 16.]
 [ 6.  6.]
 [10.  0.]
 [ 7. 10.]
 [ 6.  0.]
 [ 9. 17.]
 [ 6.  6.]
 [ 9.  0.]
 [ 7.  9.]
 [ 5.  0.]
 [ 9. 17.]
 [ 6.  6.]
 [ 8.  0.]
 [ 7.  8.]
 [ 4.  0.]
 [ 9. 17.]
 [ 6.  6.]
 [ 7.  0.]
 [ 7.  7.]
 [ 3.  0.]
 [ 9. 17.]
 [ 6.  6.]
 [ 6.  0.]
 [ 7.  7.]
 [ 2.  0.]
 [ 9. 17.]
 [ 6.  6.]
 [ 5.  0.]
 [ 7.  7.]
 [ 1.  0.]
 [ 9. 17.]
 [ 6.  6.]
 [ 4.  0.]
 [ 7.  7.]
 [ 0.  0.]
 [ 9. 17.]
 [ 6.  6.]
 [ 3.  0.]
 [ 7.  7.]
 [-1.  0.]
 [ 9. 17.]
 [ 6.  6.]
 [ 2.  0.]
 [ 7.  7.]
 [-2.  0.]
 [ 9. 17.]
 [ 6.  6.]
 [ 1.  0.]
 [ 7.  7.]
 [-3.  0.]
 [ 9. 17.]
 [ 6.  6.]
 [ 0.  0.]
 [ 7.  7.]
 [-4.  0.]
 [ 9. 17.]
 [ 6.  6.]
 [-1.  0.]
 [ 7.  7.]
 [-5.  0.]
 [ 9. 17.]
 [ 6.  6.]
 [-2.  0.]
 [ 7.  7.]
 [-5.  0.]
 [ 9. 17.]
 [ 6.  6.]
 [-3.  0.]
 [ 7.  7.]
 [-5.  0.]
 [ 9. 17.]
 [ 6.  6.]
 [-4.  0.]
 [ 7.  7.]
 [-5.  0.]
 [ 9. 17.]
 [ 6.  6.]
 [-4.  0.]]
