Maze:
##########################
#                        #
#                        #
#                        #
#                        #
#                        #
#     ##############     #
#     #  A         #     #
#     #     B      #     #
#     #            #     #
#     #            #     #
#     #D           #     #
#     #     S      #     #
#     #            #     #
#     #            #     #
#     #            #     #
#     #           C#     #
#     #            #     #
#     #            #     #
#     ##############     #
#                        #
#                        #
#                        #
#                        #
#                        #
##########################
[[ 6.  6.]
 [ 3.  1.]
 [ 6.  2.]
 [12. 10.]
 [ 1.  5.]
 [ 6.  6.]
 [ 3.  1.]
 [ 5.  1.]
 [12. 10.]
 [ 1.  4.]
 [ 6.  6.]
 [ 3.  1.]
 [ 4.  1.]
 [12. 10.]
 [ 1.  3.]
 [ 6.  6.]
 [ 2.  1.]
 [ 3.  1.]
 [12. 10.]
 [ 1.  2.]
 [ 6.  6.]
 [ 2.  0.]
 [ 3.  1.]
 [12. 10.]
 [ 1.  2.]
 [ 6.  6.]
 [ 2. -1.]
 [ 2.  0.]
 [12. 10.]
 [ 1.  1.]
 [ 6.  6.]
 [ 2. -2.]
 [ 2. -1.]
 [12. 10.]
 [ 0.  1.]
 [ 6.  6.]
 [ 2. -3.]
 [ 2. -2.]
 [12. 10.]
 [ 0.  0.]
 [ 6.  6.]
 [ 2. -4.]
 [ 2. -3.]
 [12. 10.]
 [ 0. -1.]
 [ 6.  6.]
 [ 2. -5.]
 [ 2. -4.]
 [12. 10.]
 [ 0. -2.]
 [ 6.  6.]
 [ 2. -5.]
 [ 2. -4.]
 [12. 10.]
 [ 0. -3.]
 [ 6.  6.]
 [ 2. -5.]
 [ 2. -4.]
 [12. 10.]
 [ 0. -4.]
 [ 6.  6.]
 [ 3. -5.]
 [ 2. -5.]
 [12. 10.]
 [ 1. -5.]
 [ 6.  6.]
 [ 4. -5.]
 [ 3. -5.]
 [12. 10.]
 [ 0. -5.]
 [ 6.  6.]
 [ 5. -5.]
 [ 4. -5.]
 [12. 10.]
 [ 0. -5.]
 [ 6.  6.]
 [ 6. -5.]
 [ 5. -5.]
 [12. 10.]
 [ 0. -5.]
 [ 6.  6.]
 [ 7. -5.]
 [ 6. -5.]
 [12. 10.]
 [ 0. -5.]
 [ 6.  6.]
 [ 8. -5.]
 [ 7. -5.]
 [12. 10.]
 [ 0. -5.]
 [ 6.  6.]
 [ 9. -5.]
 [ 8. -5.]
 [12. 10.]
 [ 0. -5.]
 [ 6.  6.]
 [10. -5.]
 [ 9. -5.]
 [12. 10.]
 [ 0. -5.]
 [ 6.  6.]
 [10. -5.]
 [ 9. -5.]
 [12. 10.]
 [ 0. -5.]
 [ 6.  6.]
 [11. -5.]
 [10. -5.]
 [12. 10.]
 [ 0. -5.]]
