Maze:
##########################
#                        #
#                        #
#                        #
#                        #
#                        #
#     ##############     #
#     #            #     #
#     #   A        #     #
#     #     B      #     #
#     #  D         #     #
#     #            #     #
#     #     C      #     #
#     #            #     #
#     #            #     #
#     #            #     #
#     #          S #     #
#     #            #     #
#     #            #     #
#     ##############     #
#                        #
#                        #
#                        #
#                        #
#                        #
##########################
[[11. 10.]
 [ 4.  2.]
 [ 6.  3.]
 [ 6.  6.]
 [ 3.  4.]
 [10.  9.]
 [ 4.  1.]
 [ 5.  3.]
 [ 6.  6.]
 [ 3.  3.]
 [ 9.  8.]
 [ 4.  0.]
 [ 5.  2.]
 [ 6.  6.]
 [ 3.  2.]
 [ 8.  7.]
 [ 4. -1.]
 [ 5.  1.]
 [ 6.  6.]
 [ 3.  1.]
 [ 7.  6.]
 [ 4. -2.]
 [ 5.  0.]
 [ 6.  6.]
 [ 3.  0.]
 [ 7.  6.]
 [ 4. -3.]
 [ 5. -1.]
 [ 6.  6.]
 [ 3. -1.]
 [ 7.  6.]
 [ 4. -4.]
 [ 5. -2.]
 [ 6.  6.]
 [ 3. -2.]
 [ 7.  6.]
 [ 4. -5.]
 [ 5. -3.]
 [ 6.  6.]
 [ 3. -3.]
 [ 7.  6.]
 [ 4. -5.]
 [ 5. -4.]
 [ 6.  6.]
 [ 3. -4.]
 [ 7.  6.]
 [ 5. -5.]
 [ 5. -4.]
 [ 6.  6.]
 [ 3. -4.]
 [ 7.  6.]
 [ 5. -5.]
 [ 5. -4.]
 [ 6.  6.]
 [ 3. -5.]
 [ 7.  6.]
 [ 6. -5.]
 [ 5. -5.]
 [ 6.  6.]
 [ 4. -5.]
 [ 7.  6.]
 [ 7. -5.]
 [ 6. -5.]
 [ 6.  6.]
 [ 3. -5.]
 [ 7.  6.]
 [ 8. -5.]
 [ 7. -5.]
 [ 6.  6.]
 [ 3. -5.]
 [ 7.  6.]
 [ 9. -5.]
 [ 8. -5.]
 [ 6.  6.]
 [ 3. -5.]
 [ 7.  6.]
 [10. -5.]
 [ 9. -5.]
 [ 6.  6.]
 [ 3. -5.]
 [ 7.  6.]
 [11. -5.]
 [10. -5.]
 [ 6.  6.]
 [ 3. -5.]
 [ 7.  6.]
 [12. -5.]
 [11. -5.]
 [ 6.  6.]
 [ 3. -5.]
 [ 7.  6.]
 [13. -5.]
 [12. -5.]
 [ 6.  6.]
 [ 3. -5.]
 [ 7.  6.]
 [14. -5.]
 [13. -5.]
 [ 6.  6.]
 [ 3. -5.]
 [ 7.  6.]
 [14. -5.]
 [13. -5.]
 [ 6.  6.]
 [ 3. -5.]
 [ 7.  6.]
 [15. -5.]
 [14. -5.]
 [ 6.  6.]
 [ 3. -5.]]
