Maze:
##########################
#                        #
#                        #
#                        #
#                        #
#                        #
#     ##############     #
#     #            #     #
#     #   B        #     #
#     #     S      #     #
#     #            #     #
#     #           D#     #
#     #     C      #     #
#     #            #     #
#     #            #     #
#     #            #     #
#     #            #     #
#     #            #     #
#     #      A     #     #
#     ##############     #
#                        #
#                        #
#                        #
#                        #
#                        #
##########################
[[ 6.  3.]
 [ 7. 12.]
 [ 4.  2.]
 [ 6.  6.]
 [12.  5.]
 [ 5.  3.]
 [ 7. 12.]
 [ 3.  2.]
 [ 6.  6.]
 [13.  5.]
 [ 4.  3.]
 [ 7. 12.]
 [ 2.  2.]
 [ 6.  6.]
 [14.  5.]
 [ 3.  3.]
 [ 7. 12.]
 [ 1.  2.]
 [ 6.  6.]
 [14.  5.]
 [ 2.  3.]
 [ 7. 12.]
 [ 0.  2.]
 [ 6.  6.]
 [14.  5.]
 [ 1.  3.]
 [ 7. 12.]
 [-1.  2.]
 [ 6.  6.]
 [14.  5.]
 [ 0.  3.]
 [ 7. 12.]
 [-2.  2.]
 [ 6.  6.]
 [14.  5.]
 [-1.  3.]
 [ 7. 12.]
 [-3.  2.]
 [ 6.  6.]
 [14.  5.]
 [-2.  3.]
 [ 7. 12.]
 [-4.  2.]
 [ 6.  6.]
 [14.  5.]
 [-3.  3.]
 [ 7. 12.]
 [-5.  2.]
 [ 6.  6.]
 [14.  5.]
 [-4.  3.]
 [ 7. 12.]
 [-5.  2.]
 [ 6.  6.]
 [14.  5.]
 [-5.  2.]
 [ 7. 12.]
 [-5.  1.]
 [ 6.  6.]
 [14.  5.]
 [-5.  1.]
 [ 7. 12.]
 [-5.  0.]
 [ 6.  6.]
 [14.  5.]
 [-5.  0.]
 [ 7. 12.]
 [-5. -1.]
 [ 6.  6.]
 [14.  5.]
 [-5. -1.]
 [ 7. 12.]
 [-5. -2.]
 [ 6.  6.]
 [14.  5.]
 [-5. -2.]
 [ 7. 12.]
 [-5. -3.]
 [ 6.  6.]
 [14.  5.]
 [-5. -3.]
 [ 7. 12.]
 [-5. -4.]
 [ 6.  6.]
 [14.  5.]
 [-5. -4.]
 [ 7. 12.]
 [-5. -5.]
 [ 6.  6.]
 [14.  5.]
 [-5. -4.]
 [ 7. 12.]
 [-5. -5.]
 [ 6.  6.]
 [14.  5.]]
