Maze:
##########################
#                        #
#                        #
#                        #
#                        #
#                        #
#     ##############     #
#     #            #     #
#     #            #     #
#     #S           #     #
#     #            #     #
#     #            #     #
#     #     D      #     #
#     #            #     #
#     #        C   #     #
#     # B          #     #
#     #            #     #
#     #         A  #     #
#     #            #     #
#     ##############     #
#                        #
#                        #
#                        #
#                        #
#                        #
##########################
[[ 1.  3.]
 [10. 11.]
 [ 2.  9.]
 [ 9.  8.]
 [ 6.  6.]
 [ 1.  4.]
 [10. 11.]
 [ 2. 10.]
 [10.  9.]
 [ 6.  6.]
 [ 1.  5.]
 [10. 11.]
 [ 2. 11.]
 [11.  9.]
 [ 6.  6.]
 [ 2.  6.]
 [10. 11.]
 [ 3. 12.]
 [12.  9.]
 [ 6.  6.]
 [ 3.  7.]
 [10. 11.]
 [ 4. 13.]
 [13.  9.]
 [ 6.  6.]
 [ 4.  7.]
 [10. 11.]
 [ 5. 14.]
 [14.  9.]
 [ 6.  6.]
 [ 5.  7.]
 [10. 11.]
 [ 6. 14.]
 [15.  9.]
 [ 6.  6.]
 [ 5.  7.]
 [10. 11.]
 [ 7. 14.]
 [15.  9.]
 [ 6.  6.]
 [ 5.  7.]
 [10. 11.]
 [ 8. 14.]
 [15.  9.]
 [ 6.  6.]
 [ 5.  7.]
 [10. 11.]
 [ 9. 13.]
 [15.  9.]
 [ 6.  6.]
 [ 5.  7.]
 [10. 10.]
 [10. 12.]
 [15.  9.]
 [ 6.  6.]
 [ 5.  7.]
 [10.  9.]
 [10. 11.]
 [15.  9.]
 [ 6.  6.]
 [ 5.  7.]
 [10.  8.]
 [10. 10.]
 [15.  9.]
 [ 6.  6.]
 [ 5.  7.]
 [10.  8.]
 [10.  9.]
 [15.  9.]
 [ 6.  6.]
 [ 5.  7.]
 [10.  7.]
 [10.  8.]
 [15.  9.]
 [ 6.  6.]
 [ 5.  7.]
 [10.  6.]
 [10.  7.]
 [15.  9.]
 [ 6.  6.]
 [ 5.  7.]
 [10.  5.]
 [10.  6.]
 [15.  9.]
 [ 6.  6.]
 [ 5.  7.]
 [10.  4.]
 [10.  5.]
 [15.  9.]
 [ 6.  6.]
 [ 5.  7.]
 [10.  3.]
 [10.  4.]
 [15.  9.]
 [ 6.  6.]
 [ 5.  7.]
 [10.  2.]
 [10.  3.]
 [15.  9.]
 [ 6.  6.]
 [ 5.  7.]
 [10.  2.]
 [10.  3.]
 [15.  9.]
 [ 6.  6.]
 [ 5.  7.]
 [10.  1.]
 [10.  2.]
 [15.  9.]
 [ 6.  6.]]
