Maze:
##########################
#                        #
#                        #
#                        #
#                        #
#                        #
#     ##############     #
#     #           D#     #
#     #            #     #
#     #   B        #     #
#     #  S         #     #
#     #            #     #
#     #     C      #     #
#     # A          #     #
#     #            #     #
#     #            #     #
#     #            #     #
#     #            #     #
#     #            #     #
#     ##############     #
#                        #
#                        #
#                        #
#                        #
#                        #
##########################
[[ 3.  4.]
 [ 2.  7.]
 [ 4.  3.]
 [ 6.  6.]
 [12.  1.]
 [ 2.  5.]
 [ 2.  6.]
 [ 3.  4.]
 [ 6.  6.]
 [12.  1.]
 [ 2.  4.]
 [ 2.  6.]
 [ 3.  4.]
 [ 6.  6.]
 [12.  1.]
 [ 1.  4.]
 [ 2.  5.]
 [ 2.  4.]
 [ 6.  6.]
 [12.  1.]
 [ 0.  4.]
 [ 1.  6.]
 [ 1.  5.]
 [ 6.  6.]
 [12.  1.]
 [-1.  3.]
 [ 1.  7.]
 [ 0.  6.]
 [ 6.  6.]
 [12.  1.]
 [-1.  2.]
 [ 2.  8.]
 [ 1.  7.]
 [ 6.  6.]
 [12.  1.]
 [-1.  1.]
 [ 3.  9.]
 [ 2.  8.]
 [ 6.  6.]
 [12.  1.]
 [-1.  0.]
 [ 4. 10.]
 [ 3.  9.]
 [ 6.  6.]
 [12.  1.]
 [-1.  0.]
 [ 5. 11.]
 [ 4. 10.]
 [ 6.  6.]
 [12.  1.]
 [-1.  0.]
 [ 6. 12.]
 [ 5. 11.]
 [ 6.  6.]
 [12.  1.]
 [-1.  0.]
 [ 7. 13.]
 [ 6. 12.]
 [ 6.  6.]
 [12.  1.]
 [-1.  0.]
 [ 8. 14.]
 [ 7. 13.]
 [ 6.  6.]
 [12.  1.]
 [-1.  0.]
 [ 9. 15.]
 [ 8. 14.]
 [ 6.  6.]
 [12.  1.]
 [-1.  0.]
 [10. 16.]
 [ 9. 15.]
 [ 6.  6.]
 [12.  1.]
 [-1.  0.]
 [11. 17.]
 [10. 16.]
 [ 6.  6.]
 [12.  1.]
 [-1.  0.]
 [12. 17.]
 [11. 17.]
 [ 6.  6.]
 [12.  1.]
 [-1.  0.]
 [13. 17.]
 [12. 17.]
 [ 6.  6.]
 [12.  1.]
 [-1.  0.]
 [14. 17.]
 [13. 17.]
 [ 6.  6.]
 [12.  1.]
 [-1.  0.]
 [15. 17.]
 [14. 17.]
 [ 6.  6.]
 [12.  1.]
 [-1.  0.]
 [15. 17.]
 [14. 17.]
 [ 6.  6.]
 [12.  1.]
 [-1.  0.]
 [16. 17.]
 [15. 17.]
 [ 6.  6.]
 [12.  1.]]
