Maze:
##########################
#                        #
#                        #
#                        #
#                        #
#                        #
#     ##############     #
#     #          S #     #
#     #            #     #
#     #            #     #
#     #            #     #
#     #            #     #
#     #     D      #     #
#     #            #     #
#     #       C    #     #
#     #A           #     #
#     #            #     #
#     # B          #     #
#     #            #     #
#     ##############     #
#                        #
#                        #
#                        #
#                        #
#                        #
##########################
[[11.  1.]
 [ 1.  9.]
 [ 2. 11.]
 [ 8.  8.]
 [ 6.  6.]
 [12.  1.]
 [ 1.  8.]
 [ 2. 10.]
 [ 8.  7.]
 [ 6.  6.]
 [12.  1.]
 [ 1.  7.]
 [ 2.  9.]
 [ 7.  6.]
 [ 6.  6.]
 [12.  1.]
 [ 1.  6.]
 [ 2.  8.]
 [ 7.  6.]
 [ 6.  6.]
 [13.  1.]
 [ 1.  5.]
 [ 2.  7.]
 [ 7.  6.]
 [ 6.  6.]
 [13.  1.]
 [ 1.  4.]
 [ 2.  6.]
 [ 7.  6.]
 [ 6.  6.]
 [14.  1.]
 [ 1.  3.]
 [ 2.  5.]
 [ 7.  6.]
 [ 6.  6.]
 [14.  1.]
 [ 1.  2.]
 [ 2.  4.]
 [ 7.  6.]
 [ 6.  6.]
 [14.  1.]
 [ 1.  1.]
 [ 2.  3.]
 [ 7.  6.]
 [ 6.  6.]
 [15.  1.]
 [ 1.  0.]
 [ 2.  2.]
 [ 7.  6.]
 [ 6.  6.]
 [15.  1.]
 [ 1. -1.]
 [ 2.  1.]
 [ 7.  6.]
 [ 6.  6.]
 [15.  1.]
 [ 1. -2.]
 [ 2.  0.]
 [ 7.  6.]
 [ 6.  6.]
 [15.  1.]
 [ 1. -3.]
 [ 2. -1.]
 [ 7.  6.]
 [ 6.  6.]
 [15.  1.]
 [ 1. -4.]
 [ 2. -2.]
 [ 7.  6.]
 [ 6.  6.]
 [15.  1.]
 [ 1. -5.]
 [ 2. -3.]
 [ 7.  6.]
 [ 6.  6.]
 [15.  1.]
 [ 1. -5.]
 [ 2. -4.]
 [ 7.  6.]
 [ 6.  6.]
 [15.  1.]
 [ 0. -5.]
 [ 1. -5.]
 [ 7.  6.]
 [ 6.  6.]
 [15.  1.]
 [-1. -5.]
 [ 0. -5.]
 [ 7.  6.]
 [ 6.  6.]
 [15.  1.]
 [-2. -5.]
 [-1. -5.]
 [ 7.  6.]
 [ 6.  6.]
 [15.  1.]
 [-3. -5.]
 [-2. -5.]
 [ 7.  6.]
 [ 6.  6.]
 [15.  1.]
 [-3. -5.]
 [-2. -5.]
 [ 7.  6.]
 [ 6.  6.]
 [15.  1.]
 [-4. -5.]
 [-3. -5.]
 [ 7.  6.]
 [ 6.  6.]]
