Maze:
##########################
#                        #
#                        #
#                        #
#                        #
#                        #
#     ##############     #
#     #            #     #
#     #            #     #
#     #            #     #
#     #      A     #     #
#     #        D   #     #
#     #     C      #     #
#     #            #     #
#     #     B      #     #
#     #            #     #
#     #            #     #
#     #          S #     #
#     #            #     #
#     ##############     #
#                        #
#                        #
#                        #
#                        #
#                        #
##########################
[[11. 11.]
 [ 7.  4.]
 [ 6.  8.]
 [ 6.  6.]
 [ 9.  5.]
 [12. 12.]
 [ 8.  4.]
 [ 6.  7.]
 [ 6.  6.]
 [10.  5.]
 [12. 13.]
 [ 9.  4.]
 [ 6.  7.]
 [ 6.  6.]
 [11.  5.]
 [12. 14.]
 [10.  4.]
 [ 6.  7.]
 [ 6.  6.]
 [12.  5.]
 [12. 15.]
 [11.  4.]
 [ 6.  7.]
 [ 6.  6.]
 [13.  5.]
 [12. 16.]
 [12.  4.]
 [ 6.  7.]
 [ 6.  6.]
 [13.  5.]
 [12. 17.]
 [13.  5.]
 [ 6.  7.]
 [ 6.  6.]
 [14.  6.]
 [12. 17.]
 [14.  6.]
 [ 6.  7.]
 [ 6.  6.]
 [15.  7.]
 [12. 17.]
 [15.  7.]
 [ 6.  7.]
 [ 6.  6.]
 [16.  8.]
 [12. 17.]
 [16.  8.]
 [ 6.  7.]
 [ 6.  6.]
 [17.  9.]
 [12. 17.]
 [17.  9.]
 [ 6.  7.]
 [ 6.  6.]
 [17. 10.]
 [12. 17.]
 [17. 10.]
 [ 6.  7.]
 [ 6.  6.]
 [17. 11.]
 [12. 17.]
 [17. 11.]
 [ 6.  7.]
 [ 6.  6.]
 [17. 12.]
 [11. 17.]
 [17. 12.]
 [ 6.  7.]
 [ 6.  6.]
 [17. 13.]
 [10. 17.]
 [17. 13.]
 [ 6.  7.]
 [ 6.  6.]
 [17. 14.]
 [ 9. 17.]
 [17. 14.]
 [ 6.  7.]
 [ 6.  6.]
 [17. 15.]
 [ 8. 17.]
 [17. 15.]
 [ 6.  7.]
 [ 6.  6.]
 [17. 16.]
 [ 7. 17.]
 [17. 16.]
 [ 6.  7.]
 [ 6.  6.]
 [17. 17.]
 [ 6. 17.]
 [17. 16.]
 [ 6.  7.]
 [ 6.  6.]
 [17. 17.]
 [ 6. 17.]
 [17. 16.]
 [ 6.  7.]
 [ 6.  6.]
 [17. 17.]]
