Maze:
##########################
#                        #
#                        #
#                        #
#                        #
#                        #
#     ##############     #
#     #            #     #
#     #            #     #
#     #            #     #
#     #   B        #     #
#     #D           #     #
#     #     C      #     #
#     #            #     #
#     #            #     #
#     #            #     #
#     # S          #     #
#     #  A         #     #
#     #            #     #
#     ##############     #
#                        #
#                        #
#                        #
#                        #
#                        #
##########################
[[ 2. 10.]
 [ 3. 11.]
 [ 4.  4.]
 [ 6.  6.]
 [ 1.  5.]
 [ 1.  9.]
 [ 2. 10.]
 [ 4.  5.]
 [ 6.  6.]
 [ 0.  6.]
 [ 0.  8.]
 [ 1.  9.]
 [ 5.  6.]
 [ 6.  6.]
 [ 0.  7.]
 [ 0.  9.]
 [ 1.  9.]
 [ 5.  6.]
 [ 6.  6.]
 [ 0.  7.]
 [-1.  9.]
 [ 0.  9.]
 [ 5.  6.]
 [ 6.  6.]
 [ 0.  8.]
 [-2.  9.]
 [ 0.  9.]
 [ 5.  6.]
 [ 6.  6.]
 [ 0.  8.]
 [-3.  9.]
 [ 0.  9.]
 [ 5.  6.]
 [ 6.  6.]
 [ 0.  8.]
 [-4.  9.]
 [ 0.  8.]
 [ 5.  6.]
 [ 6.  6.]
 [-1.  7.]
 [-5.  9.]
 [-1.  8.]
 [ 5.  6.]
 [ 6.  6.]
 [-2.  7.]
 [-5.  9.]
 [-2.  8.]
 [ 5.  6.]
 [ 6.  6.]
 [-3.  7.]
 [-5. 10.]
 [-3.  8.]
 [ 5.  6.]
 [ 6.  6.]
 [-4.  7.]
 [-5. 11.]
 [-4.  8.]
 [ 5.  6.]
 [ 6.  6.]
 [-5.  7.]
 [-5. 12.]
 [-5.  8.]
 [ 5.  6.]
 [ 6.  6.]
 [-5.  7.]
 [-5. 13.]
 [-5.  7.]
 [ 5.  6.]
 [ 6.  6.]
 [-5.  6.]
 [-5. 14.]
 [-5.  6.]
 [ 5.  6.]
 [ 6.  6.]
 [-5.  5.]
 [-5. 15.]
 [-5.  5.]
 [ 5.  6.]
 [ 6.  6.]
 [-5.  4.]
 [-5. 16.]
 [-5.  4.]
 [ 5.  6.]
 [ 6.  6.]
 [-5.  3.]
 [-5. 16.]
 [-5.  3.]
 [ 5.  6.]
 [ 6.  6.]
 [-5.  2.]
 [-5. 16.]
 [-5.  2.]
 [ 5.  6.]
 [ 6.  6.]
 [-5.  1.]
 [-5. 16.]
 [-5.  1.]
 [ 5.  6.]
 [ 6.  6.]
 [-5.  0.]
 [-5. 16.]
 [-5.  1.]
 [ 5.  6.]
 [ 6.  6.]
 [-5.  0.]
 [-5. 16.]
 [-5.  0.]
 [ 5.  6.]
 [ 6.  6.]
 [-5. -1.]]
