Maze:
##########################
#                        #
#                        #
#                        #
#                        #
#                        #
#     ##############     #
#     #          C #     #
#     #            #     #
#     #           B#     #
#     #            #     #
#     #D           #     #
#     #     S      #     #
#     #            #     #
#     #            #     #
#     #            #     #
#     #            #     #
#     #        A   #     #
#     #            #     #
#     ##############     #
#                        #
#                        #
#                        #
#                        #
#                        #
##########################
[[ 6.  6.]
 [ 9. 11.]
 [12.  3.]
 [11.  1.]
 [ 1.  5.]
 [ 6.  6.]
 [ 8. 11.]
 [11.  2.]
 [10.  0.]
 [ 1.  5.]
 [ 6.  6.]
 [ 8. 10.]
 [10.  1.]
 [ 9. -1.]
 [ 1.  5.]
 [ 6.  6.]
 [ 7.  9.]
 [ 9.  0.]
 [ 8. -2.]
 [ 1.  5.]
 [ 6.  6.]
 [ 7.  8.]
 [ 8. -1.]
 [ 7. -3.]
 [ 1.  5.]
 [ 6.  6.]
 [ 7.  7.]
 [ 7. -2.]
 [ 6. -4.]
 [ 1.  5.]
 [ 6.  6.]
 [ 7.  7.]
 [ 6. -3.]
 [ 5. -5.]
 [ 1.  5.]
 [ 6.  6.]
 [ 7.  7.]
 [ 6. -4.]
 [ 5. -5.]
 [ 1.  5.]
 [ 6.  6.]
 [ 7.  7.]
 [ 5. -5.]
 [ 4. -5.]
 [ 1.  5.]
 [ 6.  6.]
 [ 7.  7.]
 [ 4. -5.]
 [ 3. -5.]
 [ 1.  5.]
 [ 6.  6.]
 [ 7.  7.]
 [ 3. -5.]
 [ 2. -5.]
 [ 1.  5.]
 [ 6.  6.]
 [ 7.  7.]
 [ 2. -5.]
 [ 1. -5.]
 [ 2.  5.]
 [ 6.  6.]
 [ 7.  7.]
 [ 1. -5.]
 [ 0. -5.]
 [ 3.  5.]
 [ 6.  6.]
 [ 7.  7.]
 [ 0. -5.]
 [-1. -5.]
 [ 4.  5.]
 [ 6.  6.]
 [ 7.  7.]
 [-1. -5.]
 [-2. -5.]
 [ 5.  5.]
 [ 6.  6.]
 [ 7.  7.]
 [-2. -5.]
 [-3. -5.]
 [ 5.  5.]
 [ 6.  6.]
 [ 7.  7.]
 [-3. -5.]
 [-4. -5.]
 [ 5.  5.]
 [ 6.  6.]
 [ 7.  7.]
 [-4. -5.]
 [-5. -5.]
 [ 5.  5.]
 [ 6.  6.]
 [ 7.  7.]
 [-4. -5.]
 [-5. -5.]
 [ 5.  5.]]
