Maze:
##########################
#                        #
#                        #
#                        #
#                        #
#                        #
#     ##############     #
#     #           D#     #
#     #   A        #     #
#     #         S  #     #
#     #            #     #
#     #            #     #
#     #     C      #     #
#     #            #     #
#     #            #     #
#     #            #     #
#     #        B   #     #
#     #            #     #
#     #            #     #
#     ##############     #
#                        #
#                        #
#                        #
#                        #
#                        #
##########################
[[10.  3.]
 [ 4.  2.]
 [ 9. 10.]
 [ 6.  6.]
 [12.  1.]
 [ 9.  4.]
 [ 5.  2.]
 [ 9.  9.]
 [ 6.  6.]
 [11.  2.]
 [ 8.  5.]
 [ 6.  2.]
 [ 9.  8.]
 [ 6.  6.]
 [10.  3.]
 [ 7.  6.]
 [ 7.  3.]
 [ 8.  7.]
 [ 6.  6.]
 [ 9.  4.]
 [ 7.  6.]
 [ 7.  4.]
 [ 8.  7.]
 [ 6.  6.]
 [ 8.  5.]
 [ 7.  6.]
 [ 7.  5.]
 [ 8.  7.]
 [ 6.  6.]
 [ 8.  5.]
 [ 6.  7.]
 [ 7.  5.]
 [ 8.  7.]
 [ 6.  6.]
 [ 7.  6.]
 [ 5.  7.]
 [ 7.  5.]
 [ 7.  7.]
 [ 6.  6.]
 [ 7.  6.]
 [ 4.  7.]
 [ 7.  6.]
 [ 7.  7.]
 [ 6.  6.]
 [ 6.  5.]
 [ 3.  7.]
 [ 7.  5.]
 [ 7.  6.]
 [ 6.  6.]
 [ 5.  5.]
 [ 2.  8.]
 [ 7.  4.]
 [ 7.  6.]
 [ 6.  6.]
 [ 4.  5.]
 [ 1.  9.]
 [ 7.  3.]
 [ 7.  6.]
 [ 6.  6.]
 [ 3.  5.]
 [ 0. 10.]
 [ 7.  2.]
 [ 7.  6.]
 [ 6.  6.]
 [ 2.  6.]
 [-1. 11.]
 [ 7.  1.]
 [ 7.  6.]
 [ 6.  6.]
 [ 1.  7.]
 [-2. 12.]
 [ 7.  1.]
 [ 7.  6.]
 [ 6.  6.]
 [ 0.  8.]
 [-2. 13.]
 [ 7.  0.]
 [ 7.  6.]
 [ 6.  6.]
 [ 0.  9.]
 [-2. 14.]
 [ 7.  0.]
 [ 7.  6.]
 [ 6.  6.]
 [ 0. 10.]
 [-2. 15.]
 [ 7.  0.]
 [ 7.  6.]
 [ 6.  6.]
 [ 0. 11.]
 [-2. 16.]
 [ 7.  0.]
 [ 7.  6.]
 [ 6.  6.]
 [ 0. 12.]
 [-2. 17.]
 [ 7.  0.]
 [ 7.  6.]
 [ 6.  6.]
 [ 0. 13.]
 [-2. 17.]
 [ 7.  0.]
 [ 7.  6.]
 [ 6.  6.]
 [ 0. 13.]
 [-2. 17.]
 [ 7.  0.]
 [ 7.  6.]
 [ 6.  6.]
 [ 0. 14.]]
