Maze:
##########################
#                        #
#                        #
#                        #
#                        #
#                        #
#     ##############     #
#     #         C  #     #
#     #            #     #
#     #            #     #
#     #      A     #     #
#     #            #     #
#     #    SB      #     #
#     #            #     #
#     #            #     #
#     #            #     #
#     #            #     #
#     #          D #     #
#     #            #     #
#     ##############     #
#                        #
#                        #
#                        #
#                        #
#                        #
##########################
[[ 5.  6.]
 [ 7.  4.]
 [ 6.  6.]
 [10.  1.]
 [11. 11.]
 [ 4.  6.]
 [ 6.  4.]
 [ 6.  6.]
 [11.  0.]
 [11. 11.]
 [ 3.  6.]
 [ 5.  3.]
 [ 6.  6.]
 [11.  0.]
 [11. 11.]
 [ 2.  6.]
 [ 4.  3.]
 [ 6.  6.]
 [11.  0.]
 [11. 11.]
 [ 1.  6.]
 [ 3.  3.]
 [ 6.  6.]
 [11.  0.]
 [11. 11.]
 [ 0.  7.]
 [ 2.  4.]
 [ 6.  6.]
 [11.  0.]
 [11. 11.]
 [-1.  8.]
 [ 1.  5.]
 [ 6.  6.]
 [11.  0.]
 [11. 11.]
 [-2.  9.]
 [ 0.  6.]
 [ 6.  6.]
 [11.  0.]
 [11. 11.]
 [-3. 10.]
 [-1.  7.]
 [ 6.  6.]
 [11.  0.]
 [11. 11.]
 [-4. 11.]
 [-2.  8.]
 [ 6.  6.]
 [11.  0.]
 [11. 11.]
 [-5. 12.]
 [-3.  9.]
 [ 6.  6.]
 [11.  0.]
 [11. 11.]
 [-5. 13.]
 [-4. 10.]
 [ 6.  6.]
 [11.  0.]
 [11. 11.]
 [-5. 14.]
 [-4. 11.]
 [ 6.  6.]
 [11.  0.]
 [11. 11.]
 [-5. 15.]
 [-4. 12.]
 [ 6.  6.]
 [11.  0.]
 [11. 11.]
 [-5. 16.]
 [-4. 13.]
 [ 6.  6.]
 [11.  0.]
 [11. 11.]
 [-5. 17.]
 [-4. 14.]
 [ 6.  6.]
 [11.  0.]
 [11. 11.]
 [-5. 17.]
 [-4. 15.]
 [ 6.  6.]
 [11.  0.]
 [11. 11.]
 [-5. 17.]
 [-4. 16.]
 [ 6.  6.]
 [11.  0.]
 [11. 11.]
 [-5. 17.]
 [-4. 16.]
 [ 6.  6.]
 [11.  0.]
 [11. 11.]]
