Maze:
##########################
#                        #
#                        #
#                        #
#                        #
#                        #
#     ##############     #
#     #            #     #
#     #  A         #     #
#     #          D #     #
#     # S          #     #
#     #            #     #
#     #     B      #     #
#     #            #     #
#     #       C    #     #
#     #            #     #
#     #            #     #
#     #            #     #
#     #            #     #
#     ##############     #
#                        #
#                        #
#                        #
#                        #
#                        #
##########################
[[ 2.  4.]
 [ 3.  2.]
 [ 6.  6.]
 [ 8.  8.]
 [11.  3.]
 [ 2.  3.]
 [ 3.  1.]
 [ 6.  6.]
 [ 9.  9.]
 [10.  4.]
 [ 2.  2.]
 [ 3.  0.]
 [ 6.  6.]
 [10.  9.]
 [ 9.  5.]
 [ 2.  1.]
 [ 3. -1.]
 [ 6.  6.]
 [11.  8.]
 [ 9.  6.]
 [ 2.  0.]
 [ 3. -2.]
 [ 6.  6.]
 [11.  8.]
 [ 9.  6.]
 [ 2. -1.]
 [ 3. -3.]
 [ 6.  6.]
 [11.  8.]
 [ 9.  6.]
 [ 2. -2.]
 [ 3. -4.]
 [ 6.  6.]
 [11.  8.]
 [ 9.  6.]
 [ 2. -3.]
 [ 3. -5.]
 [ 6.  6.]
 [11.  8.]
 [ 9.  6.]
 [ 2. -4.]
 [ 3. -5.]
 [ 6.  6.]
 [11.  8.]
 [ 9.  6.]
 [ 3. -5.]
 [ 4. -5.]
 [ 6.  6.]
 [11.  8.]
 [ 9.  6.]
 [ 4. -5.]
 [ 5. -5.]
 [ 6.  6.]
 [11.  8.]
 [ 9.  6.]
 [ 5. -5.]
 [ 6. -5.]
 [ 6.  6.]
 [11.  8.]
 [ 9.  6.]
 [ 6. -5.]
 [ 7. -5.]
 [ 6.  6.]
 [11.  8.]
 [ 9.  6.]
 [ 7. -5.]
 [ 8. -5.]
 [ 6.  6.]
 [11.  8.]
 [ 9.  6.]
 [ 8. -5.]
 [ 9. -5.]
 [ 6.  6.]
 [11.  8.]
 [ 9.  6.]
 [ 9. -5.]
 [10. -5.]
 [ 6.  6.]
 [11.  8.]
 [ 9.  6.]
 [10. -5.]
 [11. -5.]
 [ 6.  6.]
 [11.  8.]
 [ 9.  6.]
 [11. -5.]
 [12. -5.]
 [ 6.  6.]
 [11.  8.]
 [ 9.  6.]
 [12. -5.]
 [13. -5.]
 [ 6.  6.]
 [11.  8.]
 [ 9.  6.]
 [13. -5.]
 [14. -5.]
 [ 6.  6.]
 [11.  8.]
 [ 9.  6.]
 [13. -5.]
 [14. -5.]
 [ 6.  6.]
 [11.  8.]
 [ 9.  6.]
 [14. -5.]
 [15. -5.]
 [ 6.  6.]
 [11.  8.]
 [ 9.  6.]]
