Maze:
##########################
#                        #
#                        #
#                        #
#                        #
#                        #
#     ##############     #
#     #            #     #
#     #           A#     #
#     #            #     #
#     #            #     #
#     #            #     #
#     #     D      #     #
#     #  C         #     #
#     #            #     #
#     #            #     #
#     #         S  #     #
#     #            #     #
#     #          B #     #
#     ##############     #
#                        #
#                        #
#                        #
#                        #
#                        #
##########################
[[10. 10.]
 [12.  2.]
 [11. 12.]
 [ 3.  7.]
 [ 6.  6.]
 [10.  9.]
 [12.  2.]
 [11. 11.]
 [ 4.  6.]
 [ 6.  6.]
 [10.  8.]
 [12.  2.]
 [11. 10.]
 [ 5.  6.]
 [ 6.  6.]
 [10.  7.]
 [12.  1.]
 [11.  9.]
 [ 5.  6.]
 [ 6.  6.]
 [10.  6.]
 [12.  0.]
 [11.  8.]
 [ 5.  6.]
 [ 6.  6.]
 [10.  5.]
 [12. -1.]
 [11.  7.]
 [ 5.  6.]
 [ 6.  6.]
 [10.  4.]
 [12. -2.]
 [11.  6.]
 [ 5.  6.]
 [ 6.  6.]
 [10.  3.]
 [12. -3.]
 [11.  5.]
 [ 5.  6.]
 [ 6.  6.]
 [10.  2.]
 [12. -4.]
 [11.  4.]
 [ 5.  6.]
 [ 6.  6.]
 [10.  1.]
 [12. -5.]
 [11.  3.]
 [ 5.  6.]
 [ 6.  6.]
 [10.  0.]
 [12. -5.]
 [11.  2.]
 [ 5.  6.]
 [ 6.  6.]
 [10. -1.]
 [12. -5.]
 [11.  1.]
 [ 5.  6.]
 [ 6.  6.]
 [10. -2.]
 [12. -5.]
 [11.  0.]
 [ 5.  6.]
 [ 6.  6.]
 [10. -3.]
 [12. -5.]
 [11. -1.]
 [ 5.  6.]
 [ 6.  6.]
 [10. -4.]
 [13. -5.]
 [10. -2.]
 [ 5.  6.]
 [ 6.  6.]
 [10. -5.]
 [14. -5.]
 [10. -3.]
 [ 5.  6.]
 [ 6.  6.]
 [10. -5.]
 [15. -5.]
 [10. -4.]
 [ 5.  6.]
 [ 6.  6.]
 [10. -5.]
 [16. -5.]
 [10. -4.]
 [ 5.  6.]
 [ 6.  6.]
 [10. -5.]
 [17. -5.]
 [10. -4.]
 [ 5.  6.]
 [ 6.  6.]
 [10. -5.]
 [17. -5.]
 [10. -4.]
 [ 5.  6.]
 [ 6.  6.]]
