Maze:
##########################
#                        #
#                        #
#                        #
#                        #
#                        #
#     ##############     #
#     #         B  #     #
#     #            #     #
#     #            #     #
#     #            #     #
#     #            #     #
#     #     D      #     #
#     #            #     #
#     #        A   #     #
#     #            #     #
#     #C           #     #
#     #            #     #
#     #       S    #     #
#     ##############     #
#                        #
#                        #
#                        #
#                        #
#                        #
##########################
[[ 8. 12.]
 [ 9.  8.]
 [10.  1.]
 [ 1. 10.]
 [ 6.  6.]
 [ 8. 11.]
 [ 9.  7.]
 [10.  0.]
 [ 1. 10.]
 [ 6.  6.]
 [ 8. 10.]
 [ 9.  6.]
 [10. -1.]
 [ 1. 10.]
 [ 6.  6.]
 [ 8.  9.]
 [ 9.  6.]
 [10. -1.]
 [ 1. 10.]
 [ 6.  6.]
 [ 8.  8.]
 [ 9.  5.]
 [10. -1.]
 [ 1. 10.]
 [ 6.  6.]
 [ 8.  7.]
 [ 9.  4.]
 [10. -2.]
 [ 1. 10.]
 [ 6.  6.]
 [ 8.  6.]
 [ 9.  4.]
 [10. -3.]
 [ 1. 10.]
 [ 6.  6.]
 [ 8.  5.]
 [ 9.  3.]
 [10. -3.]
 [ 1. 10.]
 [ 6.  6.]
 [ 8.  4.]
 [10.  2.]
 [10. -3.]
 [ 1. 10.]
 [ 6.  6.]
 [ 9.  4.]
 [11.  2.]
 [10. -4.]
 [ 1. 10.]
 [ 6.  6.]
 [10.  3.]
 [12.  2.]
 [10. -4.]
 [ 1. 10.]
 [ 6.  6.]
 [11.  3.]
 [13.  2.]
 [10. -4.]
 [ 1. 10.]
 [ 6.  6.]
 [12.  3.]
 [14.  2.]
 [10. -4.]
 [ 1. 10.]
 [ 6.  6.]
 [13.  3.]
 [15.  2.]
 [10. -4.]
 [ 1. 10.]
 [ 6.  6.]
 [14.  3.]
 [16.  2.]
 [10. -4.]
 [ 1. 10.]
 [ 6.  6.]
 [15.  3.]
 [17.  2.]
 [10. -4.]
 [ 1. 10.]
 [ 6.  6.]
 [16.  3.]
 [17.  2.]
 [10. -4.]
 [ 1. 10.]
 [ 6.  6.]
 [17.  2.]
 [17.  1.]
 [10. -4.]
 [ 1. 10.]
 [ 6.  6.]
 [17.  1.]
 [17.  0.]
 [10. -4.]
 [ 1. 10.]
 [ 6.  6.]
 [17.  0.]
 [17. -1.]
 [10. -4.]
 [ 1. 10.]
 [ 6.  6.]
 [17.  0.]
 [17. -1.]
 [10. -4.]
 [ 1. 10.]
 [ 6.  6.]
 [17. -1.]
 [17. -2.]
 [10. -4.]
 [ 1. 10.]
 [ 6.  6.]]
