Maze:
##########################
#                        #
#                        #
#                        #
#                        #
#                        #
#     ##############     #
#     #      S     #     #
#     #            #     #
#     #           A#     #
#     #            #     #
#     #            #     #
#     #     C      #     #
#     #            #     #
#     #            #     #
#     #  D         #     #
#     #            #     #
#     #         B  #     #
#     #            #     #
#     ##############     #
#                        #
#                        #
#                        #
#                        #
#                        #
##########################
[[ 7.  1.]
 [12.  3.]
 [10. 11.]
 [ 6.  6.]
 [ 3.  9.]
 [ 8.  1.]
 [13.  3.]
 [10. 11.]
 [ 6.  6.]
 [ 4.  8.]
 [ 9.  1.]
 [14.  3.]
 [10. 11.]
 [ 6.  6.]
 [ 5.  7.]
 [10.  1.]
 [15.  3.]
 [10. 11.]
 [ 6.  6.]
 [ 5.  7.]
 [11.  1.]
 [16.  3.]
 [10. 11.]
 [ 6.  6.]
 [ 5.  7.]
 [12.  1.]
 [17.  3.]
 [10. 11.]
 [ 6.  6.]
 [ 5.  7.]
 [13.  1.]
 [17.  3.]
 [10. 11.]
 [ 6.  6.]
 [ 5.  7.]
 [14.  1.]
 [17.  3.]
 [10. 11.]
 [ 6.  6.]
 [ 5.  7.]
 [15.  1.]
 [17.  3.]
 [10. 11.]
 [ 6.  6.]
 [ 5.  7.]
 [16.  2.]
 [17.  4.]
 [10. 11.]
 [ 6.  6.]
 [ 5.  7.]
 [16.  3.]
 [17.  5.]
 [10. 11.]
 [ 6.  6.]
 [ 5.  7.]
 [16.  4.]
 [17.  6.]
 [10. 11.]
 [ 6.  6.]
 [ 5.  7.]
 [16.  5.]
 [17.  7.]
 [10. 11.]
 [ 6.  6.]
 [ 5.  7.]
 [16.  6.]
 [17.  8.]
 [10. 11.]
 [ 6.  6.]
 [ 5.  7.]
 [17.  7.]
 [17.  9.]
 [10. 11.]
 [ 6.  6.]
 [ 5.  7.]
 [17.  8.]
 [17. 10.]
 [10. 11.]
 [ 6.  6.]
 [ 5.  7.]
 [17.  9.]
 [17. 11.]
 [10. 11.]
 [ 6.  6.]
 [ 5.  7.]
 [17. 10.]
 [17. 12.]
 [10. 11.]
 [ 6.  6.]
 [ 5.  7.]
 [17. 11.]
 [17. 13.]
 [10. 11.]
 [ 6.  6.]
 [ 5.  7.]
 [17. 12.]
 [17. 14.]
 [10. 11.]
 [ 6.  6.]
 [ 5.  7.]
 [17. 12.]
 [17. 14.]
 [10. 11.]
 [ 6.  6.]
 [ 5.  7.]
 [17. 13.]
 [17. 15.]
 [11. 11.]
 [ 6.  6.]
 [ 5.  7.]]
