Maze:
##########################
#                        #
#                        #
#                        #
#                        #
#                        #
#     ##############     #
#     #            #     #
#     #            #     #
#     #   B        #     #
#     #            #     #
#     # C          #     #
#     #     D      #     #
#     #          A #     #
#     #            #     #
#     #            #     #
#     #            #     #
#     #     S      #     #
#     #            #     #
#     ##############     #
#                        #
#                        #
#                        #
#                        #
#                        #
##########################
[[ 6. 11.]
 [11.  7.]
 [ 4.  3.]
 [ 2.  5.]
 [ 6.  6.]
 [ 7. 11.]
 [11.  7.]
 [ 3.  2.]
 [ 2.  6.]
 [ 6.  6.]
 [ 8. 10.]
 [11.  7.]
 [ 2.  1.]
 [ 3.  7.]
 [ 6.  6.]
 [ 9.  9.]
 [12.  7.]
 [ 2.  1.]
 [ 4.  7.]
 [ 6.  6.]
 [10.  8.]
 [13.  7.]
 [ 2.  1.]
 [ 5.  7.]
 [ 6.  6.]
 [11.  8.]
 [14.  7.]
 [ 2.  1.]
 [ 5.  7.]
 [ 6.  6.]
 [12.  8.]
 [15.  7.]
 [ 2.  1.]
 [ 5.  7.]
 [ 6.  6.]
 [13.  8.]
 [16.  7.]
 [ 2.  1.]
 [ 5.  7.]
 [ 6.  6.]
 [14.  8.]
 [17.  7.]
 [ 2.  1.]
 [ 5.  7.]
 [ 6.  6.]
 [15.  8.]
 [17.  7.]
 [ 2.  1.]
 [ 5.  7.]
 [ 6.  6.]
 [16.  8.]
 [17.  7.]
 [ 2.  1.]
 [ 5.  7.]
 [ 6.  6.]
 [17.  7.]
 [17.  6.]
 [ 2.  1.]
 [ 5.  7.]
 [ 6.  6.]
 [17.  6.]
 [17.  5.]
 [ 2.  1.]
 [ 5.  7.]
 [ 6.  6.]
 [17.  5.]
 [17.  4.]
 [ 2.  1.]
 [ 5.  7.]
 [ 6.  6.]
 [17.  4.]
 [17.  3.]
 [ 2.  1.]
 [ 5.  7.]
 [ 6.  6.]
 [17.  3.]
 [17.  2.]
 [ 2.  1.]
 [ 5.  7.]
 [ 6.  6.]
 [17.  2.]
 [17.  1.]
 [ 2.  1.]
 [ 5.  7.]
 [ 6.  6.]
 [17.  1.]
 [17.  0.]
 [ 2.  1.]
 [ 5.  7.]
 [ 6.  6.]
 [17.  0.]
 [17. -1.]
 [ 2.  1.]
 [ 5.  7.]
 [ 6.  6.]
 [17. -1.]
 [17. -2.]
 [ 2.  1.]
 [ 5.  7.]
 [ 6.  6.]
 [17. -1.]
 [17. -2.]
 [ 2.  1.]
 [ 5.  7.]
 [ 6.  6.]
 [17. -2.]
 [17. -3.]
 [ 2.  1.]
 [ 5.  7.]
 [ 6.  6.]]
