Maze:
##########################
#                        #
#                        #
#                        #
#                        #
#                        #
#     ##############     #
#     #  B         #     #
#     #            #     #
#     #            #     #
#     #            #     #
#     #   D        #     #
#     #     C      #     #
#     #          A #     #
#     #            #     #
#     #            #     #
#     #            #     #
#     #        S   #     #
#     #            #     #
#     ##############     #
#                        #
#                        #
#                        #
#                        #
#                        #
##########################
[[ 9. 11.]
 [11.  7.]
 [ 3.  1.]
 [ 6.  6.]
 [ 4.  5.]
 [ 9. 10.]
 [12.  7.]
 [ 3.  0.]
 [ 6.  6.]
 [ 5.  5.]
 [10.  9.]
 [13.  7.]
 [ 3. -1.]
 [ 6.  6.]
 [ 5.  5.]
 [11.  8.]
 [14.  7.]
 [ 3. -1.]
 [ 6.  6.]
 [ 5.  5.]
 [12.  8.]
 [15.  7.]
 [ 3. -1.]
 [ 6.  6.]
 [ 5.  5.]
 [13.  8.]
 [16.  7.]
 [ 3. -1.]
 [ 6.  6.]
 [ 5.  5.]
 [14.  8.]
 [17.  7.]
 [ 3. -1.]
 [ 6.  6.]
 [ 5.  5.]
 [15.  8.]
 [17.  7.]
 [ 3. -1.]
 [ 6.  6.]
 [ 5.  5.]
 [16.  8.]
 [17.  7.]
 [ 3. -1.]
 [ 6.  6.]
 [ 5.  5.]
 [17.  7.]
 [17.  6.]
 [ 3. -1.]
 [ 6.  6.]
 [ 5.  5.]
 [17.  6.]
 [17.  5.]
 [ 3. -1.]
 [ 6.  6.]
 [ 5.  5.]
 [17.  5.]
 [17.  4.]
 [ 3. -1.]
 [ 6.  6.]
 [ 5.  5.]
 [17.  4.]
 [17.  3.]
 [ 3. -1.]
 [ 6.  6.]
 [ 5.  5.]
 [17.  3.]
 [17.  2.]
 [ 3. -1.]
 [ 6.  6.]
 [ 5.  5.]
 [17.  2.]
 [17.  1.]
 [ 3. -1.]
 [ 6.  6.]
 [ 5.  5.]
 [17.  1.]
 [17.  0.]
 [ 3. -1.]
 [ 6.  6.]
 [ 5.  5.]
 [17.  0.]
 [17. -1.]
 [ 3. -1.]
 [ 6.  6.]
 [ 5.  5.]
 [17. -1.]
 [17. -2.]
 [ 3. -1.]
 [ 6.  6.]
 [ 5.  5.]
 [17. -2.]
 [17. -3.]
 [ 3. -1.]
 [ 6.  6.]
 [ 5.  5.]
 [17. -3.]
 [17. -4.]
 [ 3. -1.]
 [ 6.  6.]
 [ 5.  5.]
 [17. -3.]
 [17. -4.]
 [ 3. -1.]
 [ 6.  6.]
 [ 5.  5.]
 [17. -4.]
 [17. -5.]
 [ 3. -1.]
 [ 6.  6.]
 [ 5.  5.]]
