Maze:
##########################
#                        #
#                        #
#                        #
#                        #
#                        #
#     ##############     #
#     #            #     #
#     #            #     #
#     #            #     #
#     #            #     #
#     #            #     #
#     #   A D      #     #
#     #       C    #     #
#     #            #     #
#     #            #     #
#     #    B       #     #
#     #S           #     #
#     #            #     #
#     ##############     #
#                        #
#                        #
#                        #
#                        #
#                        #
##########################
[[ 1. 11.]
 [ 4.  6.]
 [ 5. 10.]
 [ 8.  7.]
 [ 6.  6.]
 [ 0. 11.]
 [ 4.  5.]
 [ 5. 11.]
 [ 7.  6.]
 [ 6.  6.]
 [ 0. 11.]
 [ 3.  4.]
 [ 4. 12.]
 [ 7.  6.]
 [ 6.  6.]
 [-1. 10.]
 [ 3.  3.]
 [ 3. 12.]
 [ 7.  6.]
 [ 6.  6.]
 [-2.  9.]
 [ 3.  2.]
 [ 2. 12.]
 [ 7.  6.]
 [ 6.  6.]
 [-2.  8.]
 [ 3.  1.]
 [ 1. 12.]
 [ 7.  6.]
 [ 6.  6.]
 [-2.  7.]
 [ 3.  1.]
 [ 0. 12.]
 [ 7.  6.]
 [ 6.  6.]
 [-2.  6.]
 [ 3.  1.]
 [-1. 12.]
 [ 7.  6.]
 [ 6.  6.]
 [-2.  5.]
 [ 3.  1.]
 [-1. 12.]
 [ 7.  6.]
 [ 6.  6.]
 [-2.  4.]
 [ 3.  0.]
 [-1. 12.]
 [ 7.  6.]
 [ 6.  6.]
 [-2.  3.]
 [ 3.  0.]
 [-1. 12.]
 [ 7.  6.]
 [ 6.  6.]
 [-1.  2.]
 [ 3.  0.]
 [-1. 12.]
 [ 7.  6.]
 [ 6.  6.]
 [ 0.  1.]
 [ 3. -1.]
 [-1. 12.]
 [ 7.  6.]
 [ 6.  6.]
 [ 1.  0.]
 [ 4. -2.]
 [-1. 12.]
 [ 7.  6.]
 [ 6.  6.]
 [ 2. -1.]
 [ 5. -3.]
 [-1. 12.]
 [ 7.  6.]
 [ 6.  6.]
 [ 3. -2.]
 [ 6. -4.]
 [-1. 12.]
 [ 7.  6.]
 [ 6.  6.]
 [ 4. -3.]
 [ 7. -5.]
 [-1. 12.]
 [ 7.  6.]
 [ 6.  6.]
 [ 5. -4.]
 [ 8. -5.]
 [-1. 12.]
 [ 7.  6.]
 [ 6.  6.]
 [ 6. -4.]
 [ 9. -5.]
 [-1. 12.]
 [ 7.  6.]
 [ 6.  6.]
 [ 7. -4.]
 [10. -5.]
 [-1. 12.]
 [ 7.  6.]
 [ 6.  6.]
 [ 7. -4.]
 [10. -5.]
 [-1. 12.]
 [ 7.  6.]
 [ 6.  6.]
 [ 8. -4.]
 [11. -5.]
 [-1. 12.]
 [ 7.  6.]
 [ 6.  6.]]
