Maze:
##########################
#                        #
#                        #
#                        #
#                        #
#                        #
#     ##############     #
#     #            #     #
#     # A          #     #
#     #            #     #
#     #            #     #
#     #            #     #
#     #     D      #     #
#     #          B #     #
#     #S           #     #
#     #        C   #     #
#     #            #     #
#     #            #     #
#     #            #     #
#     ##############     #
#                        #
#                        #
#                        #
#                        #
#                        #
##########################
[[ 1.  8.]
 [ 2.  2.]
 [11.  7.]
 [ 9.  9.]
 [ 6.  6.]
 [ 1.  8.]
 [ 2.  3.]
 [12.  6.]
 [ 9.  8.]
 [ 6.  6.]
 [ 1.  8.]
 [ 2.  4.]
 [13.  6.]
 [ 9.  7.]
 [ 6.  6.]
 [ 1.  9.]
 [ 2.  5.]
 [14.  6.]
 [ 9.  6.]
 [ 6.  6.]
 [ 1. 10.]
 [ 2.  6.]
 [15.  6.]
 [ 8.  6.]
 [ 6.  6.]
 [ 1. 11.]
 [ 2.  7.]
 [15.  6.]
 [ 7.  6.]
 [ 6.  6.]
 [ 1. 12.]
 [ 2.  8.]
 [15.  6.]
 [ 7.  6.]
 [ 6.  6.]
 [ 1. 13.]
 [ 2.  9.]
 [15.  6.]
 [ 7.  6.]
 [ 6.  6.]
 [ 1. 14.]
 [ 2. 10.]
 [15.  6.]
 [ 7.  6.]
 [ 6.  6.]
 [ 1. 15.]
 [ 2. 11.]
 [15.  6.]
 [ 7.  6.]
 [ 6.  6.]
 [ 1. 16.]
 [ 2. 12.]
 [15.  6.]
 [ 7.  6.]
 [ 6.  6.]
 [ 1. 17.]
 [ 2. 13.]
 [15.  6.]
 [ 7.  6.]
 [ 6.  6.]
 [ 1. 17.]
 [ 2. 14.]
 [15.  6.]
 [ 7.  6.]
 [ 6.  6.]
 [ 1. 17.]
 [ 2. 15.]
 [15.  6.]
 [ 7.  6.]
 [ 6.  6.]
 [ 1. 17.]
 [ 2. 16.]
 [15.  6.]
 [ 7.  6.]
 [ 6.  6.]
 [ 0. 17.]
 [ 1. 17.]
 [15.  6.]
 [ 7.  6.]
 [ 6.  6.]
 [-1. 17.]
 [ 0. 17.]
 [15.  6.]
 [ 7.  6.]
 [ 6.  6.]
 [-2. 17.]
 [-1. 17.]
 [15.  6.]
 [ 7.  6.]
 [ 6.  6.]
 [-3. 17.]
 [-2. 17.]
 [15.  6.]
 [ 7.  6.]
 [ 6.  6.]
 [-4. 17.]
 [-3. 17.]
 [15.  6.]
 [ 7.  6.]
 [ 6.  6.]
 [-4. 17.]
 [-3. 17.]
 [15.  6.]
 [ 7.  6.]
 [ 6.  6.]
 [-5. 17.]
 [-4. 17.]
 [15.  6.]
 [ 7.  6.]
 [ 6.  6.]]
