Maze:
##########################
#                        #
#                        #
#                        #
#                        #
#                        #
#     ##############     #
#     #            #     #
#     #            #     #
#     #  A         #     #
#     #            #     #
#     #            #     #
#     #     CS     #     #
#     #            #     #
#     #          B #     #
#     #            #     #
#     #            #     #
#     #         D  #     #
#     #            #     #
#     ##############     #
#                        #
#                        #
#                        #
#                        #
#                        #
##########################
[[ 7.  6.]
 [ 3.  3.]
 [11.  8.]
 [ 6.  6.]
 [10. 11.]
 [ 8.  6.]
 [ 3.  3.]
 [12.  8.]
 [ 6.  6.]
 [11. 12.]
 [ 9.  6.]
 [ 2.  2.]
 [13.  8.]
 [ 6.  6.]
 [11. 13.]
 [10.  6.]
 [ 2.  2.]
 [13.  8.]
 [ 6.  6.]
 [11. 14.]
 [11.  6.]
 [ 2.  2.]
 [14.  8.]
 [ 6.  6.]
 [11. 14.]
 [12.  7.]
 [ 2.  2.]
 [14.  8.]
 [ 6.  6.]
 [11. 14.]
 [13.  7.]
 [ 2.  2.]
 [15.  8.]
 [ 6.  6.]
 [11. 15.]
 [14.  7.]
 [ 2.  2.]
 [16.  8.]
 [ 6.  6.]
 [11. 15.]
 [15.  7.]
 [ 2.  2.]
 [17.  8.]
 [ 6.  6.]
 [11. 15.]
 [16.  7.]
 [ 2.  2.]
 [17.  8.]
 [ 6.  6.]
 [11. 15.]
 [17.  8.]
 [ 2.  2.]
 [17.  9.]
 [ 6.  6.]
 [11. 15.]
 [17.  9.]
 [ 2.  2.]
 [17. 10.]
 [ 6.  6.]
 [11. 15.]
 [17. 10.]
 [ 2.  2.]
 [17. 11.]
 [ 6.  6.]
 [11. 15.]
 [17. 11.]
 [ 2.  2.]
 [17. 12.]
 [ 6.  6.]
 [11. 15.]
 [17. 12.]
 [ 2.  2.]
 [17. 13.]
 [ 6.  6.]
 [11. 15.]
 [17. 13.]
 [ 2.  2.]
 [17. 14.]
 [ 6.  6.]
 [11. 15.]
 [17. 14.]
 [ 2.  2.]
 [17. 15.]
 [ 6.  6.]
 [11. 15.]
 [17. 15.]
 [ 2.  2.]
 [17. 16.]
 [ 6.  6.]
 [10. 15.]
 [17. 16.]
 [ 2.  2.]
 [17. 17.]
 [ 6.  6.]
 [10. 15.]
 [17. 16.]
 [ 2.  2.]
 [17. 17.]
 [ 6.  6.]
 [10. 15.]]
