Maze:
##########################
#                        #
#                        #
#                        #
#                        #
#                        #
#     ##############     #
#     #            #     #
#     #            #     #
#     #   C        #     #
#     #            #     #
#     #            #     #
#     #     A      #     #
#     #       S    #     #
#     #      D     #     #
#     #           B#     #
#     #            #     #
#     #            #     #
#     #            #     #
#     ##############     #
#                        #
#                        #
#                        #
#                        #
#                        #
##########################
[[ 8.  7.]
 [ 6.  6.]
 [12.  9.]
 [ 4.  3.]
 [ 7.  8.]
 [ 8.  8.]
 [ 6.  6.]
 [13.  9.]
 [ 5.  4.]
 [ 6.  9.]
 [ 8.  9.]
 [ 6.  6.]
 [13.  9.]
 [ 6.  5.]
 [ 5.  9.]
 [ 8. 10.]
 [ 6.  6.]
 [13.  9.]
 [ 6.  5.]
 [ 4.  9.]
 [ 8. 11.]
 [ 6.  6.]
 [13.  9.]
 [ 6.  5.]
 [ 3.  9.]
 [ 8. 11.]
 [ 6.  6.]
 [13.  9.]
 [ 6.  5.]
 [ 2.  9.]
 [ 8. 11.]
 [ 6.  6.]
 [13.  9.]
 [ 6.  5.]
 [ 1.  9.]
 [ 8. 11.]
 [ 6.  6.]
 [13.  9.]
 [ 6.  5.]
 [ 0.  9.]
 [ 9. 11.]
 [ 6.  6.]
 [13.  9.]
 [ 6.  5.]
 [ 0.  9.]
 [10. 11.]
 [ 6.  6.]
 [13.  9.]
 [ 6.  5.]
 [ 0.  9.]
 [11. 11.]
 [ 6.  6.]
 [14.  9.]
 [ 6.  5.]
 [ 0.  9.]
 [12. 11.]
 [ 6.  6.]
 [14.  9.]
 [ 6.  4.]
 [ 0.  9.]
 [13. 10.]
 [ 6.  6.]
 [15.  9.]
 [ 6.  4.]
 [ 0.  9.]
 [14. 10.]
 [ 6.  6.]
 [16.  9.]
 [ 6.  4.]
 [ 0.  9.]
 [15. 10.]
 [ 6.  6.]
 [17.  9.]
 [ 6.  4.]
 [ 0.  9.]
 [16. 10.]
 [ 6.  6.]
 [17.  9.]
 [ 6.  4.]
 [ 0.  9.]
 [17.  9.]
 [ 6.  6.]
 [17.  8.]
 [ 6.  4.]
 [ 0.  9.]
 [17.  8.]
 [ 6.  6.]
 [17.  7.]
 [ 6.  4.]
 [ 0.  9.]
 [17.  7.]
 [ 6.  6.]
 [17.  6.]
 [ 6.  4.]
 [ 0.  9.]
 [17.  6.]
 [ 6.  6.]
 [17.  5.]
 [ 6.  4.]
 [ 0.  9.]
 [17.  6.]
 [ 6.  6.]
 [17.  5.]
 [ 6.  4.]
 [ 0.  9.]
 [17.  5.]
 [ 6.  6.]
 [17.  4.]
 [ 6.  4.]
 [ 0.  9.]]
