Maze:
##########################
#                        #
#                        #
#                        #
#                        #
#                        #
#     ##############     #
#     #            #     #
#     #            #     #
#     #            #     #
#     #            #     #
#     #     S      #     #
#     #     A   D  #     #
#     #   C        #     #
#     #            #     #
#     #       B    #     #
#     #            #     #
#     #            #     #
#     #            #     #
#     ##############     #
#                        #
#                        #
#                        #
#                        #
#                        #
##########################
[[ 6.  5.]
 [ 6.  6.]
 [ 8.  9.]
 [ 4.  7.]
 [10.  6.]
 [ 6.  4.]
 [ 6.  6.]
 [ 9. 10.]
 [ 5.  7.]
 [11.  6.]
 [ 6.  3.]
 [ 6.  6.]
 [10. 11.]
 [ 6.  7.]
 [12.  6.]
 [ 6.  2.]
 [ 6.  6.]
 [10. 12.]
 [ 7.  8.]
 [13.  6.]
 [ 6.  1.]
 [ 6.  6.]
 [10. 13.]
 [ 8.  8.]
 [14.  6.]
 [ 6.  0.]
 [ 6.  6.]
 [10. 14.]
 [ 9.  9.]
 [15.  6.]
 [ 6.  0.]
 [ 6.  6.]
 [10. 15.]
 [ 9. 10.]
 [15.  6.]
 [ 6.  0.]
 [ 6.  6.]
 [10. 16.]
 [ 9. 11.]
 [15.  6.]
 [ 6.  0.]
 [ 6.  6.]
 [10. 17.]
 [ 9. 12.]
 [15.  6.]
 [ 6.  0.]
 [ 6.  6.]
 [10. 17.]
 [ 9. 13.]
 [15.  6.]
 [ 6.  0.]
 [ 6.  6.]
 [10. 17.]
 [ 9. 14.]
 [15.  6.]
 [ 6.  0.]
 [ 6.  6.]
 [10. 17.]
 [ 9. 15.]
 [15.  6.]
 [ 6.  0.]
 [ 6.  6.]
 [10. 17.]
 [ 9. 16.]
 [15.  6.]
 [ 6.  0.]
 [ 6.  6.]
 [11. 17.]
 [10. 17.]
 [15.  6.]
 [ 6.  0.]
 [ 6.  6.]
 [12. 17.]
 [11. 17.]
 [15.  6.]
 [ 6.  0.]
 [ 6.  6.]
 [13. 17.]
 [12. 17.]
 [15.  6.]
 [ 6.  0.]
 [ 6.  6.]
 [14. 17.]
 [13. 17.]
 [15.  6.]
 [ 6.  0.]
 [ 6.  6.]
 [15. 17.]
 [14. 17.]
 [15.  6.]
 [ 6.  0.]
 [ 6.  6.]
 [16. 17.]
 [15. 17.]
 [15.  6.]
 [ 6.  0.]
 [ 6.  6.]
 [17. 17.]
 [16. 17.]
 [15.  6.]
 [ 6.  0.]
 [ 6.  6.]
 [17. 17.]
 [16. 17.]
 [15.  6.]]
