Maze:
##########################
#                        #
#                        #
#                        #
#                        #
#                        #
#     ##############     #
#     #    A       #     #
#     #S           #     #
#     #            #     #
#     #            #     #
#     #            #     #
#     #   D C      #     #
#     #            #     #
#     #            #     #
#     #            #     #
#     #            #     #
#     #      B     #     #
#     #            #     #
#     ##############     #
#                        #
#                        #
#                        #
#                        #
#                        #
##########################
[[ 1.  2.]
 [ 5.  1.]
 [ 7. 11.]
 [ 6.  6.]
 [ 4.  6.]
 [ 0.  3.]
 [ 4.  1.]
 [ 7. 12.]
 [ 6.  6.]
 [ 3.  6.]
 [ 0.  4.]
 [ 3.  1.]
 [ 7. 13.]
 [ 6.  6.]
 [ 2.  7.]
 [ 0.  5.]
 [ 2.  1.]
 [ 7. 13.]
 [ 6.  6.]
 [ 2.  8.]
 [ 0.  6.]
 [ 1.  2.]
 [ 7. 13.]
 [ 6.  6.]
 [ 2.  9.]
 [ 0.  7.]
 [ 0.  3.]
 [ 7. 13.]
 [ 6.  6.]
 [ 2. 10.]
 [ 0.  8.]
 [ 0.  4.]
 [ 7. 13.]
 [ 6.  6.]
 [ 2. 11.]
 [ 0.  9.]
 [ 0.  5.]
 [ 7. 13.]
 [ 6.  6.]
 [ 2. 12.]
 [ 0. 10.]
 [ 0.  6.]
 [ 7. 13.]
 [ 6.  6.]
 [ 2. 13.]
 [ 0. 11.]
 [ 0.  7.]
 [ 7. 13.]
 [ 6.  6.]
 [ 2. 14.]
 [ 0. 12.]
 [ 0.  8.]
 [ 7. 13.]
 [ 6.  6.]
 [ 3. 15.]
 [ 0. 13.]
 [ 0.  9.]
 [ 7. 13.]
 [ 6.  6.]
 [ 4. 16.]
 [ 0. 14.]
 [ 0. 10.]
 [ 7. 13.]
 [ 6.  6.]
 [ 5. 17.]
 [ 1. 15.]
 [ 0. 11.]
 [ 7. 13.]
 [ 6.  6.]
 [ 6. 17.]
 [ 2. 16.]
 [ 0. 12.]
 [ 7. 13.]
 [ 6.  6.]
 [ 7. 17.]
 [ 3. 16.]
 [ 0. 13.]
 [ 7. 13.]
 [ 6.  6.]
 [ 8. 17.]
 [ 4. 16.]
 [ 0. 14.]
 [ 7. 13.]
 [ 6.  6.]
 [ 9. 17.]
 [ 5. 16.]
 [ 1. 15.]
 [ 7. 13.]
 [ 6.  6.]
 [10. 17.]
 [ 6. 16.]
 [ 2. 16.]
 [ 7. 13.]
 [ 6.  6.]
 [11. 17.]
 [ 7. 15.]
 [ 3. 16.]
 [ 7. 13.]
 [ 6.  6.]
 [12. 17.]
 [ 7. 15.]
 [ 3. 16.]
 [ 7. 13.]
 [ 6.  6.]
 [12. 17.]
 [ 7. 14.]
 [ 4. 16.]
 [ 7. 12.]
 [ 6.  6.]
 [13. 17.]]
