Maze:
##########################
#                        #
#                        #
#                        #
#                        #
#                        #
#     ##############     #
#     #            #     #
#     #            #     #
#     #    B       #     #
#     #            #     #
#     #     A      #     #
#     #     C     S#     #
#     #D           #     #
#     #            #     #
#     #            #     #
#     #            #     #
#     #            #     #
#     #            #     #
#     ##############     #
#                        #
#                        #
#                        #
#                        #
#                        #
##########################
[[12.  6.]
 [ 6.  5.]
 [ 5.  3.]
 [ 6.  6.]
 [ 1.  7.]
 [12.  6.]
 [ 6.  4.]
 [ 5.  2.]
 [ 6.  6.]
 [ 0.  7.]
 [12.  6.]
 [ 6.  3.]
 [ 5.  1.]
 [ 6.  6.]
 [ 0.  7.]
 [12.  6.]
 [ 7.  3.]
 [ 5.  0.]
 [ 6.  6.]
 [-1.  7.]
 [12.  6.]
 [ 8.  2.]
 [ 5. -1.]
 [ 6.  6.]
 [-1.  7.]
 [12.  6.]
 [ 9.  2.]
 [ 5. -2.]
 [ 6.  6.]
 [-1.  7.]
 [12.  6.]
 [10.  2.]
 [ 5. -2.]
 [ 6.  6.]
 [-1.  7.]
 [12.  6.]
 [11.  2.]
 [ 5. -2.]
 [ 6.  6.]
 [-1.  7.]
 [12.  7.]
 [12.  3.]
 [ 5. -2.]
 [ 6.  6.]
 [-1.  7.]
 [12.  8.]
 [12.  4.]
 [ 5. -2.]
 [ 6.  6.]
 [-1.  7.]
 [12.  9.]
 [13.  5.]
 [ 5. -2.]
 [ 6.  6.]
 [-1.  7.]
 [12. 10.]
 [13.  6.]
 [ 5. -2.]
 [ 6.  6.]
 [-1.  7.]
 [12. 11.]
 [13.  7.]
 [ 5. -2.]
 [ 6.  6.]
 [-1.  7.]
 [12. 12.]
 [13.  8.]
 [ 5. -2.]
 [ 6.  6.]
 [-1.  7.]
 [12. 13.]
 [13.  9.]
 [ 5. -2.]
 [ 6.  6.]
 [-1.  7.]
 [12. 14.]
 [13. 10.]
 [ 5. -2.]
 [ 6.  6.]
 [-1.  7.]
 [12. 15.]
 [13. 11.]
 [ 5. -2.]
 [ 6.  6.]
 [-1.  7.]
 [12. 16.]
 [13. 12.]
 [ 5. -2.]
 [ 6.  6.]
 [-1.  7.]
 [12. 17.]
 [13. 13.]
 [ 5. -2.]
 [ 6.  6.]
 [-1.  7.]
 [12. 17.]
 [13. 14.]
 [ 5. -2.]
 [ 6.  6.]
 [-1.  7.]
 [12. 17.]
 [13. 14.]
 [ 5. -2.]
 [ 6.  6.]
 [-1.  7.]
 [12. 17.]
 [13. 15.]
 [ 5. -2.]
 [ 6.  6.]
 [-1.  7.]]
