Maze:
##########################
#                        #
#                        #
#                        #
#                        #
#                        #
#     ##############     #
#     #            #     #
#     #            #     #
#     #          C #     #
#     #            #     #
#     #            #     #
#     #     D      #     #
#     #            #     #
#     #B           #     #
#     #            #     #
#     #            #     #
#     #   A        #     #
#     #       S    #     #
#     ##############     #
#                        #
#                        #
#                        #
#                        #
#                        #
##########################
[[ 8. 12.]
 [ 4. 11.]
 [ 1.  8.]
 [11.  3.]
 [ 6.  6.]
 [ 8. 12.]
 [ 5. 11.]
 [ 0.  8.]
 [10.  3.]
 [ 6.  6.]
 [ 9. 12.]
 [ 6. 11.]
 [ 0.  8.]
 [ 9.  4.]
 [ 6.  6.]
 [10. 12.]
 [ 7. 11.]
 [ 0.  8.]
 [ 8.  5.]
 [ 6.  6.]
 [11. 12.]
 [ 8. 11.]
 [ 0.  8.]
 [ 7.  6.]
 [ 6.  6.]
 [12. 12.]
 [ 9. 11.]
 [ 0.  8.]
 [ 7.  6.]
 [ 6.  6.]
 [13. 12.]
 [10. 11.]
 [ 0.  8.]
 [ 7.  6.]
 [ 6.  6.]
 [14. 12.]
 [11. 11.]
 [ 0.  8.]
 [ 7.  6.]
 [ 6.  6.]
 [15. 12.]
 [12. 11.]
 [ 0.  8.]
 [ 7.  6.]
 [ 6.  6.]
 [16. 12.]
 [13. 11.]
 [ 0.  8.]
 [ 7.  6.]
 [ 6.  6.]
 [17. 12.]
 [14. 11.]
 [ 0.  8.]
 [ 7.  6.]
 [ 6.  6.]
 [17. 12.]
 [15. 11.]
 [ 0.  8.]
 [ 7.  6.]
 [ 6.  6.]
 [17. 12.]
 [16. 11.]
 [ 0.  8.]
 [ 7.  6.]
 [ 6.  6.]
 [17. 13.]
 [17. 12.]
 [ 0.  8.]
 [ 7.  6.]
 [ 6.  6.]
 [17. 14.]
 [17. 13.]
 [ 0.  8.]
 [ 7.  6.]
 [ 6.  6.]
 [17. 15.]
 [17. 14.]
 [ 0.  8.]
 [ 7.  6.]
 [ 6.  6.]
 [17. 16.]
 [17. 15.]
 [ 0.  8.]
 [ 7.  6.]
 [ 6.  6.]
 [17. 17.]
 [17. 16.]
 [ 0.  8.]
 [ 7.  6.]
 [ 6.  6.]
 [17. 17.]
 [17. 16.]
 [ 0.  8.]
 [ 7.  6.]
 [ 6.  6.]]
