Maze:
##########################
#                        #
#                        #
#                        #
#                        #
#                        #
#     ##############     #
#     #            #     #
#     #           S#     #
#     #            #     #
#     #    D       #     #
#     # C          #     #
#     #     A      #     #
#     #            #     #
#     #  B         #     #
#     #            #     #
#     #            #     #
#     #            #     #
#     #            #     #
#     ##############     #
#                        #
#                        #
#                        #
#                        #
#                        #
##########################
[[12.  2.]
 [ 6.  6.]
 [ 3.  8.]
 [ 2.  5.]
 [ 5.  4.]
 [12.  2.]
 [ 6.  6.]
 [ 4.  8.]
 [ 3.  6.]
 [ 6.  3.]
 [12.  2.]
 [ 6.  6.]
 [ 5.  8.]
 [ 3.  7.]
 [ 7.  2.]
 [12.  2.]
 [ 6.  6.]
 [ 6.  7.]
 [ 4.  7.]
 [ 8.  1.]
 [12.  2.]
 [ 6.  6.]
 [ 6.  7.]
 [ 5.  7.]
 [ 9.  1.]
 [13.  2.]
 [ 6.  6.]
 [ 7.  6.]
 [ 6.  7.]
 [10.  1.]
 [14.  2.]
 [ 6.  6.]
 [ 7.  6.]
 [ 7.  7.]
 [11.  1.]
 [15.  2.]
 [ 6.  6.]
 [ 6.  5.]
 [ 7.  6.]
 [12.  1.]
 [16.  2.]
 [ 6.  6.]
 [ 6.  5.]
 [ 7.  5.]
 [13.  1.]
 [17.  2.]
 [ 6.  6.]
 [ 5.  6.]
 [ 6.  5.]
 [14.  1.]
 [17.  2.]
 [ 6.  6.]
 [ 5.  6.]
 [ 5.  5.]
 [15.  1.]
 [17.  2.]
 [ 6.  6.]
 [ 6.  7.]
 [ 5.  6.]
 [16.  1.]
 [17.  3.]
 [ 6.  6.]
 [ 6.  7.]
 [ 5.  7.]
 [17.  2.]
 [17.  4.]
 [ 6.  6.]
 [ 7.  6.]
 [ 6.  7.]
 [17.  3.]
 [17.  5.]
 [ 6.  6.]
 [ 7.  6.]
 [ 7.  7.]
 [17.  4.]
 [17.  6.]
 [ 6.  6.]
 [ 6.  5.]
 [ 7.  6.]
 [17.  5.]
 [17.  7.]
 [ 6.  6.]
 [ 6.  5.]
 [ 7.  5.]
 [17.  6.]
 [17.  8.]
 [ 6.  6.]
 [ 5.  6.]
 [ 6.  5.]
 [17.  7.]
 [17.  9.]
 [ 6.  6.]
 [ 5.  6.]
 [ 5.  5.]
 [17.  8.]
 [17. 10.]
 [ 6.  6.]
 [ 6.  7.]
 [ 5.  6.]
 [17.  9.]
 [17. 10.]
 [ 6.  6.]
 [ 6.  7.]
 [ 5.  6.]
 [17.  9.]
 [17. 11.]
 [ 6.  6.]
 [ 6.  7.]
 [ 5.  7.]
 [17. 10.]]
