Maze:
##########################
#                        #
#                        #
#                        #
#                        #
#                        #
#     ##############     #
#     #            #     #
#     #            #     #
#     #    A       #     #
#     # B          #     #
#     #            #     #
#     #     C      #     #
#     #            #     #
#     #         D  #     #
#     #  S         #     #
#     #            #     #
#     #            #     #
#     #            #     #
#     ##############     #
#                        #
#                        #
#                        #
#                        #
#                        #
##########################
[[ 3.  9.]
 [ 5.  3.]
 [ 2.  4.]
 [ 6.  6.]
 [10.  8.]
 [ 2.  9.]
 [ 5.  2.]
 [ 3.  4.]
 [ 6.  6.]
 [11.  9.]
 [ 2.  9.]
 [ 5.  1.]
 [ 3.  3.]
 [ 6.  6.]
 [11.  9.]
 [ 2.  9.]
 [ 5.  0.]
 [ 4.  2.]
 [ 6.  6.]
 [11.  9.]
 [ 2.  9.]
 [ 5. -1.]
 [ 4.  1.]
 [ 6.  6.]
 [11.  9.]
 [ 2.  9.]
 [ 5. -2.]
 [ 4.  0.]
 [ 6.  6.]
 [11.  9.]
 [ 2.  9.]
 [ 5. -3.]
 [ 4. -1.]
 [ 6.  6.]
 [11.  9.]
 [ 2.  9.]
 [ 5. -4.]
 [ 4. -2.]
 [ 6.  6.]
 [11.  9.]
 [ 2.  9.]
 [ 5. -5.]
 [ 4. -3.]
 [ 6.  6.]
 [11.  9.]
 [ 2.  9.]
 [ 5. -5.]
 [ 4. -4.]
 [ 6.  6.]
 [11.  9.]
 [ 2.  9.]
 [ 6. -5.]
 [ 5. -5.]
 [ 6.  6.]
 [11.  9.]
 [ 2.  9.]
 [ 7. -5.]
 [ 6. -5.]
 [ 6.  6.]
 [11.  9.]
 [ 2.  9.]
 [ 8. -5.]
 [ 7. -5.]
 [ 6.  6.]
 [11.  9.]
 [ 2.  9.]
 [ 9. -5.]
 [ 8. -5.]
 [ 6.  6.]
 [11.  9.]
 [ 2.  9.]
 [10. -5.]
 [ 9. -5.]
 [ 6.  6.]
 [11.  9.]
 [ 2.  9.]
 [11. -5.]
 [10. -5.]
 [ 6.  6.]
 [11.  9.]
 [ 2.  9.]
 [12. -5.]
 [11. -5.]
 [ 6.  6.]
 [11.  9.]
 [ 2.  9.]
 [13. -5.]
 [12. -5.]
 [ 6.  6.]
 [11.  9.]
 [ 2.  9.]
 [14. -5.]
 [13. -5.]
 [ 6.  6.]
 [11.  9.]
 [ 2.  9.]
 [15. -5.]
 [14. -5.]
 [ 6.  6.]
 [11.  9.]
 [ 2.  9.]
 [15. -5.]
 [14. -5.]
 [ 6.  6.]
 [11.  9.]
 [ 2.  9.]
 [16. -5.]
 [15. -5.]
 [ 6.  6.]
 [11.  9.]]
