Maze:
##########################
#                        #
#                        #
#                        #
#                        #
#                        #
#     ##############     #
#     #            #     #
#     #  A         #     #
#     #            #     #
#     #       D    #     #
#     #            #     #
#     #     S      #     #
#     #            #     #
#     #            #     #
#     # C          #     #
#     #          B #     #
#     #            #     #
#     #            #     #
#     ##############     #
#                        #
#                        #
#                        #
#                        #
#                        #
##########################
[[ 6.  6.]
 [ 3.  2.]
 [11. 10.]
 [ 2.  9.]
 [ 8.  4.]
 [ 6.  6.]
 [ 3.  1.]
 [11. 10.]
 [ 2.  9.]
 [ 7.  5.]
 [ 6.  6.]
 [ 3.  0.]
 [11. 10.]
 [ 3.  9.]
 [ 7.  5.]
 [ 6.  6.]
 [ 3.  0.]
 [11. 10.]
 [ 4.  9.]
 [ 7.  5.]
 [ 6.  6.]
 [ 3.  0.]
 [11. 10.]
 [ 5.  9.]
 [ 7.  5.]
 [ 6.  6.]
 [ 3.  0.]
 [11. 10.]
 [ 6.  9.]
 [ 7.  5.]
 [ 6.  6.]
 [ 3.  0.]
 [11. 10.]
 [ 7.  9.]
 [ 7.  5.]
 [ 6.  6.]
 [ 3.  0.]
 [12. 10.]
 [ 8.  9.]
 [ 7.  5.]
 [ 6.  6.]
 [ 3.  0.]
 [13. 10.]
 [ 9.  9.]
 [ 7.  5.]
 [ 6.  6.]
 [ 3.  0.]
 [14. 10.]
 [10.  9.]
 [ 7.  5.]
 [ 6.  6.]
 [ 3.  0.]
 [15. 10.]
 [11.  9.]
 [ 7.  5.]
 [ 6.  6.]
 [ 3.  0.]
 [16. 10.]
 [12.  9.]
 [ 7.  5.]
 [ 6.  6.]
 [ 3.  0.]
 [17. 10.]
 [13.  9.]
 [ 7.  5.]
 [ 6.  6.]
 [ 3.  0.]
 [17. 10.]
 [14.  9.]
 [ 7.  5.]
 [ 6.  6.]
 [ 3.  0.]
 [17. 10.]
 [15.  9.]
 [ 7.  5.]
 [ 6.  6.]
 [ 3.  0.]
 [17. 10.]
 [16.  9.]
 [ 7.  5.]
 [ 6.  6.]
 [ 3.  0.]
 [17. 11.]
 [17. 10.]
 [ 7.  5.]
 [ 6.  6.]
 [ 3.  0.]
 [17. 12.]
 [17. 11.]
 [ 7.  5.]
 [ 6.  6.]
 [ 3.  0.]
 [17. 13.]
 [17. 12.]
 [ 7.  5.]
 [ 6.  6.]
 [ 3.  0.]
 [17. 14.]
 [17. 13.]
 [ 7.  5.]
 [ 6.  6.]
 [ 3.  0.]
 [17. 14.]
 [17. 13.]
 [ 7.  5.]
 [ 6.  6.]
 [ 3.  0.]
 [17. 15.]
 [17. 14.]
 [ 7.  5.]]
