Maze:
##########################
#                        #
#                        #
#                        #
#                        #
#                        #
#     ##############     #
#     #            #     #
#     # A          #     #
#     #            #     #
#     #         D  #     #
#     #       C    #     #
#     #     B    S #     #
#     #            #     #
#     #            #     #
#     #            #     #
#     #            #     #
#     #            #     #
#     #            #     #
#     ##############     #
#                        #
#                        #
#                        #
#                        #
#                        #
##########################
[[11.  6.]
 [ 2.  2.]
 [ 6.  6.]
 [ 8.  5.]
 [10.  4.]
 [12.  7.]
 [ 1.  2.]
 [ 6.  6.]
 [ 7.  6.]
 [11.  4.]
 [12.  8.]
 [ 1.  2.]
 [ 6.  6.]
 [ 7.  6.]
 [12.  4.]
 [12.  9.]
 [ 1.  2.]
 [ 6.  6.]
 [ 7.  6.]
 [13.  5.]
 [12.  9.]
 [ 1.  2.]
 [ 6.  6.]
 [ 7.  6.]
 [14.  6.]
 [12. 10.]
 [ 1.  2.]
 [ 6.  6.]
 [ 7.  6.]
 [14.  7.]
 [12. 11.]
 [ 1.  2.]
 [ 6.  6.]
 [ 7.  6.]
 [14.  8.]
 [12. 12.]
 [ 1.  2.]
 [ 6.  6.]
 [ 7.  6.]
 [14.  9.]
 [12. 13.]
 [ 1.  2.]
 [ 6.  6.]
 [ 7.  6.]
 [14. 10.]
 [12. 13.]
 [ 1.  2.]
 [ 6.  6.]
 [ 7.  6.]
 [14. 11.]
 [11. 14.]
 [ 1.  2.]
 [ 6.  6.]
 [ 7.  6.]
 [13. 12.]
 [10. 15.]
 [ 1.  2.]
 [ 6.  6.]
 [ 7.  6.]
 [12. 13.]
 [ 9. 16.]
 [ 1.  2.]
 [ 6.  6.]
 [ 7.  6.]
 [11. 14.]
 [ 8. 17.]
 [ 1.  2.]
 [ 6.  6.]
 [ 7.  6.]
 [10. 15.]
 [ 7. 17.]
 [ 1.  2.]
 [ 6.  6.]
 [ 7.  6.]
 [ 9. 16.]
 [ 6. 17.]
 [ 1.  2.]
 [ 6.  6.]
 [ 7.  6.]
 [ 8. 17.]
 [ 5. 17.]
 [ 1.  2.]
 [ 6.  6.]
 [ 7.  6.]
 [ 7. 17.]
 [ 4. 17.]
 [ 1.  2.]
 [ 6.  6.]
 [ 7.  6.]
 [ 6. 17.]
 [ 3. 17.]
 [ 1.  2.]
 [ 6.  6.]
 [ 7.  6.]
 [ 5. 17.]
 [ 2. 17.]
 [ 1.  2.]
 [ 6.  6.]
 [ 7.  6.]
 [ 4. 17.]
 [ 2. 17.]
 [ 1.  2.]
 [ 6.  6.]
 [ 7.  6.]
 [ 4. 17.]
 [ 1. 17.]
 [ 1.  2.]
 [ 6.  6.]
 [ 7.  6.]
 [ 3. 17.]]
