Maze:
##########################
#                        #
#                        #
#                        #
#                        #
#                        #
#     ##############     #
#     #        B   #     #
#     #   C        #     #
#     #            #     #
#     #  A         #     #
#     #            #     #
#     #     S      #     #
#     #            #     #
#     #            #     #
#     #         D  #     #
#     #            #     #
#     #            #     #
#     #            #     #
#     ##############     #
#                        #
#                        #
#                        #
#                        #
#                        #
##########################
[[ 6.  6.]
 [ 3.  4.]
 [ 9.  1.]
 [ 4.  2.]
 [10.  9.]
 [ 6.  6.]
 [ 2.  5.]
 [ 9.  2.]
 [ 5.  1.]
 [10.  9.]
 [ 6.  6.]
 [ 1.  5.]
 [ 9.  3.]
 [ 6.  1.]
 [10.  9.]
 [ 6.  6.]
 [ 0.  5.]
 [ 9.  4.]
 [ 7.  2.]
 [10.  9.]
 [ 6.  6.]
 [-1.  5.]
 [ 9.  5.]
 [ 8.  3.]
 [10.  9.]
 [ 6.  6.]
 [-1.  5.]
 [ 9.  6.]
 [ 8.  4.]
 [10. 10.]
 [ 6.  6.]
 [-1.  5.]
 [ 9.  7.]
 [ 8.  5.]
 [10. 11.]
 [ 6.  6.]
 [-1.  5.]
 [ 9.  8.]
 [ 8.  6.]
 [10. 12.]
 [ 6.  6.]
 [-1.  5.]
 [ 9.  9.]
 [ 8.  7.]
 [10. 13.]
 [ 6.  6.]
 [-1.  5.]
 [ 9. 10.]
 [ 8.  8.]
 [10. 14.]
 [ 6.  6.]
 [-1.  5.]
 [ 9. 11.]
 [ 8.  9.]
 [10. 15.]
 [ 6.  6.]
 [-1.  5.]
 [ 9. 12.]
 [ 8. 10.]
 [10. 16.]
 [ 6.  6.]
 [-1.  5.]
 [ 9. 13.]
 [ 8. 11.]
 [10. 17.]
 [ 6.  6.]
 [-1.  5.]
 [ 9. 14.]
 [ 8. 12.]
 [10. 17.]
 [ 6.  6.]
 [-1.  5.]
 [ 9. 15.]
 [ 8. 13.]
 [10. 17.]
 [ 6.  6.]
 [-1.  5.]
 [ 9. 16.]
 [ 8. 14.]
 [10. 17.]
 [ 6.  6.]
 [-1.  5.]
 [10. 17.]
 [ 8. 15.]
 [11. 17.]
 [ 6.  6.]
 [-1.  5.]
 [11. 17.]
 [ 9. 16.]
 [12. 17.]
 [ 6.  6.]
 [-1.  5.]
 [12. 17.]
 [10. 16.]
 [13. 17.]
 [ 6.  6.]
 [-1.  5.]
 [13. 17.]
 [11. 16.]
 [14. 17.]
 [ 6.  6.]
 [-1.  5.]
 [13. 17.]
 [11. 16.]
 [14. 17.]
 [ 6.  6.]
 [-1.  5.]
 [14. 17.]
 [12. 16.]
 [15. 17.]]
