Maze:
##########################
#                        #
#                        #
#                        #
#                        #
#                        #
#     ##############     #
#     #            #     #
#     #            #     #
#     #     D      #     #
#     #            #     #
#     #       B    #     #
#     #   C A      #     #
#     #            #     #
#     #            #     #
#     #            #     #
#     #            #     #
#     #            #     #
#     #      S     #     #
#     ##############     #
#                        #
#                        #
#                        #
#                        #
#                        #
##########################
[[ 7. 12.]
 [ 6.  6.]
 [ 8.  5.]
 [ 4.  6.]
 [ 6.  3.]
 [ 7. 12.]
 [ 6.  6.]
 [ 7.  5.]
 [ 4.  5.]
 [ 6.  2.]
 [ 7. 12.]
 [ 6.  6.]
 [ 7.  5.]
 [ 5.  4.]
 [ 6.  1.]
 [ 7. 12.]
 [ 6.  6.]
 [ 7.  6.]
 [ 6.  4.]
 [ 6.  0.]
 [ 7. 12.]
 [ 6.  6.]
 [ 7.  6.]
 [ 7.  5.]
 [ 6. -1.]
 [ 7. 12.]
 [ 6.  6.]
 [ 6.  7.]
 [ 7.  6.]
 [ 6. -2.]
 [ 7. 12.]
 [ 6.  6.]
 [ 6.  7.]
 [ 7.  7.]
 [ 6. -2.]
 [ 7. 12.]
 [ 6.  6.]
 [ 5.  6.]
 [ 6.  7.]
 [ 6. -2.]
 [ 7. 12.]
 [ 6.  6.]
 [ 5.  6.]
 [ 5.  7.]
 [ 6. -2.]
 [ 7. 12.]
 [ 6.  6.]
 [ 6.  5.]
 [ 5.  6.]
 [ 6. -2.]
 [ 7. 12.]
 [ 6.  6.]
 [ 6.  5.]
 [ 5.  5.]
 [ 6. -3.]
 [ 7. 12.]
 [ 6.  6.]
 [ 7.  6.]
 [ 6.  5.]
 [ 6. -3.]
 [ 7. 12.]
 [ 6.  6.]
 [ 7.  6.]
 [ 7.  5.]
 [ 6. -3.]
 [ 7. 12.]
 [ 6.  6.]
 [ 6.  7.]
 [ 7.  6.]
 [ 6. -3.]
 [ 7. 12.]
 [ 6.  6.]
 [ 6.  7.]
 [ 7.  7.]
 [ 6. -3.]
 [ 7. 12.]
 [ 6.  6.]
 [ 5.  6.]
 [ 6.  7.]
 [ 6. -3.]
 [ 7. 12.]
 [ 6.  6.]
 [ 5.  6.]
 [ 5.  7.]
 [ 6. -3.]
 [ 7. 12.]
 [ 6.  6.]
 [ 6.  5.]
 [ 5.  6.]
 [ 6. -3.]
 [ 7. 12.]
 [ 6.  6.]
 [ 6.  5.]
 [ 5.  5.]
 [ 6. -3.]
 [ 7. 12.]
 [ 6.  6.]
 [ 7.  6.]
 [ 6.  5.]
 [ 6. -3.]
 [ 7. 12.]
 [ 6.  6.]
 [ 7.  6.]
 [ 6.  5.]
 [ 6. -3.]
 [ 7. 12.]
 [ 6.  6.]
 [ 7.  6.]
 [ 7.  5.]
 [ 6. -3.]]
