Maze:
##########################
#                        #
#                        #
#                        #
#                        #
#                        #
#     ##############     #
#     #            #     #
#     #         A  #     #
#     #            #     #
#     #            #     #
#     #     B      #     #
#     #     D      #     #
#     #            #     #
#     #C           #     #
#     #            #     #
#     #            #     #
#     #            #     #
#     #           S#     #
#     ##############     #
#                        #
#                        #
#                        #
#                        #
#                        #
##########################
[[12. 12.]
 [10.  2.]
 [ 6.  5.]
 [ 1.  8.]
 [ 6.  6.]
 [12. 12.]
 [10.  2.]
 [ 7.  6.]
 [ 2.  8.]
 [ 6.  6.]
 [12. 12.]
 [10.  2.]
 [ 7.  5.]
 [ 3.  8.]
 [ 6.  6.]
 [12. 12.]
 [11.  1.]
 [ 8.  4.]
 [ 4.  7.]
 [ 6.  6.]
 [12. 12.]
 [11.  0.]
 [ 9.  3.]
 [ 5.  7.]
 [ 6.  6.]
 [12. 12.]
 [11. -1.]
 [10.  2.]
 [ 5.  7.]
 [ 6.  6.]
 [12. 12.]
 [11. -2.]
 [10.  1.]
 [ 5.  7.]
 [ 6.  6.]
 [12. 12.]
 [11. -3.]
 [10.  0.]
 [ 5.  7.]
 [ 6.  6.]
 [12. 12.]
 [11. -4.]
 [10. -1.]
 [ 5.  7.]
 [ 6.  6.]
 [12. 12.]
 [11. -5.]
 [10. -2.]
 [ 5.  7.]
 [ 6.  6.]
 [12. 12.]
 [11. -5.]
 [10. -3.]
 [ 5.  7.]
 [ 6.  6.]
 [12. 12.]
 [11. -5.]
 [10. -4.]
 [ 5.  7.]
 [ 6.  6.]
 [12. 12.]
 [12. -5.]
 [11. -5.]
 [ 5.  7.]
 [ 6.  6.]
 [12. 12.]
 [13. -5.]
 [12. -5.]
 [ 5.  7.]
 [ 6.  6.]
 [12. 12.]
 [14. -5.]
 [13. -5.]
 [ 5.  7.]
 [ 6.  6.]
 [12. 12.]
 [15. -5.]
 [14. -5.]
 [ 5.  7.]
 [ 6.  6.]
 [12. 12.]
 [16. -5.]
 [15. -5.]
 [ 5.  7.]
 [ 6.  6.]
 [12. 12.]
 [17. -5.]
 [16. -5.]
 [ 5.  7.]
 [ 6.  6.]
 [12. 12.]
 [17. -5.]
 [16. -5.]
 [ 5.  7.]
 [ 6.  6.]]
