Maze:
##########################
#                        #
#                        #
#                        #
#                        #
#                        #
#     ##############     #
#     #            #     #
#     #            #     #
#     #         A  #     #
#     #            #     #
#     #            #     #
#     #     B      #     #
#     #            #     #
#     #            #     #
#     #  C         #     #
#     #            #     #
#     #    D       #     #
#     #        S   #     #
#     ##############     #
#                        #
#                        #
#                        #
#                        #
#                        #
##########################
[[ 9. 12.]
 [10.  3.]
 [ 6.  6.]
 [ 3.  9.]
 [ 5. 11.]
 [10. 12.]
 [10.  3.]
 [ 6.  6.]
 [ 4.  9.]
 [ 6. 12.]
 [11. 12.]
 [10.  3.]
 [ 6.  6.]
 [ 5.  8.]
 [ 7. 13.]
 [11. 12.]
 [10.  2.]
 [ 6.  6.]
 [ 5.  7.]
 [ 8. 13.]
 [12. 12.]
 [10.  2.]
 [ 6.  6.]
 [ 5.  7.]
 [ 9. 13.]
 [13. 12.]
 [10.  2.]
 [ 6.  6.]
 [ 5.  7.]
 [10. 13.]
 [14. 12.]
 [10.  2.]
 [ 6.  6.]
 [ 5.  7.]
 [11. 13.]
 [15. 12.]
 [10.  2.]
 [ 6.  6.]
 [ 5.  7.]
 [12. 13.]
 [16. 12.]
 [10.  2.]
 [ 6.  6.]
 [ 5.  7.]
 [13. 13.]
 [17. 12.]
 [10.  2.]
 [ 6.  6.]
 [ 5.  7.]
 [14. 13.]
 [17. 12.]
 [10.  2.]
 [ 6.  6.]
 [ 5.  7.]
 [15. 13.]
 [17. 12.]
 [10.  2.]
 [ 6.  6.]
 [ 5.  7.]
 [16. 13.]
 [17. 11.]
 [10.  2.]
 [ 6.  6.]
 [ 5.  7.]
 [17. 12.]
 [17. 10.]
 [10.  2.]
 [ 6.  6.]
 [ 5.  7.]
 [17. 11.]
 [17.  9.]
 [10.  2.]
 [ 6.  6.]
 [ 5.  7.]
 [17. 10.]
 [17.  8.]
 [10.  2.]
 [ 6.  6.]
 [ 5.  7.]
 [17.  9.]
 [17.  7.]
 [10.  2.]
 [ 6.  6.]
 [ 5.  7.]
 [17.  8.]
 [17.  6.]
 [10.  2.]
 [ 6.  6.]
 [ 5.  7.]
 [17.  7.]
 [17.  5.]
 [10.  2.]
 [ 6.  6.]
 [ 5.  7.]
 [17.  6.]
 [17.  4.]
 [10.  2.]
 [ 6.  6.]
 [ 5.  7.]
 [17.  5.]
 [17.  4.]
 [10.  2.]
 [ 6.  6.]
 [ 5.  7.]
 [17.  5.]
 [17.  3.]
 [10.  2.]
 [ 6.  6.]
 [ 5.  7.]
 [17.  4.]]
