Maze:
##########################
#                        #
#                        #
#                        #
#                        #
#                        #
#     ##############     #
#     #  D         #     #
#     #         C  #     #
#     #       A    #     #
#     #            #     #
#     #            #     #
#     #     S      #     #
#     #            #     #
#     #B           #     #
#     #            #     #
#     #            #     #
#     #            #     #
#     #            #     #
#     ##############     #
#                        #
#                        #
#                        #
#                        #
#                        #
##########################
[[ 6.  6.]
 [ 8.  3.]
 [ 1.  8.]
 [10.  2.]
 [ 3.  1.]
 [ 6.  6.]
 [ 7.  3.]
 [ 2.  8.]
 [11.  2.]
 [ 3.  1.]
 [ 6.  6.]
 [ 7.  2.]
 [ 3.  7.]
 [11.  2.]
 [ 3.  1.]
 [ 6.  6.]
 [ 7.  1.]
 [ 4.  7.]
 [11.  2.]
 [ 3.  1.]
 [ 6.  6.]
 [ 7.  0.]
 [ 5.  6.]
 [11.  2.]
 [ 3.  1.]
 [ 6.  6.]
 [ 7. -1.]
 [ 5.  6.]
 [11.  2.]
 [ 3.  1.]
 [ 6.  6.]
 [ 7. -2.]
 [ 5.  6.]
 [11.  2.]
 [ 3.  1.]
 [ 6.  6.]
 [ 7. -3.]
 [ 5.  6.]
 [11.  2.]
 [ 3.  1.]
 [ 6.  6.]
 [ 7. -4.]
 [ 5.  6.]
 [11.  2.]
 [ 3.  1.]
 [ 6.  6.]
 [ 7. -4.]
 [ 5.  6.]
 [10.  2.]
 [ 3.  1.]
 [ 6.  6.]
 [ 7. -4.]
 [ 5.  6.]
 [ 9.  3.]
 [ 3.  1.]
 [ 6.  6.]
 [ 7. -4.]
 [ 5.  6.]
 [ 8.  4.]
 [ 3.  1.]
 [ 6.  6.]
 [ 7. -4.]
 [ 5.  6.]
 [ 7.  5.]
 [ 3.  1.]
 [ 6.  6.]
 [ 7. -4.]
 [ 5.  6.]
 [ 6.  5.]
 [ 3.  1.]
 [ 6.  6.]
 [ 7. -4.]
 [ 6.  7.]
 [ 5.  6.]
 [ 3.  0.]
 [ 6.  6.]
 [ 7. -4.]
 [ 7.  6.]
 [ 6.  7.]
 [ 3.  0.]
 [ 6.  6.]
 [ 7. -4.]
 [ 6.  5.]
 [ 7.  6.]
 [ 3.  0.]
 [ 6.  6.]
 [ 7. -4.]
 [ 5.  6.]
 [ 6.  5.]
 [ 3.  0.]
 [ 6.  6.]
 [ 7. -4.]
 [ 6.  7.]
 [ 5.  6.]
 [ 3.  0.]
 [ 6.  6.]
 [ 7. -4.]
 [ 7.  6.]
 [ 6.  7.]
 [ 3.  0.]
 [ 6.  6.]
 [ 7. -4.]
 [ 7.  6.]
 [ 6.  7.]
 [ 3.  0.]
 [ 6.  6.]
 [ 7. -4.]
 [ 6.  5.]
 [ 7.  6.]
 [ 3.  0.]]
