Maze:
##########################
#                        #
#                        #
#                        #
#                        #
#                        #
#     ##############     #
#     #            #     #
#     #     D      #     #
#     #            #     #
#     #        S   #     #
#     #            #     #
#     #     C      #     #
#     #            #     #
#     #            #     #
#     #            #     #
#     #         B  #     #
#     #    A       #     #
#     #            #     #
#     ##############     #
#                        #
#                        #
#                        #
#                        #
#                        #
##########################
[[ 9.  4.]
 [ 5. 11.]
 [10. 10.]
 [ 6.  6.]
 [ 6.  2.]
 [10.  4.]
 [ 5. 12.]
 [ 9. 10.]
 [ 6.  6.]
 [ 7.  1.]
 [11.  4.]
 [ 5. 13.]
 [ 8. 11.]
 [ 6.  6.]
 [ 8.  1.]
 [12.  4.]
 [ 4. 14.]
 [ 7. 12.]
 [ 6.  6.]
 [ 9.  1.]
 [12.  4.]
 [ 3. 15.]
 [ 6. 13.]
 [ 6.  6.]
 [10.  1.]
 [13.  4.]
 [ 2. 16.]
 [ 5. 14.]
 [ 6.  6.]
 [11.  2.]
 [14.  5.]
 [ 1. 16.]
 [ 4. 15.]
 [ 6.  6.]
 [12.  3.]
 [15.  6.]
 [ 0. 16.]
 [ 3. 15.]
 [ 6.  6.]
 [13.  4.]
 [16.  7.]
 [-1. 16.]
 [ 2. 15.]
 [ 6.  6.]
 [14.  5.]
 [17.  8.]
 [-2. 16.]
 [ 1. 15.]
 [ 6.  6.]
 [15.  6.]
 [17.  9.]
 [-3. 16.]
 [ 0. 15.]
 [ 6.  6.]
 [16.  7.]
 [17. 10.]
 [-4. 16.]
 [-1. 15.]
 [ 6.  6.]
 [17.  8.]
 [17. 11.]
 [-5. 16.]
 [-2. 15.]
 [ 6.  6.]
 [17.  9.]
 [17. 12.]
 [-5. 16.]
 [-3. 15.]
 [ 6.  6.]
 [17. 10.]
 [17. 13.]
 [-5. 16.]
 [-4. 15.]
 [ 6.  6.]
 [17. 11.]
 [17. 14.]
 [-5. 17.]
 [-5. 16.]
 [ 6.  6.]
 [17. 12.]
 [17. 15.]
 [-5. 17.]
 [-5. 16.]
 [ 6.  6.]
 [17. 13.]
 [17. 16.]
 [-5. 17.]
 [-5. 16.]
 [ 6.  6.]
 [17. 14.]
 [17. 17.]
 [-5. 17.]
 [-5. 16.]
 [ 6.  6.]
 [17. 15.]
 [17. 17.]
 [-5. 17.]
 [-5. 16.]
 [ 6.  6.]
 [17. 16.]
 [17. 17.]
 [-5. 17.]
 [-5. 16.]
 [ 6.  6.]
 [17. 16.]]
