Maze:
##########################
#                        #
#                        #
#                        #
#                        #
#                        #
#     ##############     #
#     #    B       #     #
#     #            #     #
#     #            #     #
#     #            #     #
#     #      C     #     #
#     #     A      #     #
#     #  D         #     #
#     #            #     #
#     #S           #     #
#     #            #     #
#     #            #     #
#     #            #     #
#     ##############     #
#                        #
#                        #
#                        #
#                        #
#                        #
##########################
[[ 1.  9.]
 [ 6.  6.]
 [ 5.  1.]
 [ 7.  5.]
 [ 3.  7.]
 [ 0. 10.]
 [ 6.  6.]
 [ 5.  1.]
 [ 7.  4.]
 [ 2.  8.]
 [-1. 11.]
 [ 6.  6.]
 [ 4.  1.]
 [ 7.  3.]
 [ 1.  9.]
 [-2. 12.]
 [ 6.  6.]
 [ 3.  1.]
 [ 6.  2.]
 [ 0. 10.]
 [-3. 13.]
 [ 6.  6.]
 [ 2.  1.]
 [ 5.  2.]
 [-1. 11.]
 [-4. 14.]
 [ 6.  6.]
 [ 1.  1.]
 [ 4.  2.]
 [-2. 12.]
 [-5. 15.]
 [ 6.  6.]
 [ 0.  1.]
 [ 3.  2.]
 [-3. 13.]
 [-5. 16.]
 [ 6.  6.]
 [-1.  1.]
 [ 2.  2.]
 [-4. 14.]
 [-5. 17.]
 [ 6.  6.]
 [-2.  1.]
 [ 1.  2.]
 [-4. 15.]
 [-5. 17.]
 [ 6.  6.]
 [-3.  1.]
 [ 0.  2.]
 [-4. 16.]
 [-5. 17.]
 [ 6.  6.]
 [-4.  1.]
 [-1.  2.]
 [-4. 16.]
 [-5. 17.]
 [ 6.  6.]
 [-5.  1.]
 [-2.  2.]
 [-4. 16.]
 [-5. 17.]
 [ 6.  6.]
 [-5.  1.]
 [-3.  2.]
 [-4. 16.]
 [-5. 17.]
 [ 6.  6.]
 [-5.  1.]
 [-4.  2.]
 [-4. 16.]
 [-5. 17.]
 [ 6.  6.]
 [-5.  0.]
 [-5.  1.]
 [-4. 16.]
 [-5. 17.]
 [ 6.  6.]
 [-5. -1.]
 [-5.  0.]
 [-4. 16.]
 [-5. 17.]
 [ 6.  6.]
 [-5. -2.]
 [-5. -1.]
 [-4. 16.]
 [-5. 17.]
 [ 6.  6.]
 [-5. -3.]
 [-5. -2.]
 [-4. 16.]
 [-5. 17.]
 [ 6.  6.]
 [-5. -4.]
 [-5. -3.]
 [-4. 16.]
 [-5. 17.]
 [ 6.  6.]
 [-5. -5.]
 [-5. -4.]
 [-4. 16.]
 [-5. 17.]
 [ 6.  6.]
 [-5. -5.]
 [-5. -4.]
 [-4. 16.]]
