Maze:
##########################
#                        #
#                        #
#                        #
#                        #
#                        #
#     ##############     #
#     #            #     #
#     #            #     #
#     #        B   #     #
#     #       D    #     #
#     #            #     #
#     #     C      #     #
#     #            #     #
#     #            #     #
#     #            #     #
#     #           A#     #
#     #            #     #
#     #     S      #     #
#     ##############     #
#                        #
#                        #
#                        #
#                        #
#                        #
##########################
[[ 6. 12.]
 [12. 10.]
 [ 9.  3.]
 [ 6.  6.]
 [ 8.  4.]
 [ 6. 12.]
 [12. 10.]
 [ 9.  4.]
 [ 6.  6.]
 [ 7.  5.]
 [ 6. 12.]
 [13. 10.]
 [10.  4.]
 [ 6.  6.]
 [ 8.  4.]
 [ 6. 12.]
 [13. 10.]
 [11.  4.]
 [ 6.  6.]
 [ 7.  3.]
 [ 6. 12.]
 [13. 10.]
 [12.  5.]
 [ 6.  6.]
 [ 7.  2.]
 [ 6. 12.]
 [13. 10.]
 [12.  6.]
 [ 6.  6.]
 [ 7.  1.]
 [ 6. 12.]
 [13. 11.]
 [12.  7.]
 [ 6.  6.]
 [ 7.  0.]
 [ 6. 12.]
 [13. 12.]
 [12.  8.]
 [ 6.  6.]
 [ 7. -1.]
 [ 6. 12.]
 [13. 13.]
 [12.  9.]
 [ 6.  6.]
 [ 7. -1.]
 [ 6. 12.]
 [13. 14.]
 [12. 10.]
 [ 6.  6.]
 [ 7. -1.]
 [ 6. 12.]
 [13. 15.]
 [12. 11.]
 [ 6.  6.]
 [ 7. -1.]
 [ 6. 12.]
 [13. 16.]
 [12. 12.]
 [ 6.  6.]
 [ 7. -1.]
 [ 6. 12.]
 [13. 17.]
 [12. 13.]
 [ 6.  6.]
 [ 7. -1.]
 [ 6. 12.]
 [13. 17.]
 [12. 14.]
 [ 6.  6.]
 [ 7. -1.]
 [ 6. 12.]
 [13. 17.]
 [12. 15.]
 [ 6.  6.]
 [ 7. -1.]
 [ 6. 13.]
 [13. 17.]
 [12. 16.]
 [ 6.  6.]
 [ 7. -1.]
 [ 6. 13.]
 [14. 17.]
 [13. 17.]
 [ 6.  6.]
 [ 7. -1.]
 [ 6. 13.]
 [15. 17.]
 [14. 17.]
 [ 6.  6.]
 [ 7. -1.]
 [ 6. 13.]
 [16. 17.]
 [15. 17.]
 [ 6.  6.]
 [ 7. -1.]
 [ 6. 13.]
 [17. 17.]
 [16. 17.]
 [ 6.  6.]
 [ 7. -1.]
 [ 6. 13.]
 [17. 17.]
 [16. 17.]
 [ 6.  6.]
 [ 7. -1.]]
