Maze:
##########################
#                        #
#                        #
#                        #
#                        #
#                        #
#     ##############     #
#     #          D #     #
#     #            #     #
#     #            #     #
#     #            #     #
#     #            #     #
#     #    AS      #     #
#     #      B     #     #
#     #            #     #
#     #            #     #
#     #     C      #     #
#     #            #     #
#     #            #     #
#     ##############     #
#                        #
#                        #
#                        #
#                        #
#                        #
##########################
[[ 6.  6.]
 [ 5.  6.]
 [ 7.  7.]
 [ 6. 10.]
 [11.  1.]
 [ 6.  6.]
 [ 4.  6.]
 [ 7.  7.]
 [ 6.  9.]
 [11.  1.]
 [ 6.  6.]
 [ 3.  6.]
 [ 7.  7.]
 [ 7.  8.]
 [11.  1.]
 [ 6.  6.]
 [ 2.  6.]
 [ 7.  6.]
 [ 7.  7.]
 [11.  1.]
 [ 6.  6.]
 [ 1.  6.]
 [ 6.  5.]
 [ 7.  6.]
 [11.  1.]
 [ 6.  6.]
 [ 0.  6.]
 [ 5.  6.]
 [ 6.  5.]
 [11.  1.]
 [ 6.  6.]
 [-1.  6.]
 [ 6.  7.]
 [ 5.  6.]
 [11.  1.]
 [ 6.  6.]
 [-2.  6.]
 [ 7.  6.]
 [ 6.  7.]
 [11.  1.]
 [ 6.  6.]
 [-2.  6.]
 [ 6.  5.]
 [ 7.  6.]
 [11.  1.]
 [ 6.  6.]
 [-2.  6.]
 [ 5.  6.]
 [ 6.  5.]
 [11.  1.]
 [ 6.  6.]
 [-3.  6.]
 [ 6.  7.]
 [ 5.  6.]
 [11.  1.]
 [ 6.  6.]
 [-3.  6.]
 [ 7.  6.]
 [ 6.  7.]
 [11.  1.]
 [ 6.  6.]
 [-3.  6.]
 [ 6.  5.]
 [ 7.  6.]
 [11.  1.]
 [ 6.  6.]
 [-3.  6.]
 [ 5.  6.]
 [ 6.  5.]
 [11.  1.]
 [ 6.  6.]
 [-3.  6.]
 [ 6.  7.]
 [ 5.  6.]
 [11.  1.]
 [ 6.  6.]
 [-3.  6.]
 [ 7.  6.]
 [ 6.  7.]
 [11.  1.]
 [ 6.  6.]
 [-3.  6.]
 [ 6.  5.]
 [ 7.  6.]
 [11.  1.]
 [ 6.  6.]
 [-3.  6.]
 [ 5.  6.]
 [ 6.  5.]
 [11.  1.]
 [ 6.  6.]
 [-3.  6.]
 [ 6.  7.]
 [ 5.  6.]
 [11.  1.]
 [ 6.  6.]
 [-3.  6.]
 [ 7.  6.]
 [ 6.  7.]
 [11.  1.]
 [ 6.  6.]
 [-3.  6.]
 [ 7.  6.]
 [ 6.  7.]
 [11.  1.]
 [ 6.  6.]
 [-3.  6.]
 [ 6.  5.]
 [ 7.  6.]
 [11.  1.]]
