Maze:
##########################
#                        #
#                        #
#                        #
#                        #
#                        #
#     ##############     #
#     #            #     #
#     #            #     #
#     #          C #     #
#     #            #     #
#     #            #     #
#     #     S      #     #
#     #       B    #     #
#     #            #     #
#     #         A  #     #
#     #           D#     #
#     #            #     #
#     #            #     #
#     ##############     #
#                        #
#                        #
#                        #
#                        #
#                        #
##########################
[[ 6.  6.]
 [10.  9.]
 [ 8.  7.]
 [11.  3.]
 [12. 10.]
 [ 6.  6.]
 [10. 10.]
 [ 8.  8.]
 [10.  4.]
 [13. 11.]
 [ 6.  6.]
 [10. 11.]
 [ 8.  9.]
 [10.  5.]
 [14. 12.]
 [ 6.  6.]
 [10. 12.]
 [ 9. 10.]
 [ 9.  6.]
 [15. 12.]
 [ 6.  6.]
 [10. 13.]
 [ 9. 11.]
 [ 9.  7.]
 [16. 12.]
 [ 6.  6.]
 [10. 14.]
 [ 9. 12.]
 [ 9.  8.]
 [16. 12.]
 [ 6.  6.]
 [10. 15.]
 [ 9. 13.]
 [ 9.  9.]
 [17. 12.]
 [ 6.  6.]
 [10. 16.]
 [ 9. 14.]
 [ 9. 10.]
 [17. 12.]
 [ 6.  6.]
 [10. 17.]
 [ 9. 15.]
 [ 9. 11.]
 [17. 12.]
 [ 6.  6.]
 [10. 17.]
 [ 9. 16.]
 [ 9. 12.]
 [17. 12.]
 [ 6.  6.]
 [11. 17.]
 [10. 17.]
 [ 9. 13.]
 [17. 12.]
 [ 6.  6.]
 [12. 17.]
 [11. 17.]
 [ 9. 14.]
 [17. 12.]
 [ 6.  6.]
 [13. 17.]
 [12. 17.]
 [10. 15.]
 [17. 12.]
 [ 6.  6.]
 [14. 17.]
 [13. 17.]
 [11. 16.]
 [17. 12.]
 [ 6.  6.]
 [15. 17.]
 [14. 17.]
 [12. 16.]
 [17. 11.]
 [ 6.  6.]
 [16. 17.]
 [15. 17.]
 [13. 16.]
 [17. 10.]
 [ 6.  6.]
 [17. 17.]
 [16. 17.]
 [14. 16.]
 [17.  9.]
 [ 6.  6.]
 [17. 17.]
 [16. 17.]
 [15. 16.]
 [17.  8.]
 [ 6.  6.]
 [17. 17.]
 [16. 17.]
 [15. 16.]
 [17.  7.]
 [ 6.  6.]
 [17. 17.]
 [16. 17.]
 [15. 16.]
 [17.  7.]]
