Maze:
##########################
#                        #
#                        #
#                        #
#                        #
#                        #
#     ##############     #
#     #            #     #
#     #            #     #
#     #            #     #
#     #            #     #
#     #            #     #
#     #     S   C  #     #
#     #       B    #     #
#     #            #     #
#     #            #     #
#     #      D     #     #
#     # A          #     #
#     #            #     #
#     ##############     #
#                        #
#                        #
#                        #
#                        #
#                        #
##########################
[[ 6.  6.]
 [ 2. 11.]
 [ 8.  7.]
 [10.  6.]
 [ 7. 10.]
 [ 6.  6.]
 [ 1. 11.]
 [ 7.  7.]
 [ 9.  6.]
 [ 6. 11.]
 [ 6.  6.]
 [ 0. 11.]
 [ 6.  7.]
 [ 8.  6.]
 [ 6. 12.]
 [ 6.  6.]
 [ 0. 11.]
 [ 6.  7.]
 [ 7.  6.]
 [ 6. 13.]
 [ 6.  6.]
 [ 0. 11.]
 [ 5.  6.]
 [ 6.  7.]
 [ 6. 13.]
 [ 6.  6.]
 [-1. 11.]
 [ 6.  5.]
 [ 5.  6.]
 [ 6. 13.]
 [ 6.  6.]
 [-1. 11.]
 [ 7.  6.]
 [ 6.  5.]
 [ 6. 13.]
 [ 6.  6.]
 [-1. 11.]
 [ 6.  7.]
 [ 7.  6.]
 [ 6. 13.]
 [ 6.  6.]
 [-1. 11.]
 [ 5.  6.]
 [ 6.  7.]
 [ 6. 13.]
 [ 6.  6.]
 [-1. 11.]
 [ 6.  5.]
 [ 5.  6.]
 [ 6. 13.]
 [ 6.  6.]
 [-1. 11.]
 [ 7.  6.]
 [ 6.  5.]
 [ 6. 13.]
 [ 6.  6.]
 [-1. 11.]
 [ 6.  7.]
 [ 7.  6.]
 [ 6. 13.]
 [ 6.  6.]
 [-1. 11.]
 [ 5.  6.]
 [ 6.  7.]
 [ 6. 13.]
 [ 6.  6.]
 [-1. 11.]
 [ 6.  5.]
 [ 5.  6.]
 [ 6. 13.]
 [ 6.  6.]
 [-1. 11.]
 [ 7.  6.]
 [ 6.  5.]
 [ 6. 13.]
 [ 6.  6.]
 [-1. 11.]
 [ 6.  7.]
 [ 7.  6.]
 [ 6. 13.]
 [ 6.  6.]
 [-1. 11.]
 [ 5.  6.]
 [ 6.  7.]
 [ 6. 13.]
 [ 6.  6.]
 [-1. 11.]
 [ 6.  5.]
 [ 5.  6.]
 [ 6. 13.]
 [ 6.  6.]
 [-1. 11.]
 [ 7.  6.]
 [ 6.  5.]
 [ 6. 13.]
 [ 6.  6.]
 [-1. 11.]
 [ 6.  7.]
 [ 7.  6.]
 [ 6. 13.]
 [ 6.  6.]
 [-1. 11.]
 [ 6.  7.]
 [ 7.  6.]
 [ 6. 13.]
 [ 6.  6.]
 [-1. 11.]
 [ 5.  6.]
 [ 6.  7.]
 [ 6. 13.]]
