Maze:
##########################
#                        #
#                        #
#                        #
#                        #
#                        #
#     ##############     #
#     #            #     #
#     #            #     #
#     #   C        #     #
#     #            #     #
#     #      B     #     #
#     #     D      #     #
#     #            #     #
#     # S          #     #
#     #            #     #
#     #            #     #
#     #            #     #
#     #        A   #     #
#     ##############     #
#                        #
#                        #
#                        #
#                        #
#                        #
##########################
[[ 2.  8.]
 [ 9. 12.]
 [ 7.  5.]
 [ 4.  3.]
 [ 6.  6.]
 [ 2.  8.]
 [ 9. 12.]
 [ 7.  6.]
 [ 5.  4.]
 [ 6.  6.]
 [ 2.  8.]
 [ 9. 12.]
 [ 7.  7.]
 [ 6.  5.]
 [ 6.  6.]
 [ 2.  8.]
 [ 9. 13.]
 [ 7.  8.]
 [ 6.  5.]
 [ 6.  6.]
 [ 2.  8.]
 [ 9. 14.]
 [ 7.  9.]
 [ 6.  5.]
 [ 6.  6.]
 [ 2.  9.]
 [ 9. 15.]
 [ 7. 10.]
 [ 6.  5.]
 [ 6.  6.]
 [ 2. 10.]
 [ 9. 15.]
 [ 7. 11.]
 [ 6.  5.]
 [ 6.  6.]
 [ 2. 10.]
 [ 9. 16.]
 [ 7. 12.]
 [ 6.  5.]
 [ 6.  6.]
 [ 2. 11.]
 [ 9. 17.]
 [ 7. 13.]
 [ 6.  5.]
 [ 6.  6.]
 [ 2. 11.]
 [ 9. 17.]
 [ 7. 14.]
 [ 6.  5.]
 [ 6.  6.]
 [ 2. 11.]
 [ 9. 17.]
 [ 7. 15.]
 [ 6.  5.]
 [ 6.  6.]
 [ 2. 11.]
 [10. 17.]
 [ 8. 16.]
 [ 6.  5.]
 [ 6.  6.]
 [ 2. 11.]
 [11. 17.]
 [ 9. 16.]
 [ 6.  5.]
 [ 6.  6.]
 [ 2. 11.]
 [12. 17.]
 [10. 16.]
 [ 6.  5.]
 [ 6.  6.]
 [ 2. 11.]
 [13. 17.]
 [11. 16.]
 [ 6.  5.]
 [ 6.  6.]
 [ 2. 11.]
 [14. 17.]
 [12. 16.]
 [ 6.  5.]
 [ 6.  6.]
 [ 2. 11.]
 [15. 17.]
 [13. 16.]
 [ 6.  5.]
 [ 6.  6.]
 [ 2. 11.]
 [16. 17.]
 [14. 16.]
 [ 6.  5.]
 [ 6.  6.]
 [ 2. 11.]
 [17. 17.]
 [15. 16.]
 [ 6.  5.]
 [ 6.  6.]
 [ 2. 11.]
 [17. 17.]
 [16. 16.]
 [ 6.  5.]
 [ 6.  6.]
 [ 2. 11.]
 [17. 17.]
 [16. 16.]
 [ 6.  5.]
 [ 6.  6.]]
