Maze:
##########################
#                        #
#                        #
#                        #
#                        #
#                        #
#     ##############     #
#     #            #     #
#     #            #     #
#     #            #     #
#     #            #     #
#     #          S #     #
#     #  C  A      #     #
#     #    B       #     #
#     #       D    #     #
#     #            #     #
#     #            #     #
#     #            #     #
#     #            #     #
#     ##############     #
#                        #
#                        #
#                        #
#                        #
#                        #
##########################
[[11.  5.]
 [ 6.  6.]
 [ 5.  7.]
 [ 3.  6.]
 [ 8.  8.]
 [11.  5.]
 [ 6.  6.]
 [ 5.  7.]
 [ 4.  7.]
 [ 9.  8.]
 [11.  5.]
 [ 6.  6.]
 [ 6.  7.]
 [ 5.  7.]
 [10.  8.]
 [11.  4.]
 [ 6.  6.]
 [ 7.  6.]
 [ 6.  7.]
 [11.  8.]
 [11.  4.]
 [ 6.  6.]
 [ 7.  6.]
 [ 7.  7.]
 [12.  8.]
 [11.  4.]
 [ 6.  6.]
 [ 6.  5.]
 [ 7.  6.]
 [13.  7.]
 [11.  3.]
 [ 6.  6.]
 [ 6.  5.]
 [ 7.  5.]
 [13.  6.]
 [11.  2.]
 [ 6.  6.]
 [ 5.  6.]
 [ 6.  5.]
 [13.  5.]
 [11.  2.]
 [ 6.  6.]
 [ 5.  6.]
 [ 5.  5.]
 [13.  4.]
 [10.  1.]
 [ 6.  6.]
 [ 6.  7.]
 [ 5.  6.]
 [12.  3.]
 [ 9.  0.]
 [ 6.  6.]
 [ 6.  7.]
 [ 5.  7.]
 [12.  2.]
 [ 9.  0.]
 [ 6.  6.]
 [ 7.  6.]
 [ 6.  7.]
 [11.  1.]
 [ 8.  0.]
 [ 6.  6.]
 [ 7.  6.]
 [ 7.  7.]
 [10.  0.]
 [ 7.  0.]
 [ 6.  6.]
 [ 6.  5.]
 [ 7.  6.]
 [ 9.  0.]
 [ 6.  0.]
 [ 6.  6.]
 [ 6.  5.]
 [ 7.  5.]
 [ 8.  0.]
 [ 5.  0.]
 [ 6.  6.]
 [ 5.  6.]
 [ 6.  5.]
 [ 7.  0.]
 [ 4.  0.]
 [ 6.  6.]
 [ 5.  6.]
 [ 5.  5.]
 [ 6.  0.]
 [ 3.  0.]
 [ 6.  6.]
 [ 6.  7.]
 [ 5.  6.]
 [ 5.  0.]
 [ 2.  0.]
 [ 6.  6.]
 [ 6.  7.]
 [ 5.  7.]
 [ 4.  0.]
 [ 1.  0.]
 [ 6.  6.]
 [ 7.  6.]
 [ 6.  7.]
 [ 3.  0.]
 [ 1.  0.]
 [ 6.  6.]
 [ 7.  6.]
 [ 6.  7.]
 [ 3.  0.]
 [ 0.  0.]
 [ 6.  6.]
 [ 7.  6.]
 [ 7.  7.]
 [ 2.  0.]]
