Maze:
##########################
#                        #
#                        #
#                        #
#                        #
#                        #
#     ##############     #
#     #            #     #
#     #            #     #
#     #            #     #
#     #       A    #     #
#     #         C  #     #
#     #     S      #     #
#     #            #     #
#     #          B #     #
#     #            #     #
#     #            #     #
#     #            #     #
#     #           D#     #
#     ##############     #
#                        #
#                        #
#                        #
#                        #
#                        #
##########################
[[ 6.  6.]
 [ 8.  4.]
 [11.  8.]
 [10.  5.]
 [12. 12.]
 [ 6.  6.]
 [ 7.  3.]
 [10.  9.]
 [11.  6.]
 [12. 13.]
 [ 6.  6.]
 [ 7.  2.]
 [ 9. 10.]
 [11.  7.]
 [12. 14.]
 [ 6.  6.]
 [ 7.  1.]
 [ 8. 10.]
 [11.  8.]
 [12. 15.]
 [ 6.  6.]
 [ 7.  0.]
 [ 7. 10.]
 [10.  9.]
 [12. 16.]
 [ 6.  6.]
 [ 7.  0.]
 [ 6. 10.]
 [ 9.  9.]
 [12. 16.]
 [ 6.  6.]
 [ 7.  0.]
 [ 5. 10.]
 [ 8.  9.]
 [12. 16.]
 [ 6.  6.]
 [ 7.  0.]
 [ 4. 10.]
 [ 7.  9.]
 [12. 16.]
 [ 6.  6.]
 [ 7.  0.]
 [ 3. 10.]
 [ 6.  9.]
 [12. 16.]
 [ 6.  6.]
 [ 7.  0.]
 [ 2. 10.]
 [ 5.  9.]
 [12. 16.]
 [ 6.  6.]
 [ 7.  0.]
 [ 1. 10.]
 [ 4.  9.]
 [12. 16.]
 [ 6.  6.]
 [ 7.  0.]
 [ 0. 10.]
 [ 3.  9.]
 [12. 16.]
 [ 6.  6.]
 [ 7.  0.]
 [-1. 10.]
 [ 2.  9.]
 [12. 16.]
 [ 6.  6.]
 [ 7.  0.]
 [-2. 10.]
 [ 1.  9.]
 [12. 16.]
 [ 6.  6.]
 [ 7.  0.]
 [-3. 10.]
 [ 0.  9.]
 [12. 16.]
 [ 6.  6.]
 [ 7.  0.]
 [-4. 10.]
 [-1.  9.]
 [12. 16.]
 [ 6.  6.]
 [ 7.  0.]
 [-5. 10.]
 [-2.  9.]
 [12. 16.]
 [ 6.  6.]
 [ 7.  0.]
 [-5. 10.]
 [-3.  9.]
 [12. 16.]
 [ 6.  6.]
 [ 7.  0.]
 [-5. 10.]
 [-4.  9.]
 [12. 16.]
 [ 6.  6.]
 [ 7.  0.]
 [-5. 11.]
 [-5. 10.]
 [12. 16.]
 [ 6.  6.]
 [ 7.  0.]
 [-5. 11.]
 [-5. 10.]
 [12. 16.]
 [ 6.  6.]
 [ 7.  0.]
 [-5. 12.]
 [-5. 11.]
 [12. 16.]]
