Maze:
##########################
#                        #
#                        #
#                        #
#                        #
#                        #
#     ##############     #
#     #     C      #     #
#     #          S #     #
#     #            #     #
#     #   B        #     #
#     #            #     #
#     #D    A      #     #
#     #            #     #
#     #            #     #
#     #            #     #
#     #            #     #
#     #            #     #
#     #            #     #
#     ##############     #
#                        #
#                        #
#                        #
#                        #
#                        #
##########################
[[11.  2.]
 [ 6.  6.]
 [ 4.  4.]
 [ 6.  1.]
 [ 1.  6.]
 [11.  2.]
 [ 6.  6.]
 [ 4.  5.]
 [ 5.  2.]
 [ 0.  7.]
 [11.  2.]
 [ 6.  6.]
 [ 5.  6.]
 [ 5.  3.]
 [-1.  8.]
 [11.  2.]
 [ 6.  6.]
 [ 5.  6.]
 [ 5.  4.]
 [-2.  8.]
 [11.  2.]
 [ 6.  6.]
 [ 5.  6.]
 [ 5.  5.]
 [-2.  8.]
 [11.  2.]
 [ 6.  6.]
 [ 6.  7.]
 [ 5.  6.]
 [-3.  8.]
 [11.  2.]
 [ 6.  6.]
 [ 6.  7.]
 [ 5.  7.]
 [-3.  8.]
 [11.  2.]
 [ 6.  6.]
 [ 7.  6.]
 [ 6.  7.]
 [-3.  8.]
 [11.  2.]
 [ 6.  6.]
 [ 7.  6.]
 [ 7.  7.]
 [-3.  8.]
 [11.  2.]
 [ 6.  6.]
 [ 6.  5.]
 [ 7.  6.]
 [-3.  8.]
 [11.  2.]
 [ 6.  6.]
 [ 6.  5.]
 [ 7.  5.]
 [-3.  8.]
 [11.  2.]
 [ 6.  6.]
 [ 5.  6.]
 [ 6.  5.]
 [-3.  8.]
 [11.  2.]
 [ 6.  6.]
 [ 5.  6.]
 [ 5.  5.]
 [-3.  8.]
 [11.  2.]
 [ 6.  6.]
 [ 6.  7.]
 [ 5.  6.]
 [-3.  8.]
 [11.  2.]
 [ 6.  6.]
 [ 6.  7.]
 [ 5.  7.]
 [-3.  8.]
 [11.  2.]
 [ 6.  6.]
 [ 7.  6.]
 [ 6.  7.]
 [-3.  8.]
 [11.  2.]
 [ 6.  6.]
 [ 7.  6.]
 [ 7.  7.]
 [-3.  8.]
 [11.  2.]
 [ 6.  6.]
 [ 6.  5.]
 [ 7.  6.]
 [-3.  8.]
 [11.  2.]
 [ 6.  6.]
 [ 6.  5.]
 [ 7.  5.]
 [-3.  8.]
 [11.  2.]
 [ 6.  6.]
 [ 5.  6.]
 [ 6.  5.]
 [-3.  8.]
 [11.  2.]
 [ 6.  6.]
 [ 5.  6.]
 [ 6.  5.]
 [-3.  8.]
 [11.  2.]
 [ 6.  6.]
 [ 5.  6.]
 [ 5.  5.]
 [-3.  8.]]
