Maze:
##########################
#                        #
#                        #
#                        #
#                        #
#                        #
#     ##############     #
#     #            #     #
#     #            #     #
#     #            #     #
#     #            #     #
#     #            #     #
#     #     S      #     #
#     #            #     #
#     #           B#     #
#     #            #     #
#     #      C     #     #
#     #       A    #     #
#     #  D         #     #
#     ##############     #
#                        #
#                        #
#                        #
#                        #
#                        #
##########################
[[ 6.  6.]
 [ 8. 11.]
 [12.  8.]
 [ 7. 10.]
 [ 3. 12.]
 [ 6.  6.]
 [ 9. 12.]
 [11.  8.]
 [ 6.  9.]
 [ 2. 12.]
 [ 6.  6.]
 [ 9. 13.]
 [11.  9.]
 [ 6.  8.]
 [ 1. 12.]
 [ 6.  6.]
 [ 9. 14.]
 [11. 10.]
 [ 7.  7.]
 [ 1. 12.]
 [ 6.  6.]
 [ 9. 15.]
 [11. 11.]
 [ 7.  6.]
 [ 1. 12.]
 [ 6.  6.]
 [ 9. 16.]
 [11. 12.]
 [ 7.  6.]
 [ 1. 12.]
 [ 6.  6.]
 [ 9. 17.]
 [11. 13.]
 [ 7.  6.]
 [ 1. 12.]
 [ 6.  6.]
 [ 9. 17.]
 [11. 14.]
 [ 7.  6.]
 [ 1. 12.]
 [ 6.  6.]
 [ 9. 17.]
 [10. 15.]
 [ 7.  6.]
 [ 1. 12.]
 [ 6.  6.]
 [ 9. 17.]
 [10. 16.]
 [ 7.  6.]
 [ 1. 12.]
 [ 6.  6.]
 [ 8. 17.]
 [ 9. 17.]
 [ 7.  6.]
 [ 1. 12.]
 [ 6.  6.]
 [ 7. 17.]
 [ 8. 17.]
 [ 7.  6.]
 [ 1. 12.]
 [ 6.  6.]
 [ 6. 17.]
 [ 7. 17.]
 [ 7.  6.]
 [ 1. 12.]
 [ 6.  6.]
 [ 5. 17.]
 [ 6. 17.]
 [ 7.  6.]
 [ 1. 12.]
 [ 6.  6.]
 [ 4. 17.]
 [ 5. 17.]
 [ 7.  6.]
 [ 1. 12.]
 [ 6.  6.]
 [ 3. 17.]
 [ 4. 17.]
 [ 7.  6.]
 [ 1. 12.]
 [ 6.  6.]
 [ 2. 17.]
 [ 3. 17.]
 [ 7.  6.]
 [ 1. 11.]
 [ 6.  6.]
 [ 1. 17.]
 [ 2. 17.]
 [ 7.  6.]
 [ 1. 11.]
 [ 6.  6.]
 [ 0. 17.]
 [ 1. 17.]
 [ 7.  6.]
 [ 1. 10.]
 [ 6.  6.]
 [-1. 17.]
 [ 0. 17.]
 [ 7.  6.]
 [ 1. 10.]
 [ 6.  6.]
 [-1. 17.]
 [ 0. 17.]
 [ 7.  6.]
 [ 1. 10.]
 [ 6.  6.]
 [-2. 17.]
 [-1. 17.]
 [ 7.  6.]
 [ 1. 10.]]
