Maze:
##########################
#                        #
#                        #
#                        #
#                        #
#                        #
#     ##############     #
#     #            #     #
#     #           B#     #
#     #       A    #     #
#     #            #     #
#     #            #     #
#     #     C      #     #
#     #         D  #     #
#     #            #     #
#     #            #     #
#     #            #     #
#     #            #     #
#     #      S     #     #
#     ##############     #
#                        #
#                        #
#                        #
#                        #
#                        #
##########################
[[ 7. 12.]
 [ 8.  3.]
 [12.  2.]
 [ 6.  6.]
 [10.  7.]
 [ 7. 12.]
 [ 8.  2.]
 [11.  2.]
 [ 6.  6.]
 [10.  8.]
 [ 7. 12.]
 [ 7.  1.]
 [10.  2.]
 [ 6.  6.]
 [10.  9.]
 [ 7. 12.]
 [ 6.  0.]
 [ 9.  2.]
 [ 6.  6.]
 [10. 10.]
 [ 7. 13.]
 [ 5. -1.]
 [ 8.  1.]
 [ 6.  6.]
 [10. 11.]
 [ 7. 13.]
 [ 4. -2.]
 [ 7.  0.]
 [ 6.  6.]
 [ 9. 12.]
 [ 6. 14.]
 [ 3. -3.]
 [ 6. -1.]
 [ 6.  6.]
 [ 8. 13.]
 [ 5. 15.]
 [ 2. -4.]
 [ 5. -2.]
 [ 6.  6.]
 [ 7. 14.]
 [ 4. 15.]
 [ 1. -4.]
 [ 4. -3.]
 [ 6.  6.]
 [ 6. 15.]
 [ 3. 15.]
 [ 0. -4.]
 [ 3. -3.]
 [ 6.  6.]
 [ 5. 15.]
 [ 2. 15.]
 [-1. -4.]
 [ 2. -3.]
 [ 6.  6.]
 [ 4. 15.]
 [ 1. 15.]
 [-2. -4.]
 [ 1. -3.]
 [ 6.  6.]
 [ 3. 15.]
 [ 0. 15.]
 [-3. -4.]
 [ 0. -3.]
 [ 6.  6.]
 [ 2. 15.]
 [-1. 15.]
 [-4. -4.]
 [-1. -3.]
 [ 6.  6.]
 [ 1. 15.]
 [-2. 15.]
 [-5. -4.]
 [-2. -3.]
 [ 6.  6.]
 [ 0. 15.]
 [-3. 15.]
 [-5. -4.]
 [-3. -3.]
 [ 6.  6.]
 [-1. 15.]
 [-4. 15.]
 [-5. -4.]
 [-4. -3.]
 [ 6.  6.]
 [-2. 15.]
 [-5. 15.]
 [-5. -5.]
 [-5. -4.]
 [ 6.  6.]
 [-3. 15.]
 [-5. 15.]
 [-5. -5.]
 [-5. -4.]
 [ 6.  6.]
 [-4. 15.]
 [-5. 15.]
 [-5. -5.]
 [-5. -4.]
 [ 6.  6.]
 [-4. 15.]]
