Maze:
##########################
#                        #
#                        #
#                        #
#                        #
#                        #
#     ##############     #
#     #            #     #
#     #       D    #     #
#     #         B  #     #
#     #            #     #
#     #          C #     #
#     #     A      #     #
#     #            #     #
#     #            #     #
#     #            #     #
#     #            #     #
#     #            #     #
#     # S          #     #
#     ##############     #
#                        #
#                        #
#                        #
#                        #
#                        #
##########################
[[ 2. 12.]
 [ 6.  6.]
 [10.  3.]
 [11.  5.]
 [ 8.  2.]
 [ 2. 12.]
 [ 6.  6.]
 [ 9.  2.]
 [11.  4.]
 [ 7.  1.]
 [ 2. 12.]
 [ 6.  6.]
 [ 8.  2.]
 [10.  3.]
 [ 6.  1.]
 [ 2. 12.]
 [ 6.  6.]
 [ 7.  2.]
 [ 9.  3.]
 [ 5.  1.]
 [ 2. 12.]
 [ 6.  6.]
 [ 6.  2.]
 [ 8.  2.]
 [ 4.  1.]
 [ 2. 12.]
 [ 6.  6.]
 [ 5.  2.]
 [ 7.  2.]
 [ 3.  1.]
 [ 2. 12.]
 [ 6.  6.]
 [ 4.  2.]
 [ 6.  2.]
 [ 2.  1.]
 [ 2. 12.]
 [ 6.  6.]
 [ 3.  2.]
 [ 5.  2.]
 [ 1.  1.]
 [ 2. 12.]
 [ 6.  6.]
 [ 2.  2.]
 [ 4.  2.]
 [ 0.  1.]
 [ 2. 12.]
 [ 6.  6.]
 [ 1.  2.]
 [ 3.  2.]
 [-1.  1.]
 [ 2. 12.]
 [ 6.  6.]
 [ 0.  2.]
 [ 2.  2.]
 [-2.  1.]
 [ 2. 12.]
 [ 6.  6.]
 [-1.  2.]
 [ 1.  2.]
 [-3.  1.]
 [ 2. 12.]
 [ 6.  6.]
 [-2.  2.]
 [ 0.  2.]
 [-4.  1.]
 [ 2. 12.]
 [ 6.  6.]
 [-3.  2.]
 [-1.  2.]
 [-5.  1.]
 [ 2. 12.]
 [ 6.  6.]
 [-4.  2.]
 [-2.  2.]
 [-5.  1.]
 [ 2. 12.]
 [ 6.  6.]
 [-5.  2.]
 [-3.  2.]
 [-5.  0.]
 [ 2. 12.]
 [ 6.  6.]
 [-5.  2.]
 [-4.  2.]
 [-5. -1.]
 [ 2. 12.]
 [ 6.  6.]
 [-5.  2.]
 [-4.  2.]
 [-5. -2.]
 [ 2. 12.]
 [ 6.  6.]
 [-5.  2.]
 [-4.  2.]
 [-5. -3.]
 [ 2. 12.]
 [ 6.  6.]
 [-5.  2.]
 [-4.  2.]
 [-5. -4.]
 [ 2. 12.]
 [ 6.  6.]
 [-5.  2.]
 [-4.  2.]
 [-5. -4.]
 [ 2. 12.]
 [ 6.  6.]
 [-5.  2.]
 [-4.  2.]
 [-5. -5.]]
