Maze:
##########################
#                        #
#                        #
#                        #
#                        #
#                        #
#     ##############     #
#     #            #     #
#     #            #     #
#     #            #     #
#     #            #     #
#     #   A        #     #
#     #     S      #     #
#     #            #     #
#     #      B     #     #
#     #            #     #
#     #       D    #     #
#     #C           #     #
#     #            #     #
#     ##############     #
#                        #
#                        #
#                        #
#                        #
#                        #
##########################
[[ 6.  6.]
 [ 4.  5.]
 [ 7.  8.]
 [ 1. 11.]
 [ 8. 10.]
 [ 6.  6.]
 [ 3.  4.]
 [ 7.  7.]
 [ 2. 11.]
 [ 9. 11.]
 [ 6.  6.]
 [ 2.  3.]
 [ 7.  7.]
 [ 3. 11.]
 [ 9. 11.]
 [ 6.  6.]
 [ 2.  2.]
 [ 7.  7.]
 [ 4. 11.]
 [10. 11.]
 [ 6.  6.]
 [ 2.  2.]
 [ 7.  7.]
 [ 5. 10.]
 [11. 11.]
 [ 6.  6.]
 [ 2.  2.]
 [ 7.  7.]
 [ 6.  9.]
 [12. 11.]
 [ 6.  6.]
 [ 2.  2.]
 [ 7.  6.]
 [ 6.  8.]
 [13. 11.]
 [ 6.  6.]
 [ 2.  1.]
 [ 7.  6.]
 [ 6.  7.]
 [13. 11.]
 [ 6.  6.]
 [ 2.  1.]
 [ 6.  5.]
 [ 7.  6.]
 [13. 11.]
 [ 6.  6.]
 [ 2.  0.]
 [ 5.  6.]
 [ 6.  5.]
 [13. 11.]
 [ 6.  6.]
 [ 2. -1.]
 [ 6.  7.]
 [ 5.  6.]
 [13. 11.]
 [ 6.  6.]
 [ 2. -1.]
 [ 7.  6.]
 [ 6.  7.]
 [13. 11.]
 [ 6.  6.]
 [ 2. -1.]
 [ 6.  5.]
 [ 7.  6.]
 [13. 11.]
 [ 6.  6.]
 [ 2. -1.]
 [ 5.  6.]
 [ 6.  5.]
 [13. 11.]
 [ 6.  6.]
 [ 2. -1.]
 [ 6.  7.]
 [ 5.  6.]
 [13. 11.]
 [ 6.  6.]
 [ 2. -1.]
 [ 7.  6.]
 [ 6.  7.]
 [13. 11.]
 [ 6.  6.]
 [ 2. -1.]
 [ 6.  5.]
 [ 7.  6.]
 [13. 11.]
 [ 6.  6.]
 [ 2. -1.]
 [ 5.  6.]
 [ 6.  5.]
 [13. 11.]
 [ 6.  6.]
 [ 2. -1.]
 [ 6.  7.]
 [ 5.  6.]
 [13. 11.]
 [ 6.  6.]
 [ 2. -1.]
 [ 7.  6.]
 [ 6.  7.]
 [13. 11.]
 [ 6.  6.]
 [ 2. -1.]
 [ 7.  6.]
 [ 6.  7.]
 [13. 11.]
 [ 6.  6.]
 [ 2. -1.]
 [ 6.  5.]
 [ 7.  6.]
 [13. 11.]]
