Maze:
##########################
#                        #
#                        #
#                        #
#                        #
#                        #
#     ##############     #
#     #            #     #
#     #            #     #
#     #            #     #
#     #    S       #     #
#     #            #     #
#     #   C D      #     #
#     #          A #     #
#     #        B   #     #
#     #            #     #
#     #            #     #
#     #            #     #
#     #            #     #
#     ##############     #
#                        #
#                        #
#                        #
#                        #
#                        #
##########################
[[ 5.  4.]
 [11.  7.]
 [ 9.  8.]
 [ 4.  6.]
 [ 6.  6.]
 [ 5.  3.]
 [12.  7.]
 [10.  8.]
 [ 5.  6.]
 [ 6.  6.]
 [ 5.  2.]
 [13.  7.]
 [11.  8.]
 [ 5.  6.]
 [ 6.  6.]
 [ 5.  1.]
 [14.  7.]
 [12.  8.]
 [ 5.  6.]
 [ 6.  6.]
 [ 5.  0.]
 [15.  7.]
 [13.  8.]
 [ 5.  6.]
 [ 6.  6.]
 [ 5.  0.]
 [16.  7.]
 [14.  8.]
 [ 5.  6.]
 [ 6.  6.]
 [ 5.  0.]
 [17.  7.]
 [15.  8.]
 [ 5.  6.]
 [ 6.  6.]
 [ 5.  0.]
 [17.  7.]
 [16.  8.]
 [ 5.  6.]
 [ 6.  6.]
 [ 5.  0.]
 [17.  6.]
 [17.  7.]
 [ 5.  6.]
 [ 6.  6.]
 [ 5.  0.]
 [17.  5.]
 [17.  6.]
 [ 5.  6.]
 [ 6.  6.]
 [ 5.  0.]
 [17.  4.]
 [17.  5.]
 [ 5.  6.]
 [ 6.  6.]
 [ 5.  0.]
 [17.  3.]
 [17.  4.]
 [ 5.  6.]
 [ 6.  6.]
 [ 5.  0.]
 [17.  2.]
 [17.  3.]
 [ 5.  6.]
 [ 6.  6.]
 [ 5. -1.]
 [17.  1.]
 [17.  2.]
 [ 5.  6.]
 [ 6.  6.]
 [ 5. -1.]
 [17.  0.]
 [17.  1.]
 [ 5.  6.]
 [ 6.  6.]
 [ 5. -1.]
 [17. -1.]
 [17.  0.]
 [ 5.  6.]
 [ 6.  6.]
 [ 5. -1.]
 [17. -2.]
 [17. -1.]
 [ 5.  6.]
 [ 6.  6.]
 [ 5. -1.]
 [17. -3.]
 [17. -2.]
 [ 5.  6.]
 [ 6.  6.]
 [ 5. -1.]
 [17. -4.]
 [17. -3.]
 [ 5.  6.]
 [ 6.  6.]
 [ 5. -1.]
 [17. -5.]
 [17. -4.]
 [ 5.  6.]
 [ 6.  6.]
 [ 5. -1.]
 [17. -5.]
 [17. -4.]
 [ 5.  6.]
 [ 6.  6.]]
