Maze:
##########################
#                        #
#                        #
#                        #
#                        #
#                        #
#     ##############     #
#     #            #     #
#     #            #     #
#     #            #     #
#     #   A        #     #
#     #            #     #
#     #     D      #     #
#     #B           #     #
#     #            #     #
#     #            #     #
#     #        C   #     #
#     #            #     #
#     #    S       #     #
#     ##############     #
#                        #
#                        #
#                        #
#                        #
#                        #
##########################
[[ 5. 12.]
 [ 4.  4.]
 [ 1.  7.]
 [ 9. 10.]
 [ 6.  6.]
 [ 4. 12.]
 [ 4.  3.]
 [ 2.  6.]
 [ 8. 10.]
 [ 6.  6.]
 [ 3. 12.]
 [ 4.  2.]
 [ 3.  5.]
 [ 7. 10.]
 [ 6.  6.]
 [ 2. 12.]
 [ 4.  1.]
 [ 3.  4.]
 [ 6.  9.]
 [ 6.  6.]
 [ 2. 12.]
 [ 4.  0.]
 [ 3.  3.]
 [ 6.  8.]
 [ 6.  6.]
 [ 2. 12.]
 [ 4. -1.]
 [ 3.  2.]
 [ 6.  7.]
 [ 6.  6.]
 [ 2. 12.]
 [ 4. -2.]
 [ 3.  1.]
 [ 6.  7.]
 [ 6.  6.]
 [ 2. 12.]
 [ 4. -3.]
 [ 3.  0.]
 [ 6.  7.]
 [ 6.  6.]
 [ 2. 12.]
 [ 4. -4.]
 [ 3. -1.]
 [ 6.  7.]
 [ 6.  6.]
 [ 2. 12.]
 [ 4. -5.]
 [ 3. -2.]
 [ 6.  7.]
 [ 6.  6.]
 [ 2. 12.]
 [ 4. -5.]
 [ 3. -3.]
 [ 6.  7.]
 [ 6.  6.]
 [ 2. 12.]
 [ 4. -5.]
 [ 3. -4.]
 [ 6.  7.]
 [ 6.  6.]
 [ 2. 12.]
 [ 5. -5.]
 [ 4. -5.]
 [ 6.  7.]
 [ 6.  6.]
 [ 2. 12.]
 [ 6. -5.]
 [ 5. -5.]
 [ 6.  7.]
 [ 6.  6.]
 [ 2. 12.]
 [ 7. -5.]
 [ 6. -5.]
 [ 6.  7.]
 [ 6.  6.]
 [ 2. 12.]
 [ 8. -5.]
 [ 7. -5.]
 [ 6.  7.]
 [ 6.  6.]
 [ 2. 12.]
 [ 9. -5.]
 [ 8. -5.]
 [ 6.  7.]
 [ 6.  6.]
 [ 2. 12.]
 [10. -5.]
 [ 9. -5.]
 [ 6.  7.]
 [ 6.  6.]
 [ 2. 12.]
 [11. -5.]
 [10. -5.]
 [ 6.  7.]
 [ 6.  6.]
 [ 2. 12.]
 [12. -5.]
 [11. -5.]
 [ 6.  7.]
 [ 6.  6.]
 [ 2. 12.]
 [12. -5.]
 [11. -5.]
 [ 6.  7.]
 [ 6.  6.]
 [ 2. 12.]
 [13. -5.]
 [12. -5.]
 [ 6.  7.]
 [ 6.  6.]]
