Maze:
##########################
#                        #
#                        #
#                        #
#                        #
#                        #
#     ##############     #
#     #            #     #
#     #   C        #     #
#     #            #     #
#     #           B#     #
#     #            #     #
#     #     D      #     #
#     #            #     #
#     #            #     #
#     #            #     #
#     #          A #     #
#     #            #     #
#     #S           #     #
#     ##############     #
#                        #
#                        #
#                        #
#                        #
#                        #
##########################
[[ 1. 12.]
 [11. 10.]
 [12.  4.]
 [ 4.  2.]
 [ 6.  6.]
 [ 1. 12.]
 [11. 10.]
 [12.  5.]
 [ 4.  2.]
 [ 6.  6.]
 [ 1. 12.]
 [11. 10.]
 [12.  6.]
 [ 4.  2.]
 [ 6.  6.]
 [ 1. 12.]
 [11. 11.]
 [12.  7.]
 [ 4.  3.]
 [ 6.  6.]
 [ 1. 12.]
 [11. 12.]
 [12.  8.]
 [ 5.  4.]
 [ 6.  6.]
 [ 1. 12.]
 [11. 13.]
 [12.  9.]
 [ 6.  5.]
 [ 6.  6.]
 [ 1. 12.]
 [11. 14.]
 [12. 10.]
 [ 6.  5.]
 [ 6.  6.]
 [ 1. 12.]
 [11. 15.]
 [12. 11.]
 [ 6.  5.]
 [ 6.  6.]
 [ 1. 12.]
 [11. 16.]
 [12. 12.]
 [ 6.  5.]
 [ 6.  6.]
 [ 1. 12.]
 [11. 17.]
 [12. 13.]
 [ 6.  5.]
 [ 6.  6.]
 [ 1. 12.]
 [11. 17.]
 [12. 14.]
 [ 6.  5.]
 [ 6.  6.]
 [ 1. 12.]
 [11. 17.]
 [12. 15.]
 [ 6.  5.]
 [ 6.  6.]
 [ 1. 12.]
 [11. 17.]
 [12. 16.]
 [ 6.  5.]
 [ 6.  6.]
 [ 1. 12.]
 [10. 17.]
 [11. 17.]
 [ 6.  5.]
 [ 6.  6.]
 [ 1. 12.]
 [ 9. 17.]
 [10. 17.]
 [ 6.  5.]
 [ 6.  6.]
 [ 1. 12.]
 [ 8. 17.]
 [ 9. 17.]
 [ 6.  5.]
 [ 6.  6.]
 [ 1. 12.]
 [ 7. 17.]
 [ 8. 17.]
 [ 6.  5.]
 [ 6.  6.]
 [ 1. 12.]
 [ 6. 17.]
 [ 7. 17.]
 [ 6.  5.]
 [ 6.  6.]
 [ 1. 12.]
 [ 5. 17.]
 [ 6. 17.]
 [ 6.  5.]
 [ 6.  6.]
 [ 1. 12.]
 [ 4. 17.]
 [ 5. 17.]
 [ 6.  5.]
 [ 6.  6.]
 [ 1. 12.]
 [ 4. 17.]
 [ 5. 17.]
 [ 6.  5.]
 [ 6.  6.]
 [ 1. 13.]
 [ 3. 17.]
 [ 4. 17.]
 [ 6.  5.]
 [ 6.  6.]]
