Maze:
##########################
#                        #
#                        #
#                        #
#                        #
#                        #
#     ##############     #
#     #            #     #
#     #            #     #
#     #    C       #     #
#     #            #     #
#     #            #     #
#     #     S      #     #
#     #           B#     #
#     #            #     #
#     #            #     #
#     #        A   #     #
#     #  D         #     #
#     #            #     #
#     ##############     #
#                        #
#                        #
#                        #
#                        #
#                        #
##########################
[[ 6.  6.]
 [ 9. 10.]
 [12.  7.]
 [ 5.  3.]
 [ 3. 11.]
 [ 6.  6.]
 [ 9. 11.]
 [11.  8.]
 [ 5.  4.]
 [ 3. 11.]
 [ 6.  6.]
 [ 9. 12.]
 [10.  9.]
 [ 6.  5.]
 [ 3. 11.]
 [ 6.  6.]
 [ 9. 13.]
 [10. 10.]
 [ 6.  5.]
 [ 3. 11.]
 [ 6.  6.]
 [ 9. 14.]
 [10. 11.]
 [ 6.  5.]
 [ 3. 11.]
 [ 6.  6.]
 [ 9. 15.]
 [10. 12.]
 [ 6.  5.]
 [ 3. 11.]
 [ 6.  6.]
 [ 9. 16.]
 [10. 13.]
 [ 6.  5.]
 [ 3. 11.]
 [ 6.  6.]
 [ 9. 17.]
 [10. 14.]
 [ 6.  5.]
 [ 3. 11.]
 [ 6.  6.]
 [ 9. 17.]
 [10. 15.]
 [ 6.  5.]
 [ 3. 11.]
 [ 6.  6.]
 [ 9. 17.]
 [10. 16.]
 [ 6.  5.]
 [ 3. 11.]
 [ 6.  6.]
 [ 8. 17.]
 [ 9. 17.]
 [ 6.  5.]
 [ 3. 11.]
 [ 6.  6.]
 [ 7. 17.]
 [ 8. 17.]
 [ 6.  5.]
 [ 3. 11.]
 [ 6.  6.]
 [ 6. 17.]
 [ 7. 17.]
 [ 6.  5.]
 [ 3. 11.]
 [ 6.  6.]
 [ 5. 17.]
 [ 6. 17.]
 [ 6.  5.]
 [ 3. 11.]
 [ 6.  6.]
 [ 4. 17.]
 [ 5. 17.]
 [ 6.  5.]
 [ 3. 11.]
 [ 6.  6.]
 [ 3. 17.]
 [ 4. 17.]
 [ 6.  5.]
 [ 3. 11.]
 [ 6.  6.]
 [ 2. 17.]
 [ 3. 17.]
 [ 6.  5.]
 [ 3. 10.]
 [ 6.  6.]
 [ 1. 17.]
 [ 2. 17.]
 [ 6.  5.]
 [ 3. 10.]
 [ 6.  6.]
 [ 0. 17.]
 [ 1. 17.]
 [ 6.  5.]
 [ 3. 10.]
 [ 6.  6.]
 [-1. 17.]
 [ 0. 17.]
 [ 6.  5.]
 [ 3. 10.]
 [ 6.  6.]
 [-1. 17.]
 [ 0. 17.]
 [ 6.  5.]
 [ 3. 10.]
 [ 6.  6.]
 [-2. 17.]
 [-1. 17.]
 [ 6.  5.]
 [ 3. 10.]]
