Maze:
##########################
#                        #
#                        #
#                        #
#                        #
#                        #
#     ##############     #
#     #            #     #
#     #            #     #
#     # S          #     #
#     #            #     #
#     #D           #     #
#     #     CB     #     #
#     #            #     #
#     #            #     #
#     #            #     #
#     #  A         #     #
#     #            #     #
#     #            #     #
#     ##############     #
#                        #
#                        #
#                        #
#                        #
#                        #
##########################
[[ 2.  3.]
 [ 3. 10.]
 [ 7.  6.]
 [ 6.  6.]
 [ 1.  5.]
 [ 2.  2.]
 [ 3. 11.]
 [ 8.  6.]
 [ 6.  6.]
 [ 1.  4.]
 [ 2.  1.]
 [ 3. 12.]
 [ 9.  6.]
 [ 6.  6.]
 [ 1.  3.]
 [ 2.  0.]
 [ 3. 12.]
 [10.  6.]
 [ 6.  6.]
 [ 1.  2.]
 [ 2. -1.]
 [ 3. 12.]
 [11.  6.]
 [ 6.  6.]
 [ 1.  1.]
 [ 2. -2.]
 [ 3. 12.]
 [11.  6.]
 [ 6.  6.]
 [ 1.  0.]
 [ 2. -3.]
 [ 3. 12.]
 [11.  6.]
 [ 6.  6.]
 [ 1. -1.]
 [ 2. -4.]
 [ 3. 12.]
 [11.  6.]
 [ 6.  6.]
 [ 1. -2.]
 [ 2. -5.]
 [ 3. 12.]
 [11.  6.]
 [ 6.  6.]
 [ 1. -3.]
 [ 2. -5.]
 [ 3. 12.]
 [11.  6.]
 [ 6.  6.]
 [ 1. -4.]
 [ 3. -5.]
 [ 3. 12.]
 [11.  6.]
 [ 6.  6.]
 [ 2. -5.]
 [ 4. -5.]
 [ 3. 12.]
 [11.  6.]
 [ 6.  6.]
 [ 3. -5.]
 [ 5. -5.]
 [ 3. 12.]
 [11.  6.]
 [ 6.  6.]
 [ 4. -5.]
 [ 6. -5.]
 [ 3. 12.]
 [11.  6.]
 [ 6.  6.]
 [ 5. -5.]
 [ 7. -5.]
 [ 3. 12.]
 [11.  6.]
 [ 6.  6.]
 [ 6. -5.]
 [ 8. -5.]
 [ 3. 12.]
 [11.  6.]
 [ 6.  6.]
 [ 7. -5.]
 [ 9. -5.]
 [ 3. 12.]
 [11.  6.]
 [ 6.  6.]
 [ 8. -5.]
 [10. -5.]
 [ 3. 12.]
 [11.  6.]
 [ 6.  6.]
 [ 9. -5.]
 [11. -5.]
 [ 3. 12.]
 [12.  6.]
 [ 6.  6.]
 [10. -5.]
 [12. -5.]
 [ 3. 12.]
 [12.  6.]
 [ 6.  6.]
 [11. -5.]
 [12. -5.]
 [ 3. 12.]
 [12.  6.]
 [ 6.  6.]
 [11. -5.]
 [13. -5.]
 [ 3. 12.]
 [12.  6.]
 [ 6.  6.]
 [12. -5.]]
