Maze:
##########################
#                        #
#                        #
#                        #
#                        #
#                        #
#     ##############     #
#     #         D  #     #
#     #            #     #
#     #     C      #     #
#     #      B     #     #
#     #            #     #
#     #     S      #     #
#     #            #     #
#     #            #     #
#     #            #     #
#     #            #     #
#     #   A        #     #
#     #            #     #
#     ##############     #
#                        #
#                        #
#                        #
#                        #
#                        #
##########################
[[ 6.  6.]
 [ 4. 11.]
 [ 7.  4.]
 [ 6.  3.]
 [10.  1.]
 [ 6.  6.]
 [ 4. 12.]
 [ 7.  5.]
 [ 7.  4.]
 [11.  0.]
 [ 6.  6.]
 [ 4. 13.]
 [ 7.  6.]
 [ 7.  5.]
 [11.  0.]
 [ 6.  6.]
 [ 4. 13.]
 [ 6.  7.]
 [ 7.  6.]
 [11.  0.]
 [ 6.  6.]
 [ 4. 14.]
 [ 5.  6.]
 [ 6.  7.]
 [11.  0.]
 [ 6.  6.]
 [ 4. 14.]
 [ 6.  5.]
 [ 5.  6.]
 [11.  0.]
 [ 6.  6.]
 [ 4. 14.]
 [ 7.  6.]
 [ 6.  5.]
 [11.  0.]
 [ 6.  6.]
 [ 4. 14.]
 [ 6.  7.]
 [ 7.  6.]
 [11.  0.]
 [ 6.  6.]
 [ 4. 14.]
 [ 5.  6.]
 [ 6.  7.]
 [11.  0.]
 [ 6.  6.]
 [ 4. 14.]
 [ 6.  5.]
 [ 5.  6.]
 [11.  0.]
 [ 6.  6.]
 [ 4. 14.]
 [ 7.  6.]
 [ 6.  5.]
 [11.  0.]
 [ 6.  6.]
 [ 4. 14.]
 [ 6.  7.]
 [ 7.  6.]
 [11.  0.]
 [ 6.  6.]
 [ 4. 14.]
 [ 5.  6.]
 [ 6.  7.]
 [11.  0.]
 [ 6.  6.]
 [ 4. 14.]
 [ 6.  5.]
 [ 5.  6.]
 [11.  0.]
 [ 6.  6.]
 [ 4. 14.]
 [ 7.  6.]
 [ 6.  5.]
 [11.  0.]
 [ 6.  6.]
 [ 4. 14.]
 [ 6.  7.]
 [ 7.  6.]
 [11.  0.]
 [ 6.  6.]
 [ 4. 14.]
 [ 5.  6.]
 [ 6.  7.]
 [11.  0.]
 [ 6.  6.]
 [ 4. 14.]
 [ 6.  5.]
 [ 5.  6.]
 [11.  0.]
 [ 6.  6.]
 [ 4. 14.]
 [ 7.  6.]
 [ 6.  5.]
 [11.  0.]
 [ 6.  6.]
 [ 4. 14.]
 [ 6.  7.]
 [ 7.  6.]
 [11.  0.]
 [ 6.  6.]
 [ 4. 14.]
 [ 6.  7.]
 [ 7.  6.]
 [11.  0.]
 [ 6.  6.]
 [ 4. 14.]
 [ 5.  6.]
 [ 6.  7.]
 [11.  0.]]
