Maze:
##########################
#                        #
#                        #
#                        #
#                        #
#                        #
#     ##############     #
#     #          S #     #
#     #            #     #
#     #C           #     #
#     #            #     #
#     #            #     #
#     #     D      #     #
#     #       A    #     #
#     #            #     #
#     #    B       #     #
#     #            #     #
#     #            #     #
#     #            #     #
#     ##############     #
#                        #
#                        #
#                        #
#                        #
#                        #
##########################
[[11.  1.]
 [ 8.  7.]
 [ 5.  9.]
 [ 1.  3.]
 [ 6.  6.]
 [11.  1.]
 [ 9.  7.]
 [ 6.  9.]
 [ 1.  3.]
 [ 6.  6.]
 [11.  1.]
 [10.  7.]
 [ 7.  8.]
 [ 1.  3.]
 [ 6.  6.]
 [11.  1.]
 [11.  7.]
 [ 8.  8.]
 [ 1.  3.]
 [ 6.  6.]
 [11.  1.]
 [12.  7.]
 [ 9.  8.]
 [ 1.  3.]
 [ 6.  6.]
 [11.  1.]
 [13.  7.]
 [10.  8.]
 [ 1.  3.]
 [ 6.  6.]
 [11.  1.]
 [14.  7.]
 [11.  8.]
 [ 1.  3.]
 [ 6.  6.]
 [11.  1.]
 [15.  7.]
 [12.  8.]
 [ 1.  3.]
 [ 6.  6.]
 [11.  1.]
 [16.  7.]
 [13.  8.]
 [ 1.  3.]
 [ 6.  6.]
 [11.  1.]
 [17.  7.]
 [14.  8.]
 [ 1.  3.]
 [ 6.  6.]
 [11.  1.]
 [17.  7.]
 [15.  8.]
 [ 1.  3.]
 [ 6.  6.]
 [11.  1.]
 [17.  7.]
 [16.  8.]
 [ 1.  3.]
 [ 6.  6.]
 [11.  1.]
 [17.  6.]
 [17.  7.]
 [ 1.  3.]
 [ 6.  6.]
 [11.  1.]
 [17.  5.]
 [17.  6.]
 [ 1.  3.]
 [ 6.  6.]
 [11.  1.]
 [17.  4.]
 [17.  5.]
 [ 1.  3.]
 [ 6.  6.]
 [11.  1.]
 [17.  3.]
 [17.  4.]
 [ 1.  3.]
 [ 6.  6.]
 [12.  1.]
 [17.  2.]
 [17.  3.]
 [ 1.  3.]
 [ 6.  6.]
 [13.  1.]
 [17.  1.]
 [17.  2.]
 [ 1.  3.]
 [ 6.  6.]
 [14.  1.]
 [17.  0.]
 [17.  1.]
 [ 1.  3.]
 [ 6.  6.]
 [15.  1.]
 [17. -1.]
 [17.  0.]
 [ 1.  3.]
 [ 6.  6.]
 [15.  1.]
 [17. -1.]
 [17.  0.]
 [ 1.  3.]
 [ 6.  6.]
 [16.  0.]
 [17. -2.]
 [17. -1.]
 [ 1.  3.]
 [ 6.  6.]]
