Maze:
##########################
#                        #
#                        #
#                        #
#                        #
#                        #
#     ##############     #
#     #            #     #
#     #            #     #
#     #            #     #
#     #D           #     #
#     #      S     #     #
#     #     A      #     #
#     #            #     #
#     #           B#     #
#     #       C    #     #
#     #            #     #
#     #            #     #
#     #            #     #
#     ##############     #
#                        #
#                        #
#                        #
#                        #
#                        #
##########################
[[ 7.  5.]
 [ 6.  6.]
 [12.  8.]
 [ 8.  9.]
 [ 1.  4.]
 [ 7.  5.]
 [ 6.  6.]
 [12.  7.]
 [ 9.  9.]
 [ 1.  4.]
 [ 7.  5.]
 [ 6.  6.]
 [12.  6.]
 [10.  9.]
 [ 1.  4.]
 [ 7.  5.]
 [ 6.  6.]
 [12.  5.]
 [11.  8.]
 [ 1.  4.]
 [ 7.  5.]
 [ 6.  6.]
 [12.  4.]
 [11.  7.]
 [ 1.  4.]
 [ 7.  5.]
 [ 6.  6.]
 [12.  3.]
 [11.  6.]
 [ 1.  4.]
 [ 7.  5.]
 [ 6.  6.]
 [12.  2.]
 [11.  5.]
 [ 1.  4.]
 [ 7.  5.]
 [ 6.  6.]
 [12.  1.]
 [11.  4.]
 [ 1.  4.]
 [ 7.  5.]
 [ 6.  6.]
 [12.  0.]
 [11.  3.]
 [ 1.  4.]
 [ 7.  5.]
 [ 6.  6.]
 [12. -1.]
 [11.  2.]
 [ 1.  4.]
 [ 7.  5.]
 [ 6.  6.]
 [12. -2.]
 [11.  1.]
 [ 1.  4.]
 [ 7.  5.]
 [ 6.  6.]
 [12. -3.]
 [11.  0.]
 [ 1.  4.]
 [ 7.  5.]
 [ 6.  6.]
 [12. -4.]
 [11. -1.]
 [ 1.  4.]
 [ 7.  5.]
 [ 6.  6.]
 [12. -5.]
 [11. -2.]
 [ 1.  4.]
 [ 7.  5.]
 [ 6.  6.]
 [12. -5.]
 [11. -3.]
 [ 1.  4.]
 [ 7.  5.]
 [ 6.  6.]
 [12. -5.]
 [11. -4.]
 [ 1.  4.]
 [ 7.  5.]
 [ 6.  6.]
 [13. -5.]
 [12. -5.]
 [ 1.  4.]
 [ 7.  5.]
 [ 6.  6.]
 [14. -5.]
 [13. -5.]
 [ 1.  4.]
 [ 7.  5.]
 [ 6.  6.]
 [15. -5.]
 [14. -5.]
 [ 1.  4.]
 [ 7.  5.]
 [ 6.  6.]
 [16. -5.]
 [15. -5.]
 [ 1.  4.]
 [ 7.  5.]
 [ 6.  6.]
 [16. -5.]
 [15. -5.]
 [ 1.  4.]
 [ 7.  5.]
 [ 6.  6.]
 [17. -5.]
 [16. -5.]
 [ 1.  4.]]
