Maze:
##########################
#                        #
#                        #
#                        #
#                        #
#                        #
#     ##############     #
#     #            #     #
#     #         S  #     #
#     #            #     #
#     #            #     #
#     #            #     #
#     #     A C    #     #
#     #            #     #
#     #            #     #
#     #      D     #     #
#     #            #     #
#     #            #     #
#     #B           #     #
#     ##############     #
#                        #
#                        #
#                        #
#                        #
#                        #
##########################
[[10.  2.]
 [ 6.  6.]
 [ 1. 12.]
 [ 8.  6.]
 [ 7.  9.]
 [10.  2.]
 [ 6.  6.]
 [ 1. 12.]
 [ 9.  7.]
 [ 7. 10.]
 [10.  2.]
 [ 6.  6.]
 [ 1. 12.]
 [ 9.  8.]
 [ 7. 11.]
 [10.  2.]
 [ 6.  6.]
 [ 1. 12.]
 [ 9.  9.]
 [ 7. 12.]
 [10.  2.]
 [ 6.  6.]
 [ 1. 12.]
 [ 9. 10.]
 [ 7. 13.]
 [10.  2.]
 [ 6.  6.]
 [ 1. 12.]
 [ 8. 11.]
 [ 7. 14.]
 [10.  2.]
 [ 6.  6.]
 [ 1. 12.]
 [ 7. 12.]
 [ 7. 15.]
 [10.  2.]
 [ 6.  6.]
 [ 1. 12.]
 [ 7. 13.]
 [ 7. 16.]
 [10.  2.]
 [ 6.  6.]
 [ 1. 12.]
 [ 6. 14.]
 [ 7. 17.]
 [10.  2.]
 [ 6.  6.]
 [ 1. 11.]
 [ 6. 15.]
 [ 7. 17.]
 [10.  2.]
 [ 6.  6.]
 [ 1. 10.]
 [ 6. 16.]
 [ 7. 17.]
 [10.  2.]
 [ 6.  6.]
 [ 1.  9.]
 [ 7. 17.]
 [ 8. 17.]
 [10.  2.]
 [ 6.  6.]
 [ 2.  8.]
 [ 8. 17.]
 [ 9. 17.]
 [10.  2.]
 [ 6.  6.]
 [ 3.  7.]
 [ 9. 17.]
 [10. 17.]
 [10.  2.]
 [ 6.  6.]
 [ 4.  7.]
 [10. 17.]
 [11. 17.]
 [10.  2.]
 [ 6.  6.]
 [ 5.  7.]
 [11. 17.]
 [12. 17.]
 [10.  2.]
 [ 6.  6.]
 [ 5.  7.]
 [12. 17.]
 [13. 17.]
 [10.  2.]
 [ 6.  6.]
 [ 5.  7.]
 [13. 17.]
 [14. 17.]
 [10.  2.]
 [ 6.  6.]
 [ 5.  7.]
 [14. 17.]
 [15. 17.]
 [10.  2.]
 [ 6.  6.]
 [ 5.  7.]
 [15. 17.]
 [16. 17.]
 [10.  2.]
 [ 6.  6.]
 [ 5.  7.]
 [15. 17.]
 [16. 17.]
 [10.  2.]
 [ 6.  6.]
 [ 5.  7.]
 [16. 17.]
 [17. 17.]]
