Maze:
##########################
#                        #
#                        #
#                        #
#                        #
#                        #
#     ##############     #
#     #            #     #
#     #            #     #
#     #            #     #
#     #           S#     #
#     #  B         #     #
#     #     A      #     #
#     #            #     #
#     #            #     #
#     #            #     #
#     #   D        #     #
#     #       C    #     #
#     #            #     #
#     ##############     #
#                        #
#                        #
#                        #
#                        #
#                        #
##########################
[[12.  4.]
 [ 6.  6.]
 [ 3.  5.]
 [ 8. 11.]
 [ 4. 10.]
 [12.  4.]
 [ 6.  6.]
 [ 4.  5.]
 [ 7. 11.]
 [ 3. 10.]
 [12.  4.]
 [ 6.  6.]
 [ 5.  5.]
 [ 6. 11.]
 [ 2. 10.]
 [12.  4.]
 [ 6.  6.]
 [ 5.  5.]
 [ 5. 10.]
 [ 1. 10.]
 [12.  4.]
 [ 6.  6.]
 [ 5.  5.]
 [ 4.  9.]
 [ 0. 10.]
 [12.  4.]
 [ 6.  6.]
 [ 5.  5.]
 [ 4.  8.]
 [-1. 10.]
 [12.  4.]
 [ 6.  6.]
 [ 5.  5.]
 [ 4.  7.]
 [-2. 10.]
 [12.  4.]
 [ 6.  6.]
 [ 6.  5.]
 [ 4.  6.]
 [-3. 10.]
 [12.  4.]
 [ 6.  6.]
 [ 6.  5.]
 [ 5.  5.]
 [-3. 10.]
 [12.  4.]
 [ 6.  6.]
 [ 7.  6.]
 [ 6.  5.]
 [-3. 10.]
 [12.  4.]
 [ 6.  6.]
 [ 7.  6.]
 [ 7.  5.]
 [-3. 10.]
 [12.  4.]
 [ 6.  6.]
 [ 6.  7.]
 [ 7.  6.]
 [-3. 10.]
 [12.  4.]
 [ 6.  6.]
 [ 6.  7.]
 [ 7.  7.]
 [-3. 10.]
 [12.  4.]
 [ 6.  6.]
 [ 5.  6.]
 [ 6.  7.]
 [-3. 10.]
 [12.  4.]
 [ 6.  6.]
 [ 5.  6.]
 [ 5.  7.]
 [-3. 10.]
 [12.  4.]
 [ 6.  6.]
 [ 6.  5.]
 [ 5.  6.]
 [-3. 10.]
 [12.  4.]
 [ 6.  6.]
 [ 6.  5.]
 [ 5.  5.]
 [-3. 10.]
 [12.  4.]
 [ 6.  6.]
 [ 7.  6.]
 [ 6.  5.]
 [-3. 10.]
 [12.  4.]
 [ 6.  6.]
 [ 7.  6.]
 [ 7.  5.]
 [-3. 10.]
 [12.  4.]
 [ 6.  6.]
 [ 6.  7.]
 [ 7.  6.]
 [-3. 10.]
 [12.  4.]
 [ 6.  6.]
 [ 6.  7.]
 [ 7.  6.]
 [-3. 10.]
 [12.  4.]
 [ 6.  6.]
 [ 6.  7.]
 [ 7.  7.]
 [-3. 10.]]
