Maze:
##########################
#                        #
#                        #
#                        #
#                        #
#                        #
#     ##############     #
#     #     B      #     #
#     #            #     #
#     #            #     #
#     #  C         #     #
#     #            #     #
#     #D    A      #     #
#     #            #     #
#     #            #     #
#     #            #     #
#     #            #     #
#     #           S#     #
#     #            #     #
#     ##############     #
#                        #
#                        #
#                        #
#                        #
#                        #
##########################
[[12. 11.]
 [ 6.  6.]
 [ 6.  1.]
 [ 3.  4.]
 [ 1.  6.]
 [12. 11.]
 [ 6.  6.]
 [ 7.  2.]
 [ 3.  4.]
 [ 0.  7.]
 [12. 11.]
 [ 6.  6.]
 [ 7.  3.]
 [ 3.  4.]
 [-1.  8.]
 [12. 11.]
 [ 6.  6.]
 [ 7.  4.]
 [ 4.  4.]
 [-2.  9.]
 [12. 11.]
 [ 6.  6.]
 [ 7.  5.]
 [ 5.  4.]
 [-2.  9.]
 [12. 11.]
 [ 6.  6.]
 [ 7.  6.]
 [ 6.  4.]
 [-2.  9.]
 [12. 11.]
 [ 6.  6.]
 [ 7.  6.]
 [ 7.  5.]
 [-2.  9.]
 [12. 11.]
 [ 6.  6.]
 [ 6.  7.]
 [ 7.  6.]
 [-2.  9.]
 [12. 11.]
 [ 6.  6.]
 [ 6.  7.]
 [ 7.  7.]
 [-2.  9.]
 [12. 11.]
 [ 6.  6.]
 [ 5.  6.]
 [ 6.  7.]
 [-2.  9.]
 [12. 11.]
 [ 6.  6.]
 [ 5.  6.]
 [ 5.  7.]
 [-2.  9.]
 [12. 11.]
 [ 6.  6.]
 [ 6.  5.]
 [ 5.  6.]
 [-3.  9.]
 [12. 11.]
 [ 6.  6.]
 [ 6.  5.]
 [ 5.  5.]
 [-3.  9.]
 [12. 11.]
 [ 6.  6.]
 [ 7.  6.]
 [ 6.  5.]
 [-3.  9.]
 [12. 11.]
 [ 6.  6.]
 [ 7.  6.]
 [ 7.  5.]
 [-3.  9.]
 [12. 11.]
 [ 6.  6.]
 [ 6.  7.]
 [ 7.  6.]
 [-3.  9.]
 [12. 11.]
 [ 6.  6.]
 [ 6.  7.]
 [ 7.  7.]
 [-3.  9.]
 [12. 11.]
 [ 6.  6.]
 [ 5.  6.]
 [ 6.  7.]
 [-3.  9.]
 [12. 11.]
 [ 6.  6.]
 [ 5.  6.]
 [ 5.  7.]
 [-3.  9.]
 [12. 11.]
 [ 6.  6.]
 [ 6.  5.]
 [ 5.  6.]
 [-3.  9.]
 [12. 11.]
 [ 6.  6.]
 [ 6.  5.]
 [ 5.  6.]
 [-3.  9.]
 [12. 11.]
 [ 6.  6.]
 [ 6.  5.]
 [ 5.  5.]
 [-3.  9.]]
