Maze:
##########################
#                        #
#                        #
#                        #
#                        #
#                        #
#     ##############     #
#     #            #     #
#     #            #     #
#     #            #     #
#     #            #     #
#     #            #     #
#     #     S      #     #
#     #            #     #
#     #  C         #     #
#     #          D #     #
#     #        B   #     #
#     #            #     #
#     #   A        #     #
#     ##############     #
#                        #
#                        #
#                        #
#                        #
#                        #
##########################
[[ 6.  6.]
 [ 4. 12.]
 [ 9. 10.]
 [ 3.  8.]
 [11.  9.]
 [ 6.  6.]
 [ 4. 13.]
 [ 8. 10.]
 [ 4.  8.]
 [12.  8.]
 [ 6.  6.]
 [ 4. 14.]
 [ 8. 10.]
 [ 5.  8.]
 [13.  8.]
 [ 6.  6.]
 [ 4. 15.]
 [ 8. 11.]
 [ 6.  8.]
 [13.  8.]
 [ 6.  6.]
 [ 4. 16.]
 [ 8. 12.]
 [ 7.  8.]
 [13.  8.]
 [ 6.  6.]
 [ 4. 16.]
 [ 8. 13.]
 [ 7.  9.]
 [14.  8.]
 [ 6.  6.]
 [ 4. 16.]
 [ 8. 14.]
 [ 7. 10.]
 [14.  8.]
 [ 6.  6.]
 [ 3. 17.]
 [ 7. 15.]
 [ 7. 11.]
 [14.  8.]
 [ 6.  6.]
 [ 2. 17.]
 [ 6. 16.]
 [ 7. 12.]
 [14.  8.]
 [ 6.  6.]
 [ 1. 17.]
 [ 5. 17.]
 [ 7. 13.]
 [14.  8.]
 [ 6.  6.]
 [ 0. 17.]
 [ 4. 17.]
 [ 7. 14.]
 [14.  8.]
 [ 6.  6.]
 [-1. 17.]
 [ 3. 17.]
 [ 6. 15.]
 [14.  8.]
 [ 6.  6.]
 [-2. 17.]
 [ 2. 17.]
 [ 5. 16.]
 [14.  8.]
 [ 6.  6.]
 [-3. 17.]
 [ 1. 17.]
 [ 4. 16.]
 [14.  8.]
 [ 6.  6.]
 [-4. 17.]
 [ 0. 17.]
 [ 3. 16.]
 [14.  8.]
 [ 6.  6.]
 [-5. 17.]
 [-1. 17.]
 [ 2. 16.]
 [14.  8.]
 [ 6.  6.]
 [-5. 17.]
 [-2. 17.]
 [ 1. 16.]
 [14.  8.]
 [ 6.  6.]
 [-5. 17.]
 [-3. 17.]
 [ 0. 16.]
 [14.  8.]
 [ 6.  6.]
 [-5. 17.]
 [-4. 17.]
 [-1. 16.]
 [14.  8.]
 [ 6.  6.]
 [-5. 17.]
 [-4. 17.]
 [-2. 16.]
 [14.  8.]
 [ 6.  6.]
 [-5. 17.]
 [-4. 17.]
 [-2. 16.]
 [14.  8.]
 [ 6.  6.]
 [-5. 17.]
 [-4. 17.]
 [-3. 16.]
 [14.  8.]]
