Maze:
##########################
#                        #
#                        #
#                        #
#                        #
#                        #
#     ##############     #
#     #            #     #
#     #            #     #
#     #            #     #
#     #            #     #
#     #            #     #
#     #     A  C   #     #
#     #            #     #
#     #            #     #
#     # B          #     #
#     #      D     #     #
#     #            #     #
#     #         S  #     #
#     ##############     #
#                        #
#                        #
#                        #
#                        #
#                        #
##########################
[[10. 12.]
 [ 6.  6.]
 [ 2.  9.]
 [ 9.  6.]
 [ 7. 10.]
 [10. 12.]
 [ 6.  6.]
 [ 3.  9.]
 [ 9.  7.]
 [ 8. 11.]
 [11. 13.]
 [ 6.  6.]
 [ 4.  8.]
 [ 9.  8.]
 [ 9. 12.]
 [12. 14.]
 [ 6.  6.]
 [ 5.  7.]
 [ 9.  9.]
 [10. 13.]
 [13. 15.]
 [ 6.  6.]
 [ 5.  7.]
 [ 8.  9.]
 [11. 14.]
 [14. 15.]
 [ 6.  6.]
 [ 5.  7.]
 [ 7.  9.]
 [12. 15.]
 [15. 15.]
 [ 6.  6.]
 [ 5.  7.]
 [ 6.  8.]
 [13. 15.]
 [16. 15.]
 [ 6.  6.]
 [ 5.  6.]
 [ 5.  7.]
 [14. 15.]
 [17. 15.]
 [ 6.  6.]
 [ 6.  5.]
 [ 5.  6.]
 [15. 15.]
 [17. 15.]
 [ 6.  6.]
 [ 6.  5.]
 [ 5.  5.]
 [16. 15.]
 [17. 15.]
 [ 6.  6.]
 [ 7.  6.]
 [ 6.  5.]
 [16. 15.]
 [17. 15.]
 [ 6.  6.]
 [ 7.  6.]
 [ 7.  5.]
 [16. 15.]
 [17. 15.]
 [ 6.  6.]
 [ 6.  7.]
 [ 7.  6.]
 [16. 15.]
 [17. 15.]
 [ 6.  6.]
 [ 6.  7.]
 [ 7.  7.]
 [16. 15.]
 [17. 15.]
 [ 6.  6.]
 [ 5.  6.]
 [ 6.  7.]
 [16. 15.]
 [17. 15.]
 [ 6.  6.]
 [ 5.  6.]
 [ 5.  7.]
 [16. 15.]
 [17. 15.]
 [ 6.  6.]
 [ 6.  5.]
 [ 5.  6.]
 [16. 15.]
 [17. 15.]
 [ 6.  6.]
 [ 6.  5.]
 [ 5.  5.]
 [16. 15.]
 [17. 15.]
 [ 6.  6.]
 [ 7.  6.]
 [ 6.  5.]
 [16. 15.]
 [17. 15.]
 [ 6.  6.]
 [ 7.  6.]
 [ 7.  5.]
 [16. 15.]
 [17. 15.]
 [ 6.  6.]
 [ 7.  6.]
 [ 7.  5.]
 [16. 15.]
 [17. 15.]
 [ 6.  6.]
 [ 6.  7.]
 [ 7.  6.]
 [16. 15.]]
