Maze:
##########################
#                        #
#                        #
#                        #
#                        #
#                        #
#     ##############     #
#     #        A   #     #
#     #            #     #
#     #     C      #     #
#     #          B #     #
#     #            #     #
#     #     S      #     #
#     #            #     #
#     #           D#     #
#     #            #     #
#     #            #     #
#     #            #     #
#     #            #     #
#     ##############     #
#                        #
#                        #
#                        #
#                        #
#                        #
##########################
[[ 6.  6.]
 [ 9.  1.]
 [11.  4.]
 [ 6.  3.]
 [12.  8.]
 [ 6.  6.]
 [ 9.  0.]
 [10.  3.]
 [ 7.  4.]
 [12.  9.]
 [ 6.  6.]
 [ 9. -1.]
 [10.  2.]
 [ 8.  4.]
 [12.  9.]
 [ 6.  6.]
 [ 9. -2.]
 [10.  1.]
 [ 9.  3.]
 [12.  9.]
 [ 6.  6.]
 [ 9. -3.]
 [10.  0.]
 [ 9.  2.]
 [12.  9.]
 [ 6.  6.]
 [ 9. -4.]
 [10. -1.]
 [ 9.  1.]
 [12.  9.]
 [ 6.  6.]
 [ 9. -5.]
 [10. -2.]
 [ 9.  0.]
 [12.  9.]
 [ 6.  6.]
 [ 9. -5.]
 [10. -3.]
 [ 9. -1.]
 [12.  9.]
 [ 6.  6.]
 [ 9. -5.]
 [10. -4.]
 [ 9. -2.]
 [12.  9.]
 [ 6.  6.]
 [ 8. -5.]
 [ 9. -5.]
 [10. -3.]
 [12.  9.]
 [ 6.  6.]
 [ 7. -5.]
 [ 8. -5.]
 [10. -4.]
 [12.  9.]
 [ 6.  6.]
 [ 6. -5.]
 [ 7. -5.]
 [ 9. -4.]
 [12.  9.]
 [ 6.  6.]
 [ 5. -5.]
 [ 6. -5.]
 [ 8. -4.]
 [12.  9.]
 [ 6.  6.]
 [ 4. -5.]
 [ 5. -5.]
 [ 7. -4.]
 [12.  9.]
 [ 6.  6.]
 [ 3. -5.]
 [ 4. -5.]
 [ 6. -4.]
 [12.  9.]
 [ 6.  6.]
 [ 2. -5.]
 [ 3. -5.]
 [ 5. -4.]
 [12.  9.]
 [ 6.  6.]
 [ 1. -5.]
 [ 2. -5.]
 [ 4. -4.]
 [12.  9.]
 [ 6.  6.]
 [ 0. -5.]
 [ 1. -5.]
 [ 3. -4.]
 [12.  9.]
 [ 6.  6.]
 [-1. -5.]
 [ 0. -5.]
 [ 2. -4.]
 [12.  9.]
 [ 6.  6.]
 [-2. -5.]
 [-1. -5.]
 [ 1. -4.]
 [12.  9.]
 [ 6.  6.]
 [-2. -5.]
 [-1. -5.]
 [ 1. -4.]
 [12.  9.]
 [ 6.  6.]
 [-3. -5.]
 [-2. -5.]
 [ 0. -4.]
 [12.  9.]]
