Maze:
##########################
#                        #
#                        #
#                        #
#                        #
#                        #
#     ##############     #
#     #            #     #
#     #            #     #
#     #         B  #     #
#     #            #     #
#     #            #     #
#     #     A      #     #
#     #     D      #     #
#     #           S#     #
#     #            #     #
#     #            #     #
#     #            #     #
#     #      C     #     #
#     ##############     #
#                        #
#                        #
#                        #
#                        #
#                        #
##########################
[[12.  8.]
 [ 6.  6.]
 [10.  3.]
 [ 7. 12.]
 [ 6.  7.]
 [12.  8.]
 [ 6.  6.]
 [ 9.  4.]
 [ 7. 12.]
 [ 6.  8.]
 [12.  8.]
 [ 6.  6.]
 [ 8.  5.]
 [ 7. 11.]
 [ 6.  8.]
 [12.  8.]
 [ 6.  6.]
 [ 7.  5.]
 [ 7. 10.]
 [ 5.  8.]
 [12.  8.]
 [ 6.  6.]
 [ 7.  5.]
 [ 7.  9.]
 [ 4.  8.]
 [12.  8.]
 [ 6.  6.]
 [ 7.  5.]
 [ 7.  8.]
 [ 3.  8.]
 [12.  8.]
 [ 6.  6.]
 [ 7.  5.]
 [ 7.  7.]
 [ 2.  8.]
 [12.  8.]
 [ 6.  6.]
 [ 7.  5.]
 [ 8.  6.]
 [ 1.  8.]
 [12.  8.]
 [ 6.  6.]
 [ 6.  5.]
 [ 7.  5.]
 [ 0.  8.]
 [12.  8.]
 [ 6.  6.]
 [ 5.  6.]
 [ 6.  5.]
 [-1.  8.]
 [12.  8.]
 [ 6.  6.]
 [ 5.  6.]
 [ 5.  5.]
 [-2.  8.]
 [12.  8.]
 [ 6.  6.]
 [ 6.  7.]
 [ 5.  6.]
 [-3.  8.]
 [12.  8.]
 [ 6.  6.]
 [ 6.  7.]
 [ 5.  7.]
 [-3.  8.]
 [12.  8.]
 [ 6.  6.]
 [ 7.  6.]
 [ 6.  7.]
 [-3.  8.]
 [12.  8.]
 [ 6.  6.]
 [ 7.  6.]
 [ 7.  7.]
 [-3.  8.]
 [12.  8.]
 [ 6.  6.]
 [ 6.  5.]
 [ 7.  6.]
 [-3.  8.]
 [12.  8.]
 [ 6.  6.]
 [ 6.  5.]
 [ 7.  5.]
 [-3.  8.]
 [12.  8.]
 [ 6.  6.]
 [ 5.  6.]
 [ 6.  5.]
 [-3.  8.]
 [12.  8.]
 [ 6.  6.]
 [ 5.  6.]
 [ 5.  5.]
 [-3.  8.]
 [12.  8.]
 [ 6.  6.]
 [ 6.  7.]
 [ 5.  6.]
 [-3.  8.]
 [12.  8.]
 [ 6.  6.]
 [ 6.  7.]
 [ 5.  6.]
 [-3.  8.]
 [12.  8.]
 [ 6.  6.]
 [ 6.  7.]
 [ 5.  7.]
 [-3.  8.]]
