Maze:
##########################
#                        #
#                        #
#                        #
#                        #
#                        #
#     ##############     #
#     #            #     #
#     #            #     #
#     #            #     #
#     #        C   #     #
#     #          D #     #
#     #     A      #     #
#     #            #     #
#     #            #     #
#     #  B         #     #
#     #            #     #
#     #   S        #     #
#     #            #     #
#     ##############     #
#                        #
#                        #
#                        #
#                        #
#                        #
##########################
[[ 4. 11.]
 [ 6.  6.]
 [ 3.  9.]
 [ 9.  4.]
 [11.  5.]
 [ 4. 11.]
 [ 6.  6.]
 [ 3.  9.]
 [10.  4.]
 [12.  5.]
 [ 4. 11.]
 [ 6.  6.]
 [ 3.  9.]
 [11.  4.]
 [13.  5.]
 [ 4. 11.]
 [ 6.  6.]
 [ 3.  9.]
 [12.  4.]
 [14.  5.]
 [ 4. 11.]
 [ 6.  6.]
 [ 3.  9.]
 [13.  4.]
 [15.  5.]
 [ 4. 11.]
 [ 6.  6.]
 [ 3.  9.]
 [14.  4.]
 [16.  5.]
 [ 4. 11.]
 [ 6.  6.]
 [ 3.  9.]
 [15.  4.]
 [17.  5.]
 [ 4. 11.]
 [ 6.  6.]
 [ 3.  9.]
 [16.  4.]
 [17.  5.]
 [ 4. 11.]
 [ 6.  6.]
 [ 3.  9.]
 [17.  5.]
 [17.  6.]
 [ 4. 11.]
 [ 6.  6.]
 [ 3.  9.]
 [17.  6.]
 [17.  7.]
 [ 4. 11.]
 [ 6.  6.]
 [ 3.  9.]
 [17.  7.]
 [17.  8.]
 [ 4. 11.]
 [ 6.  6.]
 [ 3.  9.]
 [17.  8.]
 [17.  9.]
 [ 4. 11.]
 [ 6.  6.]
 [ 3.  9.]
 [17.  9.]
 [17. 10.]
 [ 4. 11.]
 [ 6.  6.]
 [ 3.  9.]
 [17. 10.]
 [17. 11.]
 [ 4. 11.]
 [ 6.  6.]
 [ 3.  9.]
 [17. 11.]
 [17. 12.]
 [ 4. 11.]
 [ 6.  6.]
 [ 3.  9.]
 [17. 12.]
 [17. 13.]
 [ 4. 11.]
 [ 6.  6.]
 [ 3.  9.]
 [17. 13.]
 [17. 14.]
 [ 4. 11.]
 [ 6.  6.]
 [ 3.  9.]
 [17. 14.]
 [17. 15.]
 [ 4. 11.]
 [ 6.  6.]
 [ 3.  9.]
 [17. 15.]
 [17. 16.]
 [ 4. 11.]
 [ 6.  6.]
 [ 3.  9.]
 [17. 16.]
 [17. 17.]
 [ 4. 11.]
 [ 6.  6.]
 [ 3.  9.]
 [17. 16.]
 [17. 17.]]
