Maze:
##########################
#                        #
#                        #
#                        #
#                        #
#                        #
#     ##############     #
#     #            #     #
#     #            #     #
#     #            #     #
#     #       A    #     #
#     #      B     #     #
#     #     C      #     #
#     #            #     #
#     #            #     #
#     #S           #     #
#     #            #     #
#     #     D      #     #
#     #            #     #
#     ##############     #
#                        #
#                        #
#                        #
#                        #
#                        #
##########################
[[ 1.  9.]
 [ 8.  4.]
 [ 7.  5.]
 [ 6.  6.]
 [ 6. 11.]
 [ 1.  9.]
 [ 9.  3.]
 [ 8.  4.]
 [ 6.  6.]
 [ 5. 12.]
 [ 1.  9.]
 [10.  2.]
 [ 9.  3.]
 [ 6.  6.]
 [ 4. 12.]
 [ 1.  9.]
 [11.  1.]
 [10.  2.]
 [ 6.  6.]
 [ 3. 12.]
 [ 0.  9.]
 [12.  0.]
 [11.  1.]
 [ 6.  6.]
 [ 2. 11.]
 [-1.  8.]
 [13. -1.]
 [12.  0.]
 [ 6.  6.]
 [ 1. 11.]
 [-1.  8.]
 [14. -2.]
 [13. -1.]
 [ 6.  6.]
 [ 0. 10.]
 [-2.  7.]
 [15. -3.]
 [14. -2.]
 [ 6.  6.]
 [-1.  9.]
 [-3.  6.]
 [16. -4.]
 [15. -3.]
 [ 6.  6.]
 [-2.  8.]
 [-4.  5.]
 [17. -5.]
 [16. -4.]
 [ 6.  6.]
 [-3.  7.]
 [-4.  4.]
 [17. -5.]
 [16. -4.]
 [ 6.  6.]
 [-4.  6.]
 [-4.  3.]
 [17. -5.]
 [16. -4.]
 [ 6.  6.]
 [-4.  5.]
 [-4.  2.]
 [17. -5.]
 [16. -4.]
 [ 6.  6.]
 [-4.  4.]
 [-4.  1.]
 [17. -5.]
 [16. -4.]
 [ 6.  6.]
 [-4.  3.]
 [-4.  0.]
 [17. -5.]
 [16. -4.]
 [ 6.  6.]
 [-4.  2.]
 [-4. -1.]
 [17. -5.]
 [16. -4.]
 [ 6.  6.]
 [-4.  1.]
 [-4. -2.]
 [17. -5.]
 [16. -4.]
 [ 6.  6.]
 [-4.  0.]
 [-4. -3.]
 [17. -5.]
 [16. -4.]
 [ 6.  6.]
 [-4. -1.]
 [-4. -4.]
 [17. -5.]
 [16. -4.]
 [ 6.  6.]
 [-4. -2.]
 [-4. -5.]
 [17. -5.]
 [16. -4.]
 [ 6.  6.]
 [-4. -3.]
 [-4. -5.]
 [17. -5.]
 [16. -4.]
 [ 6.  6.]
 [-4. -3.]
 [-4. -5.]
 [17. -5.]
 [16. -4.]
 [ 6.  6.]
 [-4. -4.]]
