Maze:
##########################
#                        #
#                        #
#                        #
#                        #
#                        #
#     ##############     #
#     #            #     #
#     #            #     #
#     #            #     #
#     #            #     #
#     #            #     #
#     #     S      #     #
#     # A          #     #
#     #            #     #
#     #         B  #     #
#     #D           #     #
#     #   C        #     #
#     #            #     #
#     ##############     #
#                        #
#                        #
#                        #
#                        #
#                        #
##########################
[[ 6.  6.]
 [ 2.  7.]
 [10.  9.]
 [ 4. 11.]
 [ 1. 10.]
 [ 6.  6.]
 [ 1.  6.]
 [ 9.  8.]
 [ 4. 11.]
 [ 0. 10.]
 [ 6.  6.]
 [ 0.  5.]
 [ 8.  7.]
 [ 4. 11.]
 [-1. 10.]
 [ 6.  6.]
 [ 0.  5.]
 [ 7.  6.]
 [ 4. 10.]
 [-2. 10.]
 [ 6.  6.]
 [-1.  5.]
 [ 7.  6.]
 [ 4.  9.]
 [-3. 10.]
 [ 6.  6.]
 [-1.  5.]
 [ 7.  6.]
 [ 5.  8.]
 [-3. 10.]
 [ 6.  6.]
 [-1.  5.]
 [ 7.  6.]
 [ 6.  7.]
 [-3. 10.]
 [ 6.  6.]
 [-1.  5.]
 [ 6.  5.]
 [ 7.  6.]
 [-3. 10.]
 [ 6.  6.]
 [-1.  5.]
 [ 5.  6.]
 [ 6.  5.]
 [-3. 10.]
 [ 6.  6.]
 [-2.  5.]
 [ 6.  7.]
 [ 5.  6.]
 [-3. 10.]
 [ 6.  6.]
 [-2.  5.]
 [ 7.  6.]
 [ 6.  7.]
 [-3. 10.]
 [ 6.  6.]
 [-2.  5.]
 [ 6.  5.]
 [ 7.  6.]
 [-3. 10.]
 [ 6.  6.]
 [-2.  5.]
 [ 5.  6.]
 [ 6.  5.]
 [-3. 10.]
 [ 6.  6.]
 [-2.  5.]
 [ 6.  7.]
 [ 5.  6.]
 [-3. 10.]
 [ 6.  6.]
 [-2.  5.]
 [ 7.  6.]
 [ 6.  7.]
 [-3. 10.]
 [ 6.  6.]
 [-2.  5.]
 [ 6.  5.]
 [ 7.  6.]
 [-3. 10.]
 [ 6.  6.]
 [-2.  5.]
 [ 5.  6.]
 [ 6.  5.]
 [-3. 10.]
 [ 6.  6.]
 [-2.  5.]
 [ 6.  7.]
 [ 5.  6.]
 [-3. 10.]
 [ 6.  6.]
 [-2.  5.]
 [ 7.  6.]
 [ 6.  7.]
 [-3. 10.]
 [ 6.  6.]
 [-2.  5.]
 [ 6.  5.]
 [ 7.  6.]
 [-3. 10.]
 [ 6.  6.]
 [-2.  5.]
 [ 6.  5.]
 [ 7.  6.]
 [-3. 10.]
 [ 6.  6.]
 [-2.  5.]
 [ 5.  6.]
 [ 6.  5.]
 [-3. 10.]]
