Maze:
##########################
#                        #
#                        #
#                        #
#                        #
#                        #
#     ##############     #
#     #        B   #     #
#     #            #     #
#     #            #     #
#     #         C  #     #
#     #            #     #
#     #     S      #     #
#     #            #     #
#     #            #     #
#     # A          #     #
#     #          D #     #
#     #            #     #
#     #            #     #
#     ##############     #
#                        #
#                        #
#                        #
#                        #
#                        #
##########################
[[ 6.  6.]
 [ 2.  9.]
 [ 9.  1.]
 [10.  4.]
 [11. 10.]
 [ 6.  6.]
 [ 2.  9.]
 [ 8.  0.]
 [10.  3.]
 [11. 10.]
 [ 6.  6.]
 [ 2.  9.]
 [ 7.  0.]
 [ 9.  2.]
 [11. 10.]
 [ 6.  6.]
 [ 2.  9.]
 [ 6.  0.]
 [ 8.  1.]
 [11. 10.]
 [ 6.  6.]
 [ 2.  9.]
 [ 5.  0.]
 [ 7.  1.]
 [11. 10.]
 [ 6.  6.]
 [ 2.  9.]
 [ 4.  0.]
 [ 6.  1.]
 [11. 10.]
 [ 6.  6.]
 [ 2.  9.]
 [ 3.  0.]
 [ 5.  1.]
 [11. 10.]
 [ 6.  6.]
 [ 2.  9.]
 [ 2.  0.]
 [ 4.  1.]
 [11. 10.]
 [ 6.  6.]
 [ 2.  9.]
 [ 1.  0.]
 [ 3.  1.]
 [11. 10.]
 [ 6.  6.]
 [ 2.  9.]
 [ 0.  0.]
 [ 2.  1.]
 [11. 10.]
 [ 6.  6.]
 [ 2.  9.]
 [-1.  0.]
 [ 1.  1.]
 [11. 10.]
 [ 6.  6.]
 [ 2.  9.]
 [-2.  0.]
 [ 0.  1.]
 [11. 10.]
 [ 6.  6.]
 [ 2.  9.]
 [-3.  0.]
 [-1.  1.]
 [11. 10.]
 [ 6.  6.]
 [ 2.  9.]
 [-4.  0.]
 [-2.  1.]
 [11. 10.]
 [ 6.  6.]
 [ 2.  9.]
 [-5.  0.]
 [-3.  1.]
 [11. 10.]
 [ 6.  6.]
 [ 2.  9.]
 [-5.  0.]
 [-4.  1.]
 [11. 10.]
 [ 6.  6.]
 [ 2.  9.]
 [-5. -1.]
 [-5.  0.]
 [11. 10.]
 [ 6.  6.]
 [ 2.  9.]
 [-5. -2.]
 [-5. -1.]
 [11. 10.]
 [ 6.  6.]
 [ 2.  9.]
 [-5. -3.]
 [-5. -2.]
 [11. 10.]
 [ 6.  6.]
 [ 2.  9.]
 [-5. -4.]
 [-5. -3.]
 [11. 10.]
 [ 6.  6.]
 [ 2.  9.]
 [-5. -4.]
 [-5. -3.]
 [11. 10.]
 [ 6.  6.]
 [ 2.  9.]
 [-5. -5.]
 [-5. -4.]
 [11. 10.]]
