Maze:
##########################
#                        #
#                        #
#                        #
#                        #
#                        #
#     ##############     #
#     #            #     #
#     #            #     #
#     #         S  #     #
#     #A           #     #
#     #            #     #
#     #     C      #     #
#     #            #     #
#     #        D   #     #
#     #            #     #
#     #            #     #
#     #            #     #
#     #      B     #     #
#     ##############     #
#                        #
#                        #
#                        #
#                        #
#                        #
##########################
[[10.  3.]
 [ 1.  4.]
 [ 7. 12.]
 [ 6.  6.]
 [ 9.  8.]
 [10.  3.]
 [ 0.  4.]
 [ 7. 12.]
 [ 6.  6.]
 [10.  8.]
 [10.  3.]
 [ 0.  4.]
 [ 7. 12.]
 [ 6.  6.]
 [11.  8.]
 [10.  3.]
 [ 0.  4.]
 [ 7. 12.]
 [ 6.  6.]
 [12.  7.]
 [10.  2.]
 [ 0.  4.]
 [ 7. 12.]
 [ 6.  6.]
 [12.  6.]
 [10.  2.]
 [ 0.  4.]
 [ 7. 12.]
 [ 6.  6.]
 [12.  5.]
 [10.  1.]
 [ 0.  4.]
 [ 7. 12.]
 [ 6.  6.]
 [12.  4.]
 [10.  0.]
 [ 0.  4.]
 [ 7. 12.]
 [ 6.  6.]
 [12.  3.]
 [10. -1.]
 [ 0.  4.]
 [ 7. 12.]
 [ 6.  6.]
 [12.  2.]
 [10. -2.]
 [ 0.  4.]
 [ 7. 12.]
 [ 6.  6.]
 [12.  1.]
 [10. -3.]
 [ 0.  4.]
 [ 7. 12.]
 [ 6.  6.]
 [12.  0.]
 [10. -4.]
 [ 0.  4.]
 [ 7. 12.]
 [ 6.  6.]
 [12. -1.]
 [10. -4.]
 [ 0.  4.]
 [ 7. 12.]
 [ 6.  6.]
 [12. -2.]
 [ 9. -5.]
 [ 0.  4.]
 [ 7. 12.]
 [ 6.  6.]
 [11. -3.]
 [ 8. -5.]
 [ 0.  4.]
 [ 7. 12.]
 [ 6.  6.]
 [10. -4.]
 [ 7. -5.]
 [ 0.  4.]
 [ 7. 12.]
 [ 6.  6.]
 [ 9. -5.]
 [ 6. -5.]
 [ 0.  4.]
 [ 7. 12.]
 [ 6.  6.]
 [ 8. -5.]
 [ 5. -5.]
 [ 0.  4.]
 [ 7. 12.]
 [ 6.  6.]
 [ 7. -5.]
 [ 4. -5.]
 [ 0.  4.]
 [ 7. 12.]
 [ 6.  6.]
 [ 6. -5.]
 [ 3. -5.]
 [ 0.  4.]
 [ 7. 12.]
 [ 6.  6.]
 [ 5. -5.]
 [ 3. -5.]
 [ 0.  4.]
 [ 7. 12.]
 [ 6.  6.]
 [ 5. -5.]
 [ 2. -5.]
 [ 0.  4.]
 [ 7. 12.]
 [ 6.  6.]
 [ 4. -5.]]
