Maze:
##########################
#                        #
#                        #
#                        #
#                        #
#                        #
#     ##############     #
#     #    S       #     #
#     #            #     #
#     #            #     #
#     #            #     #
#     #            #     #
#     # C   A      #     #
#     #   B        #     #
#     #            #     #
#     #            #     #
#     #         D  #     #
#     #            #     #
#     #            #     #
#     ##############     #
#                        #
#                        #
#                        #
#                        #
#                        #
##########################
[[ 5.  1.]
 [ 6.  6.]
 [ 4.  7.]
 [ 2.  6.]
 [10. 10.]
 [ 5.  1.]
 [ 6.  6.]
 [ 5.  7.]
 [ 3.  6.]
 [11. 10.]
 [ 5.  1.]
 [ 6.  6.]
 [ 5.  7.]
 [ 4.  6.]
 [11. 10.]
 [ 5.  1.]
 [ 6.  6.]
 [ 6.  7.]
 [ 5.  7.]
 [12. 10.]
 [ 5.  1.]
 [ 6.  6.]
 [ 7.  6.]
 [ 6.  7.]
 [13. 10.]
 [ 5.  1.]
 [ 6.  6.]
 [ 7.  6.]
 [ 7.  7.]
 [14. 10.]
 [ 5.  1.]
 [ 6.  6.]
 [ 6.  5.]
 [ 7.  6.]
 [14. 10.]
 [ 5.  1.]
 [ 6.  6.]
 [ 6.  5.]
 [ 7.  5.]
 [14. 10.]
 [ 5.  1.]
 [ 6.  6.]
 [ 5.  6.]
 [ 6.  5.]
 [14. 10.]
 [ 5.  1.]
 [ 6.  6.]
 [ 5.  6.]
 [ 5.  5.]
 [14. 10.]
 [ 5.  1.]
 [ 6.  6.]
 [ 6.  7.]
 [ 5.  6.]
 [14. 10.]
 [ 5.  1.]
 [ 6.  6.]
 [ 6.  7.]
 [ 5.  7.]
 [14. 10.]
 [ 5.  1.]
 [ 6.  6.]
 [ 7.  6.]
 [ 6.  7.]
 [14. 10.]
 [ 5.  1.]
 [ 6.  6.]
 [ 7.  6.]
 [ 7.  7.]
 [14. 10.]
 [ 5.  1.]
 [ 6.  6.]
 [ 6.  5.]
 [ 7.  6.]
 [14. 10.]
 [ 5.  1.]
 [ 6.  6.]
 [ 6.  5.]
 [ 7.  5.]
 [14. 10.]
 [ 5.  1.]
 [ 6.  6.]
 [ 5.  6.]
 [ 6.  5.]
 [14. 10.]
 [ 5.  1.]
 [ 6.  6.]
 [ 5.  6.]
 [ 5.  5.]
 [14. 10.]
 [ 5.  1.]
 [ 6.  6.]
 [ 6.  7.]
 [ 5.  6.]
 [14. 10.]
 [ 5.  1.]
 [ 6.  6.]
 [ 6.  7.]
 [ 5.  7.]
 [14. 10.]
 [ 5.  1.]
 [ 6.  6.]
 [ 6.  7.]
 [ 5.  7.]
 [14. 10.]
 [ 5.  1.]
 [ 6.  6.]
 [ 7.  6.]
 [ 6.  7.]
 [14. 10.]]
