Maze:
##########################
#                        #
#                        #
#                        #
#                        #
#                        #
#     ##############     #
#     # C          #     #
#     #            #     #
#     #         B  #     #
#     #            #     #
#     #            #     #
#     #     S      #     #
#     #     D      #     #
#     #            #     #
#     #   A        #     #
#     #            #     #
#     #            #     #
#     #            #     #
#     ##############     #
#                        #
#                        #
#                        #
#                        #
#                        #
##########################
[[ 6.  6.]
 [ 4.  9.]
 [10.  3.]
 [ 2.  1.]
 [ 6.  7.]
 [ 6.  6.]
 [ 3. 10.]
 [ 9.  4.]
 [ 2.  1.]
 [ 6.  7.]
 [ 6.  6.]
 [ 3. 11.]
 [ 8.  5.]
 [ 3.  1.]
 [ 6.  7.]
 [ 6.  6.]
 [ 3. 12.]
 [ 7.  6.]
 [ 4.  2.]
 [ 6.  7.]
 [ 6.  6.]
 [ 3. 13.]
 [ 7.  6.]
 [ 5.  3.]
 [ 6.  7.]
 [ 6.  6.]
 [ 3. 13.]
 [ 7.  6.]
 [ 5.  4.]
 [ 6.  7.]
 [ 6.  6.]
 [ 3. 13.]
 [ 7.  6.]
 [ 6.  5.]
 [ 6.  7.]
 [ 6.  6.]
 [ 3. 13.]
 [ 6.  7.]
 [ 7.  6.]
 [ 5.  6.]
 [ 6.  6.]
 [ 3. 14.]
 [ 5.  6.]
 [ 6.  7.]
 [ 6.  5.]
 [ 6.  6.]
 [ 3. 14.]
 [ 6.  5.]
 [ 5.  6.]
 [ 7.  6.]
 [ 6.  6.]
 [ 3. 14.]
 [ 7.  6.]
 [ 6.  5.]
 [ 6.  7.]
 [ 6.  6.]
 [ 3. 14.]
 [ 6.  7.]
 [ 7.  6.]
 [ 5.  6.]
 [ 6.  6.]
 [ 3. 14.]
 [ 5.  6.]
 [ 6.  7.]
 [ 6.  5.]
 [ 6.  6.]
 [ 3. 14.]
 [ 6.  5.]
 [ 5.  6.]
 [ 7.  6.]
 [ 6.  6.]
 [ 3. 14.]
 [ 7.  6.]
 [ 6.  5.]
 [ 6.  7.]
 [ 6.  6.]
 [ 3. 14.]
 [ 6.  7.]
 [ 7.  6.]
 [ 5.  6.]
 [ 6.  6.]
 [ 3. 14.]
 [ 5.  6.]
 [ 6.  7.]
 [ 6.  5.]
 [ 6.  6.]
 [ 3. 14.]
 [ 6.  5.]
 [ 5.  6.]
 [ 7.  6.]
 [ 6.  6.]
 [ 3. 14.]
 [ 7.  6.]
 [ 6.  5.]
 [ 6.  7.]
 [ 6.  6.]
 [ 3. 14.]
 [ 6.  7.]
 [ 7.  6.]
 [ 5.  6.]
 [ 6.  6.]
 [ 3. 14.]
 [ 6.  7.]
 [ 7.  6.]
 [ 5.  6.]
 [ 6.  6.]
 [ 3. 14.]
 [ 5.  6.]
 [ 6.  7.]
 [ 6.  5.]]
