Maze:
##########################
#                        #
#                        #
#                        #
#                        #
#                        #
#     ##############     #
#     #            #     #
#     #            #     #
#     #        S   #     #
#     #            #     #
#     #            #     #
#     #     C      #     #
#     #         D  #     #
#     #            #     #
#     #    B       #     #
#     #            #     #
#     #   A        #     #
#     #            #     #
#     ##############     #
#                        #
#                        #
#                        #
#                        #
#                        #
##########################
[[ 9.  3.]
 [ 4. 11.]
 [ 5.  9.]
 [ 6.  6.]
 [10.  7.]
 [ 9.  2.]
 [ 4. 12.]
 [ 5. 10.]
 [ 6.  6.]
 [11.  6.]
 [ 9.  1.]
 [ 4. 13.]
 [ 5. 11.]
 [ 6.  6.]
 [12.  5.]
 [ 9.  1.]
 [ 4. 14.]
 [ 5. 12.]
 [ 6.  6.]
 [12.  4.]
 [ 9.  1.]
 [ 4. 15.]
 [ 5. 13.]
 [ 6.  6.]
 [12.  3.]
 [ 9.  0.]
 [ 4. 16.]
 [ 5. 14.]
 [ 6.  6.]
 [11.  2.]
 [ 8. -1.]
 [ 4. 17.]
 [ 5. 15.]
 [ 6.  6.]
 [10.  1.]
 [ 7. -2.]
 [ 4. 17.]
 [ 5. 16.]
 [ 6.  6.]
 [ 9.  0.]
 [ 6. -3.]
 [ 3. 17.]
 [ 4. 17.]
 [ 6.  6.]
 [ 8. -1.]
 [ 5. -4.]
 [ 2. 17.]
 [ 3. 17.]
 [ 6.  6.]
 [ 7. -2.]
 [ 4. -5.]
 [ 1. 17.]
 [ 2. 17.]
 [ 6.  6.]
 [ 6. -3.]
 [ 3. -5.]
 [ 0. 17.]
 [ 1. 17.]
 [ 6.  6.]
 [ 5. -4.]
 [ 2. -5.]
 [-1. 17.]
 [ 0. 17.]
 [ 6.  6.]
 [ 4. -4.]
 [ 1. -5.]
 [-2. 17.]
 [-1. 17.]
 [ 6.  6.]
 [ 3. -4.]
 [ 0. -5.]
 [-3. 17.]
 [-2. 17.]
 [ 6.  6.]
 [ 2. -4.]
 [-1. -5.]
 [-4. 17.]
 [-3. 17.]
 [ 6.  6.]
 [ 1. -4.]
 [-2. -5.]
 [-5. 17.]
 [-4. 17.]
 [ 6.  6.]
 [ 0. -4.]
 [-3. -5.]
 [-5. 17.]
 [-4. 17.]
 [ 6.  6.]
 [-1. -4.]
 [-4. -5.]
 [-5. 17.]
 [-4. 17.]
 [ 6.  6.]
 [-2. -4.]
 [-5. -5.]
 [-5. 17.]
 [-4. 17.]
 [ 6.  6.]
 [-3. -4.]
 [-5. -5.]
 [-5. 17.]
 [-4. 17.]
 [ 6.  6.]
 [-3. -4.]
 [-5. -5.]
 [-5. 17.]
 [-4. 17.]
 [ 6.  6.]
 [-4. -4.]]
