Maze:
##########################
#                        #
#                        #
#                        #
#                        #
#                        #
#     ##############     #
#     #            #     #
#     #            #     #
#     #            #     #
#     #            #     #
#     #            #     #
#     #     S      #     #
#     #    A       #     #
#     #            #     #
#     #            #     #
#     #    C  B    #     #
#     #            #     #
#     #D           #     #
#     ##############     #
#                        #
#                        #
#                        #
#                        #
#                        #
##########################
[[ 6.  6.]
 [ 5.  7.]
 [ 8. 10.]
 [ 5. 10.]
 [ 1. 12.]
 [ 6.  6.]
 [ 4.  7.]
 [ 8.  9.]
 [ 6. 10.]
 [ 0. 12.]
 [ 6.  6.]
 [ 3.  7.]
 [ 8.  8.]
 [ 7. 10.]
 [-1. 12.]
 [ 6.  6.]
 [ 2.  7.]
 [ 8.  7.]
 [ 7.  9.]
 [-1. 12.]
 [ 6.  6.]
 [ 1.  7.]
 [ 8.  6.]
 [ 7.  8.]
 [-1. 12.]
 [ 6.  6.]
 [ 0.  7.]
 [ 7.  5.]
 [ 7.  7.]
 [-1. 12.]
 [ 6.  6.]
 [-1.  7.]
 [ 6.  5.]
 [ 7.  6.]
 [-1. 12.]
 [ 6.  6.]
 [-2.  7.]
 [ 5.  6.]
 [ 6.  5.]
 [-1. 12.]
 [ 6.  6.]
 [-2.  7.]
 [ 6.  7.]
 [ 5.  6.]
 [-1. 12.]
 [ 6.  6.]
 [-3.  7.]
 [ 7.  6.]
 [ 6.  7.]
 [-1. 12.]
 [ 6.  6.]
 [-3.  7.]
 [ 6.  5.]
 [ 7.  6.]
 [-1. 12.]
 [ 6.  6.]
 [-3.  7.]
 [ 5.  6.]
 [ 6.  5.]
 [-1. 12.]
 [ 6.  6.]
 [-3.  7.]
 [ 6.  7.]
 [ 5.  6.]
 [-1. 12.]
 [ 6.  6.]
 [-3.  7.]
 [ 7.  6.]
 [ 6.  7.]
 [-1. 12.]
 [ 6.  6.]
 [-3.  7.]
 [ 6.  5.]
 [ 7.  6.]
 [-1. 12.]
 [ 6.  6.]
 [-3.  7.]
 [ 5.  6.]
 [ 6.  5.]
 [-1. 12.]
 [ 6.  6.]
 [-3.  7.]
 [ 6.  7.]
 [ 5.  6.]
 [-1. 12.]
 [ 6.  6.]
 [-3.  7.]
 [ 7.  6.]
 [ 6.  7.]
 [-1. 12.]
 [ 6.  6.]
 [-3.  7.]
 [ 6.  5.]
 [ 7.  6.]
 [-1. 12.]
 [ 6.  6.]
 [-3.  7.]
 [ 5.  6.]
 [ 6.  5.]
 [-1. 12.]
 [ 6.  6.]
 [-3.  7.]
 [ 5.  6.]
 [ 6.  5.]
 [-1. 12.]
 [ 6.  6.]
 [-3.  7.]
 [ 6.  7.]
 [ 5.  6.]
 [-1. 12.]]
