Maze:
##########################
#                        #
#                        #
#                        #
#                        #
#                        #
#     ##############     #
#     #            #     #
#     #           C#     #
#     #            #     #
#     #            #     #
#     #       D    #     #
#     #     A      #     #
#     #            #     #
#     #      B     #     #
#     #            #     #
#     #            #     #
#     #          S #     #
#     #            #     #
#     ##############     #
#                        #
#                        #
#                        #
#                        #
#                        #
##########################
[[11. 11.]
 [ 6.  6.]
 [ 7.  8.]
 [12.  2.]
 [ 8.  5.]
 [11. 11.]
 [ 6.  6.]
 [ 7.  7.]
 [12.  2.]
 [ 9.  4.]
 [11. 11.]
 [ 6.  6.]
 [ 7.  7.]
 [11.  3.]
 [ 9.  4.]
 [11. 11.]
 [ 6.  6.]
 [ 7.  7.]
 [10.  4.]
 [ 8.  4.]
 [11. 11.]
 [ 6.  6.]
 [ 7.  7.]
 [ 9.  4.]
 [ 7.  4.]
 [11. 11.]
 [ 6.  6.]
 [ 7.  7.]
 [ 8.  4.]
 [ 6.  4.]
 [11. 11.]
 [ 6.  6.]
 [ 7.  7.]
 [ 7.  5.]
 [ 5.  4.]
 [11. 11.]
 [ 6.  6.]
 [ 6.  7.]
 [ 7.  6.]
 [ 4.  3.]
 [11. 11.]
 [ 6.  6.]
 [ 6.  7.]
 [ 7.  7.]
 [ 3.  2.]
 [11. 11.]
 [ 6.  6.]
 [ 5.  6.]
 [ 6.  7.]
 [ 2.  1.]
 [11. 11.]
 [ 6.  6.]
 [ 5.  6.]
 [ 5.  7.]
 [ 2.  0.]
 [11. 11.]
 [ 6.  6.]
 [ 6.  5.]
 [ 5.  6.]
 [ 2. -1.]
 [11. 11.]
 [ 6.  6.]
 [ 6.  5.]
 [ 5.  5.]
 [ 2. -2.]
 [11. 11.]
 [ 6.  6.]
 [ 7.  6.]
 [ 6.  5.]
 [ 2. -2.]
 [11. 11.]
 [ 6.  6.]
 [ 7.  6.]
 [ 7.  5.]
 [ 2. -2.]
 [11. 11.]
 [ 6.  6.]
 [ 6.  7.]
 [ 7.  6.]
 [ 2. -2.]
 [11. 11.]
 [ 6.  6.]
 [ 6.  7.]
 [ 7.  7.]
 [ 2. -2.]
 [11. 11.]
 [ 6.  6.]
 [ 5.  6.]
 [ 6.  7.]
 [ 2. -2.]
 [11. 11.]
 [ 6.  6.]
 [ 5.  6.]
 [ 5.  7.]
 [ 2. -2.]
 [11. 11.]
 [ 6.  6.]
 [ 6.  5.]
 [ 5.  6.]
 [ 2. -2.]
 [11. 11.]
 [ 6.  6.]
 [ 6.  5.]
 [ 5.  6.]
 [ 2. -2.]
 [11. 11.]
 [ 6.  6.]
 [ 6.  5.]
 [ 5.  5.]
 [ 2. -2.]]
