Maze:
##########################
#                        #
#                        #
#                        #
#                        #
#                        #
#     ##############     #
#     #            #     #
#     #            #     #
#     #            #     #
#     #       C    #     #
#     #   B        #     #
#     #     S      #     #
#     #            #     #
#     #            #     #
#     #            #     #
#     #            #     #
#     #    D       #     #
#     #     A      #     #
#     ##############     #
#                        #
#                        #
#                        #
#                        #
#                        #
##########################
[[ 6.  6.]
 [ 6. 12.]
 [ 4.  5.]
 [ 8.  4.]
 [ 5. 11.]
 [ 6.  6.]
 [ 7. 13.]
 [ 5.  6.]
 [ 7.  4.]
 [ 4. 10.]
 [ 6.  6.]
 [ 7. 14.]
 [ 5.  6.]
 [ 6.  5.]
 [ 4. 10.]
 [ 6.  6.]
 [ 7. 15.]
 [ 6.  7.]
 [ 5.  6.]
 [ 4. 11.]
 [ 6.  6.]
 [ 7. 15.]
 [ 7.  6.]
 [ 6.  7.]
 [ 4. 12.]
 [ 6.  6.]
 [ 7. 16.]
 [ 6.  5.]
 [ 7.  6.]
 [ 4. 12.]
 [ 6.  6.]
 [ 7. 16.]
 [ 5.  6.]
 [ 6.  5.]
 [ 4. 12.]
 [ 6.  6.]
 [ 7. 16.]
 [ 6.  7.]
 [ 5.  6.]
 [ 4. 12.]
 [ 6.  6.]
 [ 7. 16.]
 [ 7.  6.]
 [ 6.  7.]
 [ 4. 12.]
 [ 6.  6.]
 [ 7. 16.]
 [ 6.  5.]
 [ 7.  6.]
 [ 4. 12.]
 [ 6.  6.]
 [ 7. 16.]
 [ 5.  6.]
 [ 6.  5.]
 [ 4. 12.]
 [ 6.  6.]
 [ 7. 16.]
 [ 6.  7.]
 [ 5.  6.]
 [ 4. 12.]
 [ 6.  6.]
 [ 7. 16.]
 [ 7.  6.]
 [ 6.  7.]
 [ 4. 12.]
 [ 6.  6.]
 [ 7. 16.]
 [ 6.  5.]
 [ 7.  6.]
 [ 4. 12.]
 [ 6.  6.]
 [ 7. 16.]
 [ 5.  6.]
 [ 6.  5.]
 [ 4. 12.]
 [ 6.  6.]
 [ 7. 16.]
 [ 6.  7.]
 [ 5.  6.]
 [ 4. 12.]
 [ 6.  6.]
 [ 7. 16.]
 [ 7.  6.]
 [ 6.  7.]
 [ 4. 12.]
 [ 6.  6.]
 [ 7. 16.]
 [ 6.  5.]
 [ 7.  6.]
 [ 4. 12.]
 [ 6.  6.]
 [ 7. 16.]
 [ 5.  6.]
 [ 6.  5.]
 [ 4. 12.]
 [ 6.  6.]
 [ 7. 16.]
 [ 6.  7.]
 [ 5.  6.]
 [ 4. 12.]
 [ 6.  6.]
 [ 7. 16.]
 [ 6.  7.]
 [ 5.  6.]
 [ 4. 12.]
 [ 6.  6.]
 [ 7. 16.]
 [ 7.  6.]
 [ 6.  7.]
 [ 4. 12.]]
