Maze:
##########################
#                        #
#                        #
#                        #
#                        #
#                        #
#     ##############     #
#     #            #     #
#     #            #     #
#     #            #     #
#     #            #     #
#     #            #     #
#     #     S      #     #
#     #            #     #
#     #            #     #
#     #D           #     #
#     #  C         #     #
#     #          B #     #
#     #    A       #     #
#     ##############     #
#                        #
#                        #
#                        #
#                        #
#                        #
##########################
[[ 6.  6.]
 [ 5. 12.]
 [11. 11.]
 [ 3. 10.]
 [ 1.  9.]
 [ 6.  6.]
 [ 6. 13.]
 [10. 11.]
 [ 2.  9.]
 [ 0.  8.]
 [ 6.  6.]
 [ 6. 14.]
 [ 9. 11.]
 [ 1.  8.]
 [-1.  7.]
 [ 6.  6.]
 [ 6. 15.]
 [ 8. 12.]
 [ 0.  7.]
 [-2.  7.]
 [ 6.  6.]
 [ 6. 16.]
 [ 7. 13.]
 [-1.  7.]
 [-3.  7.]
 [ 6.  6.]
 [ 6. 17.]
 [ 7. 14.]
 [-2.  7.]
 [-4.  7.]
 [ 6.  6.]
 [ 6. 17.]
 [ 7. 15.]
 [-3.  7.]
 [-5.  7.]
 [ 6.  6.]
 [ 6. 17.]
 [ 7. 16.]
 [-4.  7.]
 [-5.  7.]
 [ 6.  6.]
 [ 5. 17.]
 [ 6. 17.]
 [-4.  7.]
 [-5.  7.]
 [ 6.  6.]
 [ 4. 17.]
 [ 5. 17.]
 [-4.  7.]
 [-5.  7.]
 [ 6.  6.]
 [ 3. 17.]
 [ 4. 17.]
 [-4.  7.]
 [-5.  7.]
 [ 6.  6.]
 [ 2. 17.]
 [ 3. 17.]
 [-4.  7.]
 [-5.  7.]
 [ 6.  6.]
 [ 1. 17.]
 [ 2. 17.]
 [-4.  7.]
 [-5.  7.]
 [ 6.  6.]
 [ 0. 17.]
 [ 1. 17.]
 [-4.  7.]
 [-5.  7.]
 [ 6.  6.]
 [-1. 17.]
 [ 0. 17.]
 [-4.  7.]
 [-5.  7.]
 [ 6.  6.]
 [-2. 17.]
 [-1. 17.]
 [-4.  7.]
 [-5.  7.]
 [ 6.  6.]
 [-3. 17.]
 [-2. 17.]
 [-4.  7.]
 [-5.  7.]
 [ 6.  6.]
 [-4. 17.]
 [-3. 17.]
 [-4.  7.]
 [-5.  7.]
 [ 6.  6.]
 [-5. 17.]
 [-4. 17.]
 [-4.  7.]
 [-5.  7.]
 [ 6.  6.]
 [-5. 17.]
 [-4. 17.]
 [-4.  7.]
 [-5.  7.]]
