Maze:
##########################
#                        #
#                        #
#                        #
#                        #
#                        #
#     ##############     #
#     #     D      #     #
#     #            #     #
#     #            #     #
#     #         S  #     #
#     #          C #     #
#     #     B      #     #
#     #            #     #
#     #            #     #
#     #            #     #
#     #            #     #
#     #           A#     #
#     #            #     #
#     ##############     #
#                        #
#                        #
#                        #
#                        #
#                        #
##########################
[[10.  4.]
 [12. 11.]
 [ 6.  6.]
 [11.  5.]
 [ 6.  1.]
 [ 9.  3.]
 [12. 12.]
 [ 6.  6.]
 [10.  5.]
 [ 6.  1.]
 [ 8.  2.]
 [12. 12.]
 [ 6.  6.]
 [ 9.  5.]
 [ 7.  1.]
 [ 9.  3.]
 [12. 12.]
 [ 6.  6.]
 [ 8.  5.]
 [ 8.  2.]
 [10.  3.]
 [12. 12.]
 [ 6.  6.]
 [ 7.  5.]
 [ 9.  2.]
 [11.  4.]
 [12. 12.]
 [ 6.  6.]
 [ 7.  5.]
 [10.  3.]
 [12.  5.]
 [12. 12.]
 [ 6.  6.]
 [ 7.  5.]
 [11.  4.]
 [13.  6.]
 [12. 12.]
 [ 6.  6.]
 [ 7.  5.]
 [12.  5.]
 [14.  7.]
 [12. 13.]
 [ 6.  6.]
 [ 7.  5.]
 [13.  6.]
 [15.  8.]
 [12. 13.]
 [ 6.  6.]
 [ 7.  5.]
 [14.  7.]
 [16.  9.]
 [12. 13.]
 [ 6.  6.]
 [ 7.  5.]
 [15.  8.]
 [17. 10.]
 [12. 13.]
 [ 6.  6.]
 [ 7.  5.]
 [16.  9.]
 [17. 11.]
 [12. 13.]
 [ 6.  6.]
 [ 7.  5.]
 [17. 10.]
 [17. 12.]
 [12. 13.]
 [ 6.  6.]
 [ 7.  5.]
 [17. 11.]
 [17. 13.]
 [12. 13.]
 [ 6.  6.]
 [ 7.  5.]
 [17. 12.]
 [17. 14.]
 [12. 13.]
 [ 6.  6.]
 [ 7.  5.]
 [17. 13.]
 [17. 15.]
 [12. 13.]
 [ 6.  6.]
 [ 7.  5.]
 [17. 14.]
 [17. 16.]
 [12. 13.]
 [ 6.  6.]
 [ 7.  5.]
 [17. 15.]
 [17. 17.]
 [12. 13.]
 [ 6.  6.]
 [ 7.  5.]
 [17. 16.]
 [17. 17.]
 [12. 13.]
 [ 6.  6.]
 [ 7.  5.]
 [17. 16.]]
