Maze:
##########################
#                        #
#                        #
#                        #
#                        #
#                        #
#     ##############     #
#     #            #     #
#     #            #     #
#     # A          #     #
#     #            #     #
#     #            #     #
#     #     S    D #     #
#     #  C         #     #
#     #            #     #
#     #            #     #
#     #            #     #
#     #            #     #
#     #     B      #     #
#     ##############     #
#                        #
#                        #
#                        #
#                        #
#                        #
##########################
[[ 6.  6.]
 [ 2.  3.]
 [ 6. 12.]
 [ 3.  7.]
 [11.  6.]
 [ 6.  6.]
 [ 2.  2.]
 [ 6. 12.]
 [ 4.  8.]
 [11.  6.]
 [ 6.  6.]
 [ 2.  1.]
 [ 6. 12.]
 [ 5.  9.]
 [11.  6.]
 [ 6.  6.]
 [ 2.  1.]
 [ 6. 13.]
 [ 5. 10.]
 [11.  6.]
 [ 6.  6.]
 [ 2.  1.]
 [ 6. 14.]
 [ 5. 11.]
 [11.  6.]
 [ 6.  6.]
 [ 2.  1.]
 [ 6. 15.]
 [ 5. 12.]
 [11.  6.]
 [ 6.  6.]
 [ 2.  1.]
 [ 6. 16.]
 [ 5. 13.]
 [11.  6.]
 [ 6.  6.]
 [ 2.  1.]
 [ 6. 17.]
 [ 5. 14.]
 [11.  6.]
 [ 6.  6.]
 [ 2.  1.]
 [ 6. 17.]
 [ 5. 15.]
 [11.  6.]
 [ 6.  6.]
 [ 2.  1.]
 [ 6. 17.]
 [ 5. 16.]
 [10.  6.]
 [ 6.  6.]
 [ 2.  1.]
 [ 7. 17.]
 [ 6. 17.]
 [ 9.  6.]
 [ 6.  6.]
 [ 2.  1.]
 [ 8. 17.]
 [ 7. 17.]
 [ 8.  6.]
 [ 6.  6.]
 [ 2.  1.]
 [ 9. 17.]
 [ 8. 17.]
 [ 7.  6.]
 [ 6.  6.]
 [ 2.  1.]
 [10. 17.]
 [ 9. 17.]
 [ 7.  6.]
 [ 6.  6.]
 [ 2.  1.]
 [11. 17.]
 [10. 17.]
 [ 7.  6.]
 [ 6.  6.]
 [ 2.  1.]
 [12. 17.]
 [11. 17.]
 [ 7.  6.]
 [ 6.  6.]
 [ 2.  1.]
 [13. 17.]
 [12. 17.]
 [ 7.  6.]
 [ 6.  6.]
 [ 2.  1.]
 [14. 17.]
 [13. 17.]
 [ 7.  6.]
 [ 6.  6.]
 [ 2.  1.]
 [15. 17.]
 [14. 17.]
 [ 7.  6.]
 [ 6.  6.]
 [ 2.  1.]
 [16. 17.]
 [15. 17.]
 [ 7.  6.]
 [ 6.  6.]
 [ 2.  1.]
 [16. 17.]
 [15. 17.]
 [ 7.  6.]
 [ 6.  6.]
 [ 2.  1.]
 [17. 17.]
 [16. 17.]
 [ 7.  6.]]
