Maze:
##########################
#                        #
#                        #
#                        #
#                        #
#                        #
#     ##############     #
#     #            #     #
#     #            #     #
#     #S           #     #
#     #    D       #     #
#     #            #     #
#     #     C      #     #
#     #  A         #     #
#     #            #     #
#     #            #     #
#     #            #     #
#     #            #     #
#     #           B#     #
#     ##############     #
#                        #
#                        #
#                        #
#                        #
#                        #
##########################
[[ 1.  3.]
 [ 3.  7.]
 [12. 12.]
 [ 6.  6.]
 [ 5.  4.]
 [ 0.  3.]
 [ 2.  8.]
 [12. 12.]
 [ 6.  6.]
 [ 4.  3.]
 [-1.  3.]
 [ 1.  9.]
 [12. 12.]
 [ 6.  6.]
 [ 3.  2.]
 [-2.  3.]
 [ 1.  9.]
 [12. 12.]
 [ 6.  6.]
 [ 2.  2.]
 [-2.  3.]
 [ 1.  9.]
 [12. 12.]
 [ 6.  6.]
 [ 1.  2.]
 [-3.  3.]
 [ 1.  9.]
 [12. 12.]
 [ 6.  6.]
 [ 0.  2.]
 [-4.  3.]
 [ 1.  9.]
 [12. 12.]
 [ 6.  6.]
 [-1.  2.]
 [-5.  3.]
 [ 1.  9.]
 [12. 12.]
 [ 6.  6.]
 [-2.  2.]
 [-5.  3.]
 [ 1.  9.]
 [12. 12.]
 [ 6.  6.]
 [-3.  2.]
 [-5.  3.]
 [ 1.  9.]
 [12. 12.]
 [ 6.  6.]
 [-4.  2.]
 [-5.  4.]
 [ 1.  9.]
 [12. 12.]
 [ 6.  6.]
 [-5.  3.]
 [-5.  5.]
 [ 1.  9.]
 [12. 12.]
 [ 6.  6.]
 [-5.  4.]
 [-5.  6.]
 [ 1.  9.]
 [12. 12.]
 [ 6.  6.]
 [-5.  5.]
 [-5.  7.]
 [ 1.  9.]
 [12. 12.]
 [ 6.  6.]
 [-5.  6.]
 [-5.  8.]
 [ 1.  9.]
 [12. 12.]
 [ 6.  6.]
 [-5.  7.]
 [-5.  9.]
 [ 1.  9.]
 [12. 12.]
 [ 6.  6.]
 [-5.  8.]
 [-5. 10.]
 [ 1.  9.]
 [12. 12.]
 [ 6.  6.]
 [-5.  9.]
 [-5. 11.]
 [ 1.  9.]
 [12. 12.]
 [ 6.  6.]
 [-5. 10.]
 [-5. 12.]
 [ 1.  9.]
 [12. 12.]
 [ 6.  6.]
 [-5. 11.]
 [-5. 13.]
 [ 1.  9.]
 [12. 12.]
 [ 6.  6.]
 [-5. 12.]
 [-5. 13.]
 [ 1.  9.]
 [12. 12.]
 [ 6.  6.]
 [-5. 12.]
 [-5. 14.]
 [ 1.  9.]
 [12. 12.]
 [ 6.  6.]
 [-5. 13.]]
