Maze:
##########################
#                        #
#                        #
#                        #
#                        #
#                        #
#     ##############     #
#     #            #     #
#     #       S    #     #
#     #            #     #
#     #            #     #
#     #        D   #     #
#     #     C      #     #
#     #   A        #     #
#     #            #     #
#     #  B         #     #
#     #            #     #
#     #            #     #
#     #            #     #
#     ##############     #
#                        #
#                        #
#                        #
#                        #
#                        #
##########################
[[ 8.  2.]
 [ 4.  7.]
 [ 3.  9.]
 [ 6.  6.]
 [ 9.  5.]
 [ 8.  1.]
 [ 3.  7.]
 [ 3.  8.]
 [ 6.  6.]
 [10.  4.]
 [ 8.  0.]
 [ 3.  6.]
 [ 3.  7.]
 [ 6.  6.]
 [10.  3.]
 [ 8. -1.]
 [ 3.  5.]
 [ 3.  6.]
 [ 6.  6.]
 [10.  2.]
 [ 8. -2.]
 [ 3.  4.]
 [ 3.  5.]
 [ 6.  6.]
 [10.  1.]
 [ 8. -2.]
 [ 3.  3.]
 [ 3.  4.]
 [ 6.  6.]
 [10.  0.]
 [ 7. -3.]
 [ 3.  2.]
 [ 3.  3.]
 [ 6.  6.]
 [10. -1.]
 [ 6. -3.]
 [ 3.  1.]
 [ 3.  2.]
 [ 6.  6.]
 [ 9. -2.]
 [ 5. -3.]
 [ 3.  0.]
 [ 3.  1.]
 [ 6.  6.]
 [ 8. -3.]
 [ 4. -3.]
 [ 3. -1.]
 [ 3.  0.]
 [ 6.  6.]
 [ 7. -3.]
 [ 4. -3.]
 [ 3. -1.]
 [ 3.  0.]
 [ 6.  6.]
 [ 6. -3.]
 [ 4. -3.]
 [ 3. -1.]
 [ 3.  0.]
 [ 6.  6.]
 [ 5. -3.]
 [ 3. -3.]
 [ 3. -2.]
 [ 3. -1.]
 [ 6.  6.]
 [ 4. -3.]
 [ 2. -2.]
 [ 2. -1.]
 [ 3. -2.]
 [ 6.  6.]
 [ 3. -3.]
 [ 3. -1.]
 [ 2.  0.]
 [ 2. -2.]
 [ 6.  6.]
 [ 2. -4.]
 [ 3. -1.]
 [ 1.  1.]
 [ 2. -2.]
 [ 6.  6.]
 [ 2. -5.]
 [ 2. -2.]
 [ 0.  2.]
 [ 3. -1.]
 [ 6.  6.]
 [ 2. -5.]
 [ 3. -1.]
 [-1.  3.]
 [ 2. -2.]
 [ 6.  6.]
 [ 2. -4.]
 [ 2. -2.]
 [-2.  3.]
 [ 3. -1.]
 [ 6.  6.]
 [ 2. -5.]
 [ 3. -1.]
 [-2.  3.]
 [ 2. -2.]
 [ 6.  6.]
 [ 2. -4.]
 [ 2. -2.]
 [-2.  3.]
 [ 3. -1.]
 [ 6.  6.]
 [ 2. -5.]]
