Maze:
##########################
#                        #
#                        #
#                        #
#                        #
#                        #
#     ##############     #
#     #            #     #
#     #D           #     #
#     #            #     #
#     #            #     #
#     #        B   #     #
#     #     S     C#     #
#     #            #     #
#     #            #     #
#     #            #     #
#     #         A  #     #
#     #            #     #
#     #            #     #
#     ##############     #
#                        #
#                        #
#                        #
#                        #
#                        #
##########################
[[ 6.  6.]
 [10. 10.]
 [ 9.  5.]
 [12.  6.]
 [ 1.  2.]
 [ 6.  6.]
 [10. 11.]
 [ 8.  5.]
 [11.  6.]
 [ 1.  2.]
 [ 6.  6.]
 [10. 12.]
 [ 7.  5.]
 [10.  6.]
 [ 1.  2.]
 [ 6.  6.]
 [10. 13.]
 [ 7.  5.]
 [ 9.  6.]
 [ 1.  2.]
 [ 6.  6.]
 [10. 13.]
 [ 6.  5.]
 [ 8.  6.]
 [ 1.  2.]
 [ 6.  6.]
 [10. 13.]
 [ 6.  5.]
 [ 7.  6.]
 [ 1.  2.]
 [ 6.  6.]
 [10. 13.]
 [ 5.  6.]
 [ 6.  5.]
 [ 1.  2.]
 [ 6.  6.]
 [10. 13.]
 [ 6.  7.]
 [ 5.  6.]
 [ 1.  2.]
 [ 6.  6.]
 [10. 13.]
 [ 7.  6.]
 [ 6.  7.]
 [ 1.  2.]
 [ 6.  6.]
 [10. 13.]
 [ 6.  5.]
 [ 7.  6.]
 [ 1.  2.]
 [ 6.  6.]
 [10. 13.]
 [ 5.  6.]
 [ 6.  5.]
 [ 1.  2.]
 [ 6.  6.]
 [10. 13.]
 [ 6.  7.]
 [ 5.  6.]
 [ 1.  2.]
 [ 6.  6.]
 [10. 13.]
 [ 7.  6.]
 [ 6.  7.]
 [ 1.  2.]
 [ 6.  6.]
 [10. 13.]
 [ 6.  5.]
 [ 7.  6.]
 [ 1.  2.]
 [ 6.  6.]
 [10. 13.]
 [ 5.  6.]
 [ 6.  5.]
 [ 1.  2.]
 [ 6.  6.]
 [10. 13.]
 [ 6.  7.]
 [ 5.  6.]
 [ 1.  2.]
 [ 6.  6.]
 [10. 13.]
 [ 7.  6.]
 [ 6.  7.]
 [ 1.  2.]
 [ 6.  6.]
 [10. 13.]
 [ 6.  5.]
 [ 7.  6.]
 [ 1.  2.]
 [ 6.  6.]
 [10. 13.]
 [ 5.  6.]
 [ 6.  5.]
 [ 1.  2.]
 [ 6.  6.]
 [10. 13.]
 [ 6.  7.]
 [ 5.  6.]
 [ 1.  2.]
 [ 6.  6.]
 [10. 13.]
 [ 6.  7.]
 [ 5.  6.]
 [ 1.  2.]
 [ 6.  6.]
 [10. 13.]
 [ 7.  6.]
 [ 6.  7.]
 [ 1.  2.]]
