Maze:
##########################
#                        #
#                        #
#                        #
#                        #
#                        #
#     ##############     #
#     #            #     #
#     #            #     #
#     #            #     #
#     #         S  #     #
#     #            #     #
#     #     C      #     #
#     # B          #     #
#     #            #     #
#     #            #     #
#     #     A      #     #
#     #          D #     #
#     #            #     #
#     ##############     #
#                        #
#                        #
#                        #
#                        #
#                        #
##########################
[[10.  4.]
 [ 6. 10.]
 [ 2.  7.]
 [ 6.  6.]
 [11. 11.]
 [10.  4.]
 [ 6. 11.]
 [ 2.  8.]
 [ 6.  6.]
 [12. 11.]
 [10.  4.]
 [ 6. 12.]
 [ 2.  9.]
 [ 6.  6.]
 [12. 11.]
 [10.  4.]
 [ 6. 13.]
 [ 2. 10.]
 [ 6.  6.]
 [12. 11.]
 [10.  4.]
 [ 6. 14.]
 [ 3. 11.]
 [ 6.  6.]
 [12. 11.]
 [10.  4.]
 [ 6. 15.]
 [ 4. 12.]
 [ 6.  6.]
 [12. 11.]
 [10.  4.]
 [ 6. 16.]
 [ 4. 13.]
 [ 6.  6.]
 [12. 11.]
 [10.  4.]
 [ 6. 17.]
 [ 5. 14.]
 [ 6.  6.]
 [12. 11.]
 [10.  4.]
 [ 6. 17.]
 [ 5. 15.]
 [ 6.  6.]
 [12. 11.]
 [10.  4.]
 [ 6. 17.]
 [ 5. 16.]
 [ 6.  6.]
 [12. 11.]
 [10.  4.]
 [ 7. 17.]
 [ 6. 17.]
 [ 6.  6.]
 [12. 11.]
 [10.  4.]
 [ 8. 17.]
 [ 7. 17.]
 [ 6.  6.]
 [12. 11.]
 [10.  4.]
 [ 9. 17.]
 [ 8. 17.]
 [ 6.  6.]
 [12. 11.]
 [10.  4.]
 [10. 17.]
 [ 9. 17.]
 [ 6.  6.]
 [12. 11.]
 [10.  4.]
 [11. 17.]
 [10. 17.]
 [ 6.  6.]
 [12. 11.]
 [11.  4.]
 [12. 17.]
 [11. 17.]
 [ 6.  6.]
 [12. 10.]
 [11.  4.]
 [13. 17.]
 [12. 17.]
 [ 6.  6.]
 [12.  9.]
 [11.  4.]
 [14. 17.]
 [13. 17.]
 [ 6.  6.]
 [12.  8.]
 [11.  4.]
 [15. 17.]
 [14. 17.]
 [ 6.  6.]
 [12.  7.]
 [11.  3.]
 [16. 17.]
 [15. 17.]
 [ 6.  6.]
 [12.  6.]
 [11.  3.]
 [16. 17.]
 [15. 17.]
 [ 6.  6.]
 [12.  6.]
 [11.  2.]
 [17. 17.]
 [16. 17.]
 [ 6.  6.]
 [12.  5.]]
