Maze:
##########################
#                        #
#                        #
#                        #
#                        #
#                        #
#     ##############     #
#     #            #     #
#     #            #     #
#     #          B #     #
#     #D           #     #
#     #            #     #
#     # C   S      #     #
#     #            #     #
#     #            #     #
#     #            #     #
#     #            #     #
#     #           A#     #
#     #            #     #
#     ##############     #
#                        #
#                        #
#                        #
#                        #
#                        #
##########################
[[ 6.  6.]
 [12. 11.]
 [11.  3.]
 [ 2.  6.]
 [ 1.  4.]
 [ 6.  6.]
 [12. 11.]
 [11.  4.]
 [ 2.  5.]
 [ 1.  3.]
 [ 6.  6.]
 [12. 11.]
 [11.  5.]
 [ 2.  4.]
 [ 1.  2.]
 [ 6.  6.]
 [12. 11.]
 [11.  6.]
 [ 2.  3.]
 [ 1.  1.]
 [ 6.  6.]
 [12. 11.]
 [11.  7.]
 [ 2.  2.]
 [ 1.  0.]
 [ 6.  6.]
 [12. 12.]
 [11.  8.]
 [ 2.  1.]
 [ 1. -1.]
 [ 6.  6.]
 [12. 13.]
 [11.  9.]
 [ 2.  0.]
 [ 1. -2.]
 [ 6.  6.]
 [12. 14.]
 [11. 10.]
 [ 2. -1.]
 [ 1. -3.]
 [ 6.  6.]
 [12. 15.]
 [11. 11.]
 [ 2. -2.]
 [ 1. -4.]
 [ 6.  6.]
 [12. 16.]
 [11. 12.]
 [ 2. -3.]
 [ 1. -5.]
 [ 6.  6.]
 [12. 17.]
 [11. 13.]
 [ 2. -4.]
 [ 1. -5.]
 [ 6.  6.]
 [12. 17.]
 [11. 14.]
 [ 1. -5.]
 [ 0. -5.]
 [ 6.  6.]
 [12. 17.]
 [11. 15.]
 [ 0. -5.]
 [-1. -5.]
 [ 6.  6.]
 [12. 17.]
 [11. 16.]
 [-1. -5.]
 [-2. -5.]
 [ 6.  6.]
 [13. 17.]
 [12. 17.]
 [-2. -5.]
 [-3. -5.]
 [ 6.  6.]
 [14. 17.]
 [13. 17.]
 [-3. -5.]
 [-4. -5.]
 [ 6.  6.]
 [15. 17.]
 [14. 17.]
 [-4. -5.]
 [-5. -5.]
 [ 6.  6.]
 [16. 17.]
 [15. 17.]
 [-4. -5.]
 [-5. -5.]
 [ 6.  6.]
 [17. 17.]
 [16. 17.]
 [-4. -5.]
 [-5. -5.]
 [ 6.  6.]
 [17. 17.]
 [16. 17.]
 [-4. -5.]
 [-5. -5.]]
