Maze:
##########################
#                        #
#                        #
#                        #
#                        #
#                        #
#     ##############     #
#     #            #     #
#     #         D  #     #
#     #A           #     #
#     #           C#     #
#     #            #     #
#     #     S      #     #
#     #       B    #     #
#     #            #     #
#     #            #     #
#     #            #     #
#     #            #     #
#     #            #     #
#     ##############     #
#                        #
#                        #
#                        #
#                        #
#                        #
##########################
[[ 6.  6.]
 [ 1.  3.]
 [ 8.  7.]
 [12.  4.]
 [10.  2.]
 [ 6.  6.]
 [ 1.  3.]
 [ 7.  7.]
 [11.  4.]
 [ 9.  1.]
 [ 6.  6.]
 [ 0.  3.]
 [ 7.  7.]
 [10.  4.]
 [ 8.  0.]
 [ 6.  6.]
 [ 0.  3.]
 [ 7.  7.]
 [ 9.  4.]
 [ 8. -1.]
 [ 6.  6.]
 [ 0.  3.]
 [ 7.  7.]
 [ 8.  5.]
 [ 8. -2.]
 [ 6.  6.]
 [ 0.  3.]
 [ 6.  7.]
 [ 7.  6.]
 [ 8. -2.]
 [ 6.  6.]
 [-1.  3.]
 [ 5.  6.]
 [ 6.  7.]
 [ 8. -2.]
 [ 6.  6.]
 [-1.  3.]
 [ 6.  5.]
 [ 5.  6.]
 [ 8. -2.]
 [ 6.  6.]
 [-2.  3.]
 [ 7.  6.]
 [ 6.  5.]
 [ 8. -2.]
 [ 6.  6.]
 [-2.  3.]
 [ 6.  7.]
 [ 7.  6.]
 [ 8. -2.]
 [ 6.  6.]
 [-2.  3.]
 [ 5.  6.]
 [ 6.  7.]
 [ 8. -2.]
 [ 6.  6.]
 [-2.  3.]
 [ 6.  5.]
 [ 5.  6.]
 [ 8. -2.]
 [ 6.  6.]
 [-2.  3.]
 [ 7.  6.]
 [ 6.  5.]
 [ 8. -2.]
 [ 6.  6.]
 [-2.  3.]
 [ 6.  7.]
 [ 7.  6.]
 [ 8. -2.]
 [ 6.  6.]
 [-2.  3.]
 [ 5.  6.]
 [ 6.  7.]
 [ 8. -2.]
 [ 6.  6.]
 [-2.  3.]
 [ 6.  5.]
 [ 5.  6.]
 [ 8. -2.]
 [ 6.  6.]
 [-2.  3.]
 [ 7.  6.]
 [ 6.  5.]
 [ 8. -2.]
 [ 6.  6.]
 [-2.  3.]
 [ 6.  7.]
 [ 7.  6.]
 [ 8. -2.]
 [ 6.  6.]
 [-2.  3.]
 [ 5.  6.]
 [ 6.  7.]
 [ 8. -2.]
 [ 6.  6.]
 [-2.  3.]
 [ 6.  5.]
 [ 5.  6.]
 [ 8. -2.]
 [ 6.  6.]
 [-2.  3.]
 [ 6.  5.]
 [ 5.  6.]
 [ 8. -2.]
 [ 6.  6.]
 [-2.  3.]
 [ 7.  6.]
 [ 6.  5.]
 [ 8. -2.]]
