Maze:
##########################
#                        #
#                        #
#                        #
#                        #
#                        #
#     ##############     #
#     #     A      #     #
#     #  D         #     #
#     #            #     #
#     # S          #     #
#     #            #     #
#     #     B      #     #
#     #            #     #
#     #            #     #
#     #            #     #
#     #    C       #     #
#     #            #     #
#     #            #     #
#     ##############     #
#                        #
#                        #
#                        #
#                        #
#                        #
##########################
[[ 2.  4.]
 [ 6.  1.]
 [ 6.  6.]
 [ 5. 10.]
 [ 3.  2.]
 [ 2.  5.]
 [ 7.  0.]
 [ 6.  6.]
 [ 5.  9.]
 [ 2.  3.]
 [ 2.  6.]
 [ 7. -1.]
 [ 6.  6.]
 [ 5.  8.]
 [ 2.  4.]
 [ 2.  7.]
 [ 7. -1.]
 [ 6.  6.]
 [ 5.  7.]
 [ 2.  5.]
 [ 2.  8.]
 [ 7. -1.]
 [ 6.  6.]
 [ 5.  7.]
 [ 1.  6.]
 [ 2.  9.]
 [ 7. -1.]
 [ 6.  6.]
 [ 5.  7.]
 [ 1.  7.]
 [ 2. 10.]
 [ 7. -1.]
 [ 6.  6.]
 [ 5.  7.]
 [ 1.  8.]
 [ 2. 11.]
 [ 7. -1.]
 [ 6.  6.]
 [ 5.  7.]
 [ 1.  9.]
 [ 2. 12.]
 [ 7. -1.]
 [ 6.  6.]
 [ 5.  7.]
 [ 1. 10.]
 [ 2. 13.]
 [ 7. -1.]
 [ 6.  6.]
 [ 5.  7.]
 [ 1. 11.]
 [ 2. 14.]
 [ 7. -1.]
 [ 6.  6.]
 [ 5.  7.]
 [ 1. 12.]
 [ 2. 15.]
 [ 7. -1.]
 [ 6.  6.]
 [ 5.  7.]
 [ 1. 13.]
 [ 2. 16.]
 [ 7. -1.]
 [ 6.  6.]
 [ 5.  7.]
 [ 1. 14.]
 [ 2. 17.]
 [ 7. -1.]
 [ 6.  6.]
 [ 5.  7.]
 [ 1. 15.]
 [ 2. 17.]
 [ 7. -1.]
 [ 6.  6.]
 [ 5.  7.]
 [ 1. 16.]
 [ 3. 17.]
 [ 7. -1.]
 [ 6.  6.]
 [ 5.  7.]
 [ 2. 17.]
 [ 4. 17.]
 [ 7. -1.]
 [ 6.  6.]
 [ 5.  7.]
 [ 3. 17.]
 [ 5. 17.]
 [ 7. -1.]
 [ 6.  6.]
 [ 5.  7.]
 [ 4. 17.]
 [ 6. 17.]
 [ 7. -1.]
 [ 6.  6.]
 [ 5.  7.]
 [ 5. 17.]
 [ 7. 17.]
 [ 7. -1.]
 [ 6.  6.]
 [ 5.  7.]
 [ 6. 17.]
 [ 7. 17.]
 [ 7. -1.]
 [ 6.  6.]
 [ 5.  7.]
 [ 6. 17.]
 [ 8. 17.]
 [ 7. -1.]
 [ 6.  6.]
 [ 5.  7.]
 [ 7. 17.]]
