Maze:
##########################
#                        #
#                        #
#                        #
#                        #
#                        #
#     ##############     #
#     #            #     #
#     #            #     #
#     #       C    #     #
#     #            #     #
#     #        B   #     #
#     # S   A      #     #
#     #            #     #
#     #            #     #
#     #            #     #
#     #            #     #
#     #            #     #
#     #D           #     #
#     ##############     #
#                        #
#                        #
#                        #
#                        #
#                        #
##########################
[[ 2.  6.]
 [ 6.  6.]
 [ 9.  5.]
 [ 8.  3.]
 [ 1. 12.]
 [ 2.  6.]
 [ 6.  6.]
 [ 9.  6.]
 [ 9.  4.]
 [ 1. 12.]
 [ 2.  6.]
 [ 6.  6.]
 [ 8.  7.]
 [ 9.  5.]
 [ 1. 12.]
 [ 2.  6.]
 [ 6.  6.]
 [ 7.  7.]
 [ 9.  6.]
 [ 1. 12.]
 [ 2.  6.]
 [ 6.  6.]
 [ 7.  7.]
 [ 8.  7.]
 [ 1. 12.]
 [ 2.  6.]
 [ 6.  6.]
 [ 6.  7.]
 [ 7.  7.]
 [ 1. 12.]
 [ 2.  6.]
 [ 6.  6.]
 [ 5.  6.]
 [ 6.  7.]
 [ 1. 12.]
 [ 3.  6.]
 [ 6.  6.]
 [ 5.  6.]
 [ 5.  7.]
 [ 1. 12.]
 [ 3.  5.]
 [ 6.  6.]
 [ 6.  5.]
 [ 5.  6.]
 [ 1. 12.]
 [ 2.  4.]
 [ 6.  6.]
 [ 6.  5.]
 [ 5.  5.]
 [ 1. 12.]
 [ 2.  4.]
 [ 6.  6.]
 [ 7.  6.]
 [ 6.  5.]
 [ 1. 12.]
 [ 2.  4.]
 [ 6.  6.]
 [ 7.  6.]
 [ 7.  5.]
 [ 1. 12.]
 [ 2.  4.]
 [ 6.  6.]
 [ 6.  7.]
 [ 7.  6.]
 [ 1. 12.]
 [ 2.  4.]
 [ 6.  6.]
 [ 6.  7.]
 [ 7.  7.]
 [ 1. 12.]
 [ 2.  4.]
 [ 6.  6.]
 [ 5.  6.]
 [ 6.  7.]
 [ 1. 12.]
 [ 2.  4.]
 [ 6.  6.]
 [ 5.  6.]
 [ 5.  7.]
 [ 1. 12.]
 [ 2.  4.]
 [ 6.  6.]
 [ 6.  5.]
 [ 5.  6.]
 [ 1. 12.]
 [ 2.  4.]
 [ 6.  6.]
 [ 6.  5.]
 [ 5.  5.]
 [ 1. 12.]
 [ 2.  4.]
 [ 6.  6.]
 [ 7.  6.]
 [ 6.  5.]
 [ 1. 12.]
 [ 2.  4.]
 [ 6.  6.]
 [ 7.  6.]
 [ 7.  5.]
 [ 1. 12.]
 [ 2.  4.]
 [ 6.  6.]
 [ 7.  6.]
 [ 7.  5.]
 [ 1. 12.]
 [ 2.  4.]
 [ 6.  6.]
 [ 6.  7.]
 [ 7.  6.]
 [ 1. 12.]]
