Maze:
##########################
#                        #
#                        #
#                        #
#                        #
#                        #
#     ##############     #
#     #            #     #
#     #            #     #
#     #       B    #     #
#     #            #     #
#     #            #     #
#     #  A  C      #     #
#     #            #     #
#     #            #     #
#     #            #     #
#     # S          #     #
#     #    D       #     #
#     #            #     #
#     ##############     #
#                        #
#                        #
#                        #
#                        #
#                        #
##########################
[[ 2. 10.]
 [ 3.  6.]
 [ 8.  3.]
 [ 6.  6.]
 [ 5. 11.]
 [ 1. 10.]
 [ 2.  6.]
 [ 8.  2.]
 [ 6.  6.]
 [ 4. 11.]
 [ 0. 10.]
 [ 1.  6.]
 [ 8.  2.]
 [ 6.  6.]
 [ 3. 11.]
 [-1. 10.]
 [ 0.  5.]
 [ 8.  1.]
 [ 6.  6.]
 [ 2. 11.]
 [-2. 10.]
 [ 0.  5.]
 [ 8.  1.]
 [ 6.  6.]
 [ 1. 11.]
 [-3. 10.]
 [ 0.  5.]
 [ 8.  1.]
 [ 6.  6.]
 [ 0. 11.]
 [-4. 10.]
 [ 0.  5.]
 [ 8.  1.]
 [ 6.  6.]
 [-1. 11.]
 [-5. 10.]
 [ 0.  5.]
 [ 8.  1.]
 [ 6.  6.]
 [-2. 11.]
 [-5. 10.]
 [ 0.  5.]
 [ 8.  1.]
 [ 6.  6.]
 [-3. 11.]
 [-5. 10.]
 [ 0.  5.]
 [ 8.  1.]
 [ 6.  6.]
 [-4. 11.]
 [-5.  9.]
 [ 0.  5.]
 [ 8.  1.]
 [ 6.  6.]
 [-5. 10.]
 [-5.  8.]
 [ 0.  5.]
 [ 8.  1.]
 [ 6.  6.]
 [-5.  9.]
 [-5.  7.]
 [ 0.  5.]
 [ 8.  1.]
 [ 6.  6.]
 [-5.  8.]
 [-5.  6.]
 [ 0.  5.]
 [ 8.  1.]
 [ 6.  6.]
 [-5.  7.]
 [-5.  5.]
 [ 0.  5.]
 [ 8.  1.]
 [ 6.  6.]
 [-5.  6.]
 [-5.  4.]
 [ 0.  5.]
 [ 8.  1.]
 [ 6.  6.]
 [-5.  5.]
 [-5.  3.]
 [ 0.  5.]
 [ 8.  1.]
 [ 6.  6.]
 [-5.  4.]
 [-5.  2.]
 [ 0.  5.]
 [ 8.  1.]
 [ 6.  6.]
 [-5.  3.]
 [-5.  1.]
 [ 0.  5.]
 [ 8.  1.]
 [ 6.  6.]
 [-5.  2.]
 [-5.  0.]
 [ 0.  5.]
 [ 8.  1.]
 [ 6.  6.]
 [-5.  1.]
 [-5.  0.]
 [ 0.  5.]
 [ 8.  1.]
 [ 6.  6.]
 [-5.  1.]
 [-5. -1.]
 [ 0.  5.]
 [ 8.  1.]
 [ 6.  6.]
 [-5.  0.]]
