Maze:
##########################
#                        #
#                        #
#                        #
#                        #
#                        #
#     ##############     #
#     #            #     #
#     #            #     #
#     #            #     #
#     #            #     #
#     #            #     #
#     #     D      #     #
#     #       A    #     #
#     #S           #     #
#     #            #     #
#     #            #     #
#     #        B   #     #
#     #          C #     #
#     ##############     #
#                        #
#                        #
#                        #
#                        #
#                        #
##########################
[[ 1.  8.]
 [ 8.  7.]
 [ 9. 11.]
 [11. 12.]
 [ 6.  6.]
 [ 1.  8.]
 [ 9.  7.]
 [ 8. 10.]
 [10. 12.]
 [ 6.  6.]
 [ 1.  8.]
 [ 9.  6.]
 [ 8.  9.]
 [ 9. 11.]
 [ 6.  6.]
 [ 1.  8.]
 [10.  5.]
 [ 8.  8.]
 [ 9. 10.]
 [ 6.  6.]
 [ 1.  8.]
 [11.  4.]
 [ 8.  7.]
 [ 9.  9.]
 [ 6.  6.]
 [ 1.  8.]
 [12.  3.]
 [ 8.  6.]
 [ 8.  8.]
 [ 6.  6.]
 [ 1.  8.]
 [13.  2.]
 [ 8.  5.]
 [ 8.  7.]
 [ 6.  6.]
 [ 1.  8.]
 [13.  2.]
 [ 8.  4.]
 [ 8.  6.]
 [ 6.  6.]
 [ 1.  8.]
 [14.  2.]
 [ 8.  3.]
 [ 8.  5.]
 [ 6.  6.]
 [ 1.  8.]
 [15.  2.]
 [ 8.  2.]
 [ 8.  4.]
 [ 6.  6.]
 [ 1.  8.]
 [15.  2.]
 [ 8.  1.]
 [ 8.  3.]
 [ 6.  6.]
 [ 1.  8.]
 [15.  2.]
 [ 8.  0.]
 [ 8.  2.]
 [ 6.  6.]
 [ 1.  8.]
 [15.  2.]
 [ 8. -1.]
 [ 8.  1.]
 [ 6.  6.]
 [ 1.  8.]
 [15.  2.]
 [ 8. -2.]
 [ 8.  0.]
 [ 6.  6.]
 [ 1.  8.]
 [15.  2.]
 [ 8. -3.]
 [ 8. -1.]
 [ 6.  6.]
 [ 1.  8.]
 [15.  2.]
 [ 8. -4.]
 [ 8. -2.]
 [ 6.  6.]
 [ 1.  8.]
 [15.  2.]
 [ 8. -5.]
 [ 8. -3.]
 [ 6.  6.]
 [ 1.  8.]
 [15.  2.]
 [ 8. -5.]
 [ 8. -4.]
 [ 6.  6.]
 [ 1.  8.]
 [15.  2.]
 [ 8. -5.]
 [ 8. -4.]
 [ 6.  6.]]
