Maze:
##########################
#                        #
#                        #
#                        #
#                        #
#                        #
#     ##############     #
#     #            #     #
#     #            #     #
#     #            #     #
#     #            #     #
#     #       D    #     #
#     #     A      #     #
#     #            #     #
#     #            #     #
#     #           B#     #
#     #            #     #
#     #    C       #     #
#     #      S     #     #
#     ##############     #
#                        #
#                        #
#                        #
#                        #
#                        #
##########################
[[ 7. 12.]
 [ 6.  6.]
 [12.  9.]
 [ 5. 11.]
 [ 8.  5.]
 [ 8. 12.]
 [ 6.  6.]
 [11.  9.]
 [ 6. 11.]
 [ 9.  4.]
 [ 9. 12.]
 [ 6.  6.]
 [10.  9.]
 [ 7. 11.]
 [ 9.  3.]
 [10. 12.]
 [ 6.  6.]
 [10.  9.]
 [ 8. 11.]
 [ 9.  2.]
 [11. 12.]
 [ 6.  6.]
 [11.  8.]
 [ 9. 10.]
 [ 9.  2.]
 [12. 12.]
 [ 6.  6.]
 [12.  7.]
 [10.  9.]
 [ 9.  1.]
 [12. 12.]
 [ 6.  6.]
 [13.  6.]
 [11.  8.]
 [ 9.  0.]
 [12. 12.]
 [ 6.  6.]
 [14.  5.]
 [12.  7.]
 [ 9.  0.]
 [12. 12.]
 [ 6.  6.]
 [15.  4.]
 [13.  6.]
 [ 9.  0.]
 [12. 12.]
 [ 6.  6.]
 [16.  3.]
 [14.  5.]
 [ 9.  0.]
 [12. 12.]
 [ 6.  6.]
 [17.  2.]
 [15.  4.]
 [ 9.  0.]
 [12. 12.]
 [ 6.  6.]
 [17.  1.]
 [16.  3.]
 [ 9.  0.]
 [12. 12.]
 [ 6.  6.]
 [17.  0.]
 [16.  2.]
 [ 9.  0.]
 [12. 12.]
 [ 6.  6.]
 [17. -1.]
 [16.  1.]
 [ 9.  0.]
 [12. 12.]
 [ 6.  6.]
 [17. -2.]
 [16.  0.]
 [ 8.  0.]
 [12. 12.]
 [ 6.  6.]
 [17. -3.]
 [16. -1.]
 [ 8.  0.]
 [12. 12.]
 [ 6.  6.]
 [17. -4.]
 [16. -2.]
 [ 8.  0.]
 [12. 12.]
 [ 6.  6.]
 [17. -5.]
 [16. -3.]
 [ 8.  0.]
 [12. 12.]
 [ 6.  6.]
 [17. -5.]
 [16. -4.]
 [ 8.  0.]
 [12. 12.]
 [ 6.  6.]
 [17. -5.]
 [16. -4.]
 [ 8.  0.]]
