Maze:
##########################
#                        #
#                        #
#                        #
#                        #
#                        #
#     ##############     #
#     #            #     #
#     #            #     #
#     #            #     #
#     #          D #     #
#     #            #     #
#     #     S  B   #     #
#     #            #     #
#     #            #     #
#     #       C    #     #
#     #            #     #
#     # A          #     #
#     #            #     #
#     ##############     #
#                        #
#                        #
#                        #
#                        #
#                        #
##########################
[[ 6.  6.]
 [ 2. 11.]
 [ 9.  6.]
 [ 8.  9.]
 [11.  4.]
 [ 6.  6.]
 [ 1. 11.]
 [ 8.  5.]
 [ 8.  8.]
 [12.  3.]
 [ 6.  6.]
 [ 1. 11.]
 [ 7.  5.]
 [ 8.  7.]
 [13.  2.]
 [ 6.  6.]
 [ 1. 11.]
 [ 6.  5.]
 [ 8.  6.]
 [13.  2.]
 [ 6.  6.]
 [ 1. 11.]
 [ 6.  5.]
 [ 7.  6.]
 [13.  2.]
 [ 6.  6.]
 [ 1. 11.]
 [ 5.  6.]
 [ 6.  5.]
 [13.  2.]
 [ 6.  6.]
 [ 1. 11.]
 [ 6.  7.]
 [ 5.  6.]
 [13.  2.]
 [ 6.  6.]
 [ 1. 11.]
 [ 7.  6.]
 [ 6.  7.]
 [13.  2.]
 [ 6.  6.]
 [ 1. 11.]
 [ 6.  5.]
 [ 7.  6.]
 [13.  2.]
 [ 6.  6.]
 [ 1. 11.]
 [ 5.  6.]
 [ 6.  5.]
 [13.  2.]
 [ 6.  6.]
 [ 1. 11.]
 [ 6.  7.]
 [ 5.  6.]
 [13.  2.]
 [ 6.  6.]
 [ 1. 11.]
 [ 7.  6.]
 [ 6.  7.]
 [13.  2.]
 [ 6.  6.]
 [ 1. 11.]
 [ 6.  5.]
 [ 7.  6.]
 [13.  2.]
 [ 6.  6.]
 [ 1. 11.]
 [ 5.  6.]
 [ 6.  5.]
 [13.  2.]
 [ 6.  6.]
 [ 1. 11.]
 [ 6.  7.]
 [ 5.  6.]
 [13.  2.]
 [ 6.  6.]
 [ 1. 11.]
 [ 7.  6.]
 [ 6.  7.]
 [13.  2.]
 [ 6.  6.]
 [ 1. 11.]
 [ 6.  5.]
 [ 7.  6.]
 [13.  2.]
 [ 6.  6.]
 [ 1. 11.]
 [ 5.  6.]
 [ 6.  5.]
 [13.  2.]
 [ 6.  6.]
 [ 1. 11.]
 [ 6.  7.]
 [ 5.  6.]
 [13.  2.]
 [ 6.  6.]
 [ 1. 11.]
 [ 7.  6.]
 [ 6.  7.]
 [13.  2.]
 [ 6.  6.]
 [ 1. 11.]
 [ 7.  6.]
 [ 6.  7.]
 [13.  2.]
 [ 6.  6.]
 [ 1. 11.]
 [ 6.  5.]
 [ 7.  6.]
 [13.  2.]]
