Maze:
##########################
#                        #
#                        #
#                        #
#                        #
#                        #
#     ##############     #
#     #         A  #     #
#     #            #     #
#     #            #     #
#     #            #     #
#     #D           #     #
#     #     S      #     #
#     #            #     #
#     #            #     #
#     #     B      #     #
#     #   C        #     #
#     #            #     #
#     #            #     #
#     ##############     #
#                        #
#                        #
#                        #
#                        #
#                        #
##########################
[[ 6.  6.]
 [10.  1.]
 [ 6.  9.]
 [ 4. 10.]
 [ 1.  5.]
 [ 6.  6.]
 [10.  1.]
 [ 7.  8.]
 [ 5.  9.]
 [ 1.  4.]
 [ 6.  6.]
 [10.  1.]
 [ 7.  7.]
 [ 6.  8.]
 [ 1.  4.]
 [ 6.  6.]
 [10.  1.]
 [ 7.  6.]
 [ 7.  7.]
 [ 1.  4.]
 [ 6.  6.]
 [10.  0.]
 [ 6.  5.]
 [ 7.  6.]
 [ 1.  4.]
 [ 6.  6.]
 [10. -1.]
 [ 5.  6.]
 [ 6.  5.]
 [ 1.  4.]
 [ 6.  6.]
 [10. -1.]
 [ 6.  7.]
 [ 5.  6.]
 [ 0.  4.]
 [ 6.  6.]
 [10. -1.]
 [ 7.  6.]
 [ 6.  7.]
 [-1.  4.]
 [ 6.  6.]
 [10. -1.]
 [ 6.  5.]
 [ 7.  6.]
 [-1.  4.]
 [ 6.  6.]
 [10. -1.]
 [ 5.  6.]
 [ 6.  5.]
 [-1.  4.]
 [ 6.  6.]
 [10. -1.]
 [ 6.  7.]
 [ 5.  6.]
 [-1.  4.]
 [ 6.  6.]
 [10. -1.]
 [ 7.  6.]
 [ 6.  7.]
 [-1.  4.]
 [ 6.  6.]
 [10. -1.]
 [ 6.  5.]
 [ 7.  6.]
 [-1.  4.]
 [ 6.  6.]
 [10. -1.]
 [ 5.  6.]
 [ 6.  5.]
 [-1.  4.]
 [ 6.  6.]
 [10. -1.]
 [ 6.  7.]
 [ 5.  6.]
 [-1.  4.]
 [ 6.  6.]
 [10. -1.]
 [ 7.  6.]
 [ 6.  7.]
 [-1.  4.]
 [ 6.  6.]
 [10. -1.]
 [ 6.  5.]
 [ 7.  6.]
 [-1.  4.]
 [ 6.  6.]
 [10. -1.]
 [ 5.  6.]
 [ 6.  5.]
 [-1.  4.]
 [ 6.  6.]
 [10. -1.]
 [ 6.  7.]
 [ 5.  6.]
 [-1.  4.]
 [ 6.  6.]
 [10. -1.]
 [ 7.  6.]
 [ 6.  7.]
 [-1.  4.]
 [ 6.  6.]
 [10. -1.]
 [ 7.  6.]
 [ 6.  7.]
 [-1.  4.]
 [ 6.  6.]
 [10. -1.]
 [ 6.  5.]
 [ 7.  6.]
 [-1.  4.]]
