Maze:
##########################
#                        #
#                        #
#                        #
#                        #
#                        #
#     ##############     #
#     #   C        #     #
#     #            #     #
#     # A          #     #
#     #            #     #
#     #            #     #
#     #     B      #     #
#     #  D         #     #
#     #            #     #
#     #            #     #
#     #            #     #
#     #            #     #
#     #    S       #     #
#     ##############     #
#                        #
#                        #
#                        #
#                        #
#                        #
##########################
[[ 5. 12.]
 [ 2.  3.]
 [ 6.  6.]
 [ 4.  1.]
 [ 3.  7.]
 [ 5. 12.]
 [ 1.  3.]
 [ 6.  6.]
 [ 5.  1.]
 [ 2.  8.]
 [ 5. 12.]
 [ 0.  3.]
 [ 6.  6.]
 [ 5.  2.]
 [ 2.  9.]
 [ 5. 12.]
 [-1.  3.]
 [ 6.  6.]
 [ 5.  3.]
 [ 2. 10.]
 [ 5. 12.]
 [-2.  3.]
 [ 6.  6.]
 [ 5.  4.]
 [ 2. 11.]
 [ 6. 12.]
 [-2.  3.]
 [ 6.  6.]
 [ 5.  5.]
 [ 3. 12.]
 [ 7. 12.]
 [-2.  3.]
 [ 6.  6.]
 [ 5.  5.]
 [ 4. 12.]
 [ 8. 12.]
 [-2.  3.]
 [ 6.  6.]
 [ 5.  5.]
 [ 5. 12.]
 [ 9. 12.]
 [-2.  3.]
 [ 6.  6.]
 [ 5.  5.]
 [ 6. 12.]
 [10. 12.]
 [-2.  3.]
 [ 6.  6.]
 [ 5.  5.]
 [ 7. 12.]
 [11. 12.]
 [-2.  3.]
 [ 6.  6.]
 [ 5.  5.]
 [ 8. 12.]
 [12. 12.]
 [-2.  3.]
 [ 6.  6.]
 [ 5.  5.]
 [ 9. 12.]
 [13. 12.]
 [-2.  3.]
 [ 6.  6.]
 [ 5.  5.]
 [10. 12.]
 [14. 12.]
 [-2.  3.]
 [ 6.  6.]
 [ 5.  5.]
 [11. 12.]
 [15. 12.]
 [-2.  3.]
 [ 6.  6.]
 [ 5.  5.]
 [12. 12.]
 [16. 12.]
 [-2.  3.]
 [ 6.  6.]
 [ 5.  5.]
 [13. 12.]
 [17. 12.]
 [-2.  3.]
 [ 6.  6.]
 [ 5.  5.]
 [14. 12.]
 [17. 12.]
 [-2.  3.]
 [ 6.  6.]
 [ 5.  5.]
 [15. 12.]
 [17. 12.]
 [-2.  3.]
 [ 6.  6.]
 [ 5.  5.]
 [16. 12.]
 [17. 12.]
 [-2.  3.]
 [ 6.  6.]
 [ 5.  5.]
 [16. 12.]]
