Maze:
##########################
#                        #
#                        #
#                        #
#                        #
#                        #
#     ##############     #
#     #            #     #
#     #            #     #
#     #            #     #
#     #      S     #     #
#     #            #     #
#     #     C      #     #
#     #    D       #     #
#     #A           #     #
#     #            #     #
#     #            #     #
#     #     B      #     #
#     #            #     #
#     ##############     #
#                        #
#                        #
#                        #
#                        #
#                        #
##########################
[[ 7.  4.]
 [ 1.  8.]
 [ 6. 11.]
 [ 6.  6.]
 [ 5.  7.]
 [ 7.  3.]
 [ 0.  8.]
 [ 5. 11.]
 [ 6.  6.]
 [ 4.  8.]
 [ 7.  2.]
 [-1.  8.]
 [ 4. 11.]
 [ 6.  6.]
 [ 3.  8.]
 [ 7.  1.]
 [-2.  8.]
 [ 3. 11.]
 [ 6.  6.]
 [ 2.  7.]
 [ 7.  1.]
 [-3.  8.]
 [ 2. 11.]
 [ 6.  6.]
 [ 1.  6.]
 [ 7.  1.]
 [-4.  8.]
 [ 1. 11.]
 [ 6.  6.]
 [ 1.  5.]
 [ 7.  1.]
 [-4.  8.]
 [ 0. 11.]
 [ 6.  6.]
 [ 1.  4.]
 [ 7.  1.]
 [-4.  8.]
 [-1. 11.]
 [ 6.  6.]
 [ 1.  3.]
 [ 7.  1.]
 [-5.  8.]
 [-2. 10.]
 [ 6.  6.]
 [ 1.  2.]
 [ 7.  1.]
 [-5.  8.]
 [-3.  9.]
 [ 6.  6.]
 [ 1.  1.]
 [ 7.  1.]
 [-5.  8.]
 [-4.  9.]
 [ 6.  6.]
 [ 1.  1.]
 [ 7.  1.]
 [-5.  7.]
 [-5.  8.]
 [ 6.  6.]
 [ 1.  1.]
 [ 7.  1.]
 [-5.  6.]
 [-5.  7.]
 [ 6.  6.]
 [ 1.  1.]
 [ 7.  1.]
 [-5.  5.]
 [-5.  6.]
 [ 6.  6.]
 [ 1.  1.]
 [ 7.  1.]
 [-5.  4.]
 [-5.  5.]
 [ 6.  6.]
 [ 1.  1.]
 [ 7.  1.]
 [-5.  3.]
 [-5.  4.]
 [ 6.  6.]
 [ 2.  1.]
 [ 7.  1.]
 [-5.  2.]
 [-5.  3.]
 [ 6.  6.]
 [ 3.  1.]
 [ 7.  1.]
 [-5.  1.]
 [-5.  2.]
 [ 6.  6.]
 [ 4.  1.]
 [ 8.  1.]
 [-5.  0.]
 [-5.  1.]
 [ 6.  6.]
 [ 5.  1.]
 [ 9.  1.]
 [-5. -1.]
 [-5.  0.]
 [ 6.  6.]
 [ 6.  1.]
 [ 9.  1.]
 [-5. -1.]
 [-5.  0.]
 [ 6.  6.]
 [ 6.  1.]
 [10.  1.]
 [-5. -2.]
 [-5. -1.]
 [ 6.  6.]
 [ 7.  1.]]
