Maze:
##########################
#                        #
#                        #
#                        #
#                        #
#                        #
#     ##############     #
#     #       S    #     #
#     #            #     #
#     #            #     #
#     #            #     #
#     #            #     #
#     #   D A      #     #
#     #B           #     #
#     #            #     #
#     #            #     #
#     #         C  #     #
#     #            #     #
#     #            #     #
#     ##############     #
#                        #
#                        #
#                        #
#                        #
#                        #
##########################
[[ 8.  1.]
 [ 6.  6.]
 [ 1.  7.]
 [10. 10.]
 [ 4.  6.]
 [ 8.  1.]
 [ 6.  6.]
 [ 2.  7.]
 [10. 10.]
 [ 4.  5.]
 [ 8.  1.]
 [ 6.  6.]
 [ 3.  7.]
 [10. 10.]
 [ 4.  4.]
 [ 8.  1.]
 [ 6.  6.]
 [ 4.  7.]
 [10. 10.]
 [ 4.  3.]
 [ 8.  1.]
 [ 6.  6.]
 [ 5.  6.]
 [10. 10.]
 [ 4.  2.]
 [ 8.  1.]
 [ 6.  6.]
 [ 5.  6.]
 [10. 10.]
 [ 4.  1.]
 [ 8.  1.]
 [ 6.  6.]
 [ 5.  6.]
 [10. 10.]
 [ 5.  0.]
 [ 8.  1.]
 [ 6.  6.]
 [ 5.  6.]
 [10. 10.]
 [ 6.  0.]
 [ 9.  2.]
 [ 6.  6.]
 [ 5.  6.]
 [10. 10.]
 [ 7.  0.]
 [ 9.  3.]
 [ 6.  6.]
 [ 5.  6.]
 [10. 10.]
 [ 8.  0.]
 [ 9.  4.]
 [ 6.  6.]
 [ 5.  6.]
 [10. 10.]
 [ 9.  1.]
 [ 8.  5.]
 [ 6.  6.]
 [ 5.  6.]
 [10. 10.]
 [ 9.  2.]
 [ 7.  5.]
 [ 6.  6.]
 [ 5.  6.]
 [10. 10.]
 [ 9.  3.]
 [ 7.  5.]
 [ 6.  6.]
 [ 5.  6.]
 [10. 10.]
 [ 8.  4.]
 [ 7.  5.]
 [ 6.  6.]
 [ 5.  6.]
 [10.  9.]
 [ 8.  4.]
 [ 7.  5.]
 [ 6.  6.]
 [ 5.  6.]
 [ 9.  8.]
 [ 8.  4.]
 [ 7.  5.]
 [ 6.  6.]
 [ 5.  6.]
 [ 8.  7.]
 [ 8.  4.]
 [ 6.  5.]
 [ 6.  6.]
 [ 5.  6.]
 [ 7.  6.]
 [ 7.  5.]
 [ 5.  5.]
 [ 6.  6.]
 [ 5.  6.]
 [ 7.  5.]
 [ 6.  4.]
 [ 5.  6.]
 [ 6.  6.]
 [ 6.  5.]
 [ 6.  4.]
 [ 5.  4.]
 [ 5.  6.]
 [ 6.  6.]
 [ 6.  5.]
 [ 6.  4.]
 [ 5.  4.]
 [ 5.  6.]
 [ 6.  6.]
 [ 6.  5.]
 [ 6.  4.]
 [ 4.  4.]]
