Maze:
##########################
#                        #
#                        #
#                        #
#                        #
#                        #
#     ##############     #
#     #            #     #
#     #            #     #
#     #   A        #     #
#     #            #     #
#     #  S         #     #
#     #     C      #     #
#     #           B#     #
#     #            #     #
#     #            #     #
#     #            #     #
#     #       D    #     #
#     #            #     #
#     ##############     #
#                        #
#                        #
#                        #
#                        #
#                        #
##########################
[[ 3.  5.]
 [ 4.  3.]
 [12.  7.]
 [ 6.  6.]
 [ 8. 11.]
 [ 3.  4.]
 [ 4.  2.]
 [12.  7.]
 [ 6.  6.]
 [ 8. 12.]
 [ 3.  3.]
 [ 4.  1.]
 [12.  7.]
 [ 6.  6.]
 [ 8. 13.]
 [ 3.  2.]
 [ 4.  0.]
 [12.  7.]
 [ 6.  6.]
 [ 8. 13.]
 [ 3.  1.]
 [ 4. -1.]
 [12.  7.]
 [ 6.  6.]
 [ 8. 13.]
 [ 3.  0.]
 [ 4. -2.]
 [12.  7.]
 [ 6.  6.]
 [ 8. 13.]
 [ 3. -1.]
 [ 4. -3.]
 [12.  7.]
 [ 6.  6.]
 [ 8. 14.]
 [ 3. -2.]
 [ 4. -4.]
 [12.  7.]
 [ 6.  6.]
 [ 8. 14.]
 [ 3. -3.]
 [ 4. -5.]
 [12.  7.]
 [ 6.  6.]
 [ 8. 14.]
 [ 3. -4.]
 [ 4. -5.]
 [12.  7.]
 [ 6.  6.]
 [ 8. 14.]
 [ 4. -5.]
 [ 5. -5.]
 [12.  7.]
 [ 6.  6.]
 [ 8. 14.]
 [ 5. -5.]
 [ 6. -5.]
 [12.  7.]
 [ 6.  6.]
 [ 8. 14.]
 [ 6. -5.]
 [ 7. -5.]
 [12.  7.]
 [ 6.  6.]
 [ 8. 14.]
 [ 7. -5.]
 [ 8. -5.]
 [12.  7.]
 [ 6.  6.]
 [ 8. 14.]
 [ 8. -5.]
 [ 9. -5.]
 [12.  7.]
 [ 6.  6.]
 [ 8. 14.]
 [ 9. -5.]
 [10. -5.]
 [12.  7.]
 [ 6.  6.]
 [ 8. 14.]
 [10. -5.]
 [11. -5.]
 [12.  7.]
 [ 6.  6.]
 [ 8. 14.]
 [11. -5.]
 [12. -5.]
 [12.  7.]
 [ 6.  6.]
 [ 8. 14.]
 [12. -5.]
 [13. -5.]
 [12.  7.]
 [ 6.  6.]
 [ 8. 14.]
 [13. -5.]
 [14. -5.]
 [13.  7.]
 [ 6.  6.]
 [ 8. 14.]
 [13. -5.]
 [14. -5.]
 [13.  7.]
 [ 6.  6.]
 [ 8. 14.]
 [14. -5.]
 [15. -5.]
 [13.  7.]
 [ 6.  6.]
 [ 8. 14.]]
