Maze:
##########################
#                        #
#                        #
#                        #
#                        #
#                        #
#     ##############     #
#     #D           #     #
#     #        A   #     #
#     #  B         #     #
#     #            #     #
#     #            #     #
#     #     S      #     #
#     #            #     #
#     #            #     #
#     #            #     #
#     #            #     #
#     #   C        #     #
#     #            #     #
#     ##############     #
#                        #
#                        #
#                        #
#                        #
#                        #
##########################
[[ 6.  6.]
 [ 9.  2.]
 [ 3.  3.]
 [ 4. 11.]
 [ 1.  1.]
 [ 6.  6.]
 [10.  2.]
 [ 4.  3.]
 [ 4. 11.]
 [ 0.  0.]
 [ 6.  6.]
 [10.  2.]
 [ 5.  3.]
 [ 4. 11.]
 [ 0.  0.]
 [ 6.  6.]
 [11.  2.]
 [ 6.  4.]
 [ 4. 11.]
 [ 0.  0.]
 [ 6.  6.]
 [12.  2.]
 [ 6.  5.]
 [ 4. 10.]
 [ 0.  0.]
 [ 6.  6.]
 [12.  2.]
 [ 6.  5.]
 [ 4.  9.]
 [ 0.  0.]
 [ 6.  6.]
 [12.  2.]
 [ 6.  5.]
 [ 4.  8.]
 [ 0.  0.]
 [ 6.  6.]
 [12.  2.]
 [ 6.  5.]
 [ 5.  7.]
 [ 0.  0.]
 [ 6.  6.]
 [12.  2.]
 [ 6.  5.]
 [ 5.  6.]
 [ 0.  0.]
 [ 6.  6.]
 [12.  2.]
 [ 7.  6.]
 [ 6.  5.]
 [ 0.  0.]
 [ 6.  6.]
 [13.  2.]
 [ 6.  7.]
 [ 7.  6.]
 [ 0.  0.]
 [ 6.  6.]
 [13.  2.]
 [ 5.  6.]
 [ 6.  7.]
 [ 0.  0.]
 [ 6.  6.]
 [13.  2.]
 [ 6.  5.]
 [ 5.  6.]
 [ 0.  0.]
 [ 6.  6.]
 [13.  2.]
 [ 7.  6.]
 [ 6.  5.]
 [ 0.  0.]
 [ 6.  6.]
 [13.  2.]
 [ 6.  7.]
 [ 7.  6.]
 [ 0.  0.]
 [ 6.  6.]
 [13.  2.]
 [ 5.  6.]
 [ 6.  7.]
 [ 0.  0.]
 [ 6.  6.]
 [13.  2.]
 [ 6.  5.]
 [ 5.  6.]
 [ 0.  0.]
 [ 6.  6.]
 [13.  2.]
 [ 7.  6.]
 [ 6.  5.]
 [ 0.  0.]
 [ 6.  6.]
 [13.  2.]
 [ 6.  7.]
 [ 7.  6.]
 [ 0.  0.]
 [ 6.  6.]
 [13.  2.]
 [ 5.  6.]
 [ 6.  7.]
 [ 0.  0.]
 [ 6.  6.]
 [13.  2.]
 [ 5.  6.]
 [ 6.  7.]
 [ 0.  0.]
 [ 6.  6.]
 [13.  2.]
 [ 6.  5.]
 [ 5.  6.]
 [ 0.  0.]]
