Maze:
##########################
#                        #
#                        #
#                        #
#                        #
#                        #
#     ##############     #
#     #S           #     #
#     #            #     #
#     #   A        #     #
#     #        D   #     #
#     #            #     #
#     #     B      #     #
#     #            #     #
#     #            #     #
#     #            #     #
#     #            #     #
#     #  C         #     #
#     #            #     #
#     ##############     #
#                        #
#                        #
#                        #
#                        #
#                        #
##########################
[[ 1.  1.]
 [ 4.  3.]
 [ 6.  6.]
 [ 3. 11.]
 [ 9.  4.]
 [ 1.  1.]
 [ 4.  3.]
 [ 6.  6.]
 [ 3. 10.]
 [10.  3.]
 [ 1.  1.]
 [ 4.  3.]
 [ 6.  6.]
 [ 4.  9.]
 [11.  2.]
 [ 1.  1.]
 [ 4.  2.]
 [ 6.  6.]
 [ 5.  8.]
 [11.  2.]
 [ 2.  1.]
 [ 4.  2.]
 [ 6.  6.]
 [ 5.  7.]
 [11.  2.]
 [ 3.  1.]
 [ 5.  2.]
 [ 6.  6.]
 [ 5.  7.]
 [11.  2.]
 [ 4.  1.]
 [ 6.  2.]
 [ 6.  6.]
 [ 5.  7.]
 [11.  2.]
 [ 5.  1.]
 [ 7.  2.]
 [ 6.  6.]
 [ 5.  7.]
 [11.  2.]
 [ 6.  1.]
 [ 8.  2.]
 [ 6.  6.]
 [ 5.  7.]
 [11.  2.]
 [ 7.  1.]
 [ 9.  2.]
 [ 6.  6.]
 [ 5.  7.]
 [11.  1.]
 [ 8.  2.]
 [10.  2.]
 [ 6.  6.]
 [ 5.  7.]
 [11.  0.]
 [ 9.  2.]
 [11.  2.]
 [ 6.  6.]
 [ 5.  7.]
 [11.  0.]
 [10.  3.]
 [12.  2.]
 [ 6.  6.]
 [ 5.  7.]
 [10.  0.]
 [11.  3.]
 [13.  2.]
 [ 6.  6.]
 [ 5.  7.]
 [10.  1.]
 [12.  3.]
 [14.  2.]
 [ 6.  6.]
 [ 5.  7.]
 [11.  2.]
 [13.  3.]
 [15.  2.]
 [ 6.  6.]
 [ 5.  7.]
 [12.  3.]
 [14.  3.]
 [16.  2.]
 [ 6.  6.]
 [ 5.  7.]
 [13.  3.]
 [15.  3.]
 [17.  2.]
 [ 6.  6.]
 [ 5.  7.]
 [14.  3.]
 [16.  3.]
 [17.  2.]
 [ 6.  6.]
 [ 5.  7.]
 [15.  3.]
 [17.  3.]
 [17.  1.]
 [ 6.  6.]
 [ 5.  7.]
 [16.  3.]
 [17.  3.]
 [17.  1.]
 [ 6.  6.]
 [ 5.  7.]
 [16.  3.]
 [17.  3.]
 [17.  0.]
 [ 6.  6.]
 [ 5.  7.]
 [16.  3.]]
