Maze:
##########################
#                        #
#                        #
#                        #
#                        #
#                        #
#     ##############     #
#     #            #     #
#     #            #     #
#     #            #     #
#     #  C         #     #
#     #            #     #
#     #     S      #     #
#     #            #     #
#     #            #     #
#     #            #     #
#     #B           #     #
#     #   D        #     #
#     #        A   #     #
#     ##############     #
#                        #
#                        #
#                        #
#                        #
#                        #
##########################
[[ 6.  6.]
 [ 9. 12.]
 [ 1. 10.]
 [ 3.  4.]
 [ 4. 11.]
 [ 6.  6.]
 [ 9. 12.]
 [ 2. 10.]
 [ 3.  5.]
 [ 5. 11.]
 [ 6.  6.]
 [10. 12.]
 [ 3. 11.]
 [ 3.  6.]
 [ 6. 11.]
 [ 6.  6.]
 [11. 12.]
 [ 4. 11.]
 [ 3.  7.]
 [ 7. 11.]
 [ 6.  6.]
 [12. 12.]
 [ 5. 11.]
 [ 3.  8.]
 [ 8. 11.]
 [ 6.  6.]
 [13. 12.]
 [ 6. 11.]
 [ 4.  9.]
 [ 9. 11.]
 [ 6.  6.]
 [14. 12.]
 [ 7. 11.]
 [ 5. 10.]
 [10. 11.]
 [ 6.  6.]
 [15. 12.]
 [ 8. 11.]
 [ 6. 10.]
 [11. 11.]
 [ 6.  6.]
 [16. 12.]
 [ 9. 11.]
 [ 7. 10.]
 [12. 11.]
 [ 6.  6.]
 [17. 12.]
 [10. 11.]
 [ 8. 10.]
 [13. 11.]
 [ 6.  6.]
 [17. 12.]
 [11. 11.]
 [ 9. 10.]
 [14. 11.]
 [ 6.  6.]
 [17. 12.]
 [12. 11.]
 [10. 10.]
 [15. 11.]
 [ 6.  6.]
 [17. 12.]
 [13. 11.]
 [11. 10.]
 [16. 11.]
 [ 6.  6.]
 [17. 13.]
 [14. 11.]
 [12. 10.]
 [16. 10.]
 [ 6.  6.]
 [17. 14.]
 [15. 11.]
 [13. 10.]
 [17. 10.]
 [ 6.  6.]
 [17. 15.]
 [16. 12.]
 [14. 10.]
 [17. 10.]
 [ 6.  6.]
 [17. 16.]
 [17. 13.]
 [15. 11.]
 [17.  9.]
 [ 6.  6.]
 [17. 17.]
 [17. 14.]
 [16. 11.]
 [17.  8.]
 [ 6.  6.]
 [17. 17.]
 [17. 15.]
 [17. 12.]
 [17.  7.]
 [ 6.  6.]
 [17. 17.]
 [17. 16.]
 [17. 13.]
 [17.  6.]
 [ 6.  6.]
 [17. 17.]
 [17. 16.]
 [17. 13.]
 [17.  6.]
 [ 6.  6.]
 [17. 17.]
 [17. 16.]
 [17. 14.]
 [17.  5.]]
