Maze:
##########################
#                        #
#                        #
#                        #
#                        #
#                        #
#     ##############     #
#     #            #     #
#     #            #     #
#     #          D #     #
#     #            #     #
#     #         A  #     #
#     #     C      #     #
#     #            #     #
#     #            #     #
#     #            #     #
#     #    S       #     #
#     #           B#     #
#     #            #     #
#     ##############     #
#                        #
#                        #
#                        #
#                        #
#                        #
##########################
[[ 5. 10.]
 [10.  5.]
 [12. 11.]
 [ 6.  6.]
 [11.  3.]
 [ 5. 11.]
 [10.  5.]
 [12. 10.]
 [ 6.  6.]
 [12.  2.]
 [ 5. 11.]
 [11.  5.]
 [12.  9.]
 [ 6.  6.]
 [12.  1.]
 [ 5. 11.]
 [11.  5.]
 [12.  8.]
 [ 6.  6.]
 [12.  0.]
 [ 5. 11.]
 [11.  4.]
 [12.  7.]
 [ 6.  6.]
 [12.  0.]
 [ 5. 11.]
 [11.  3.]
 [12.  6.]
 [ 6.  6.]
 [12. -1.]
 [ 5. 11.]
 [11.  2.]
 [12.  5.]
 [ 6.  6.]
 [12. -2.]
 [ 5. 11.]
 [11.  1.]
 [12.  4.]
 [ 6.  6.]
 [12. -3.]
 [ 5. 11.]
 [11.  0.]
 [12.  3.]
 [ 6.  6.]
 [12. -4.]
 [ 5. 11.]
 [11. -1.]
 [12.  2.]
 [ 6.  6.]
 [12. -5.]
 [ 5. 11.]
 [11. -2.]
 [12.  1.]
 [ 6.  6.]
 [12. -5.]
 [ 5. 11.]
 [11. -3.]
 [12.  0.]
 [ 6.  6.]
 [12. -5.]
 [ 5. 11.]
 [10. -3.]
 [12. -1.]
 [ 6.  6.]
 [12. -5.]
 [ 5. 11.]
 [ 9. -3.]
 [11. -2.]
 [ 6.  6.]
 [12. -5.]
 [ 5. 11.]
 [ 8. -3.]
 [10. -2.]
 [ 6.  6.]
 [12. -5.]
 [ 5. 11.]
 [ 7. -3.]
 [ 9. -2.]
 [ 6.  6.]
 [13. -5.]
 [ 5. 11.]
 [ 6. -4.]
 [ 8. -2.]
 [ 6.  6.]
 [14. -5.]
 [ 5. 11.]
 [ 5. -5.]
 [ 7. -3.]
 [ 6.  6.]
 [14. -5.]
 [ 5. 11.]
 [ 4. -5.]
 [ 6. -4.]
 [ 6.  6.]
 [14. -5.]
 [ 5. 11.]
 [ 3. -5.]
 [ 5. -4.]
 [ 6.  6.]
 [14. -5.]
 [ 5. 11.]
 [ 3. -5.]
 [ 5. -4.]
 [ 6.  6.]
 [14. -5.]
 [ 5. 11.]
 [ 2. -5.]
 [ 4. -4.]
 [ 6.  6.]
 [14. -5.]]
