Maze:
##########################
#                        #
#                        #
#                        #
#                        #
#                        #
#     ##############     #
#     #            #     #
#     #            #     #
#     #            #     #
#     #            #     #
#     #            #     #
#     #     A      #     #
#     #       C    #     #
#     #            #     #
#     #          S #     #
#     #            #     #
#     #    D       #     #
#     #B           #     #
#     ##############     #
#                        #
#                        #
#                        #
#                        #
#                        #
##########################
[[11.  9.]
 [ 6.  6.]
 [ 1. 12.]
 [ 8.  7.]
 [ 5. 11.]
 [12.  9.]
 [ 6.  6.]
 [ 1. 12.]
 [ 9.  8.]
 [ 6. 11.]
 [13.  9.]
 [ 6.  6.]
 [ 1. 12.]
 [ 9.  9.]
 [ 6. 12.]
 [14.  9.]
 [ 6.  6.]
 [ 1. 12.]
 [ 9. 10.]
 [ 6. 13.]
 [14.  9.]
 [ 6.  6.]
 [ 1. 12.]
 [ 9. 11.]
 [ 6. 14.]
 [14.  9.]
 [ 6.  6.]
 [ 1. 12.]
 [ 8. 12.]
 [ 6. 15.]
 [14.  9.]
 [ 6.  6.]
 [ 1. 12.]
 [ 7. 13.]
 [ 6. 16.]
 [14.  9.]
 [ 6.  6.]
 [ 1. 12.]
 [ 6. 14.]
 [ 6. 17.]
 [14.  9.]
 [ 6.  6.]
 [ 1. 11.]
 [ 5. 15.]
 [ 6. 17.]
 [14.  9.]
 [ 6.  6.]
 [ 1. 10.]
 [ 5. 16.]
 [ 6. 17.]
 [14.  9.]
 [ 6.  6.]
 [ 1.  9.]
 [ 6. 17.]
 [ 7. 17.]
 [14.  9.]
 [ 6.  6.]
 [ 2.  8.]
 [ 7. 17.]
 [ 8. 17.]
 [14.  9.]
 [ 6.  6.]
 [ 3.  7.]
 [ 8. 17.]
 [ 9. 17.]
 [14.  9.]
 [ 6.  6.]
 [ 4.  7.]
 [ 9. 17.]
 [10. 17.]
 [14.  9.]
 [ 6.  6.]
 [ 5.  7.]
 [10. 17.]
 [11. 17.]
 [14.  9.]
 [ 6.  6.]
 [ 5.  7.]
 [11. 17.]
 [12. 17.]
 [14.  9.]
 [ 6.  6.]
 [ 5.  7.]
 [12. 17.]
 [13. 17.]
 [14.  9.]
 [ 6.  6.]
 [ 5.  7.]
 [13. 17.]
 [14. 17.]
 [14.  9.]
 [ 6.  6.]
 [ 5.  7.]
 [14. 17.]
 [15. 17.]
 [14.  9.]
 [ 6.  6.]
 [ 5.  7.]
 [15. 17.]
 [16. 17.]
 [14.  9.]
 [ 6.  6.]
 [ 5.  7.]
 [15. 17.]
 [16. 17.]
 [14.  9.]
 [ 6.  6.]
 [ 5.  7.]
 [16. 17.]
 [17. 17.]]
