Maze:
##########################
#                        #
#                        #
#                        #
#                        #
#                        #
#     ##############     #
#     #       C    #     #
#     #            #     #
#     #    B       #     #
#     #            #     #
#     #           D#     #
#     #     A      #     #
#     #            #     #
#     # S          #     #
#     #            #     #
#     #            #     #
#     #            #     #
#     #            #     #
#     ##############     #
#                        #
#                        #
#                        #
#                        #
#                        #
##########################
[[ 2.  8.]
 [ 6.  6.]
 [ 5.  3.]
 [ 8.  1.]
 [12.  5.]
 [ 2.  8.]
 [ 6.  6.]
 [ 5.  4.]
 [ 7.  2.]
 [13.  6.]
 [ 2.  8.]
 [ 6.  6.]
 [ 5.  5.]
 [ 6.  3.]
 [13.  6.]
 [ 2.  8.]
 [ 6.  6.]
 [ 5.  6.]
 [ 6.  4.]
 [13.  6.]
 [ 2.  8.]
 [ 6.  6.]
 [ 5.  6.]
 [ 5.  5.]
 [14.  6.]
 [ 2.  8.]
 [ 6.  6.]
 [ 6.  7.]
 [ 5.  6.]
 [14.  6.]
 [ 2.  8.]
 [ 6.  6.]
 [ 6.  7.]
 [ 5.  7.]
 [14.  6.]
 [ 2.  8.]
 [ 6.  6.]
 [ 7.  6.]
 [ 6.  7.]
 [14.  6.]
 [ 2.  8.]
 [ 6.  6.]
 [ 7.  6.]
 [ 7.  7.]
 [15.  6.]
 [ 2.  8.]
 [ 6.  6.]
 [ 6.  5.]
 [ 7.  6.]
 [15.  6.]
 [ 2.  8.]
 [ 6.  6.]
 [ 6.  5.]
 [ 7.  5.]
 [15.  6.]
 [ 2.  8.]
 [ 6.  6.]
 [ 5.  6.]
 [ 6.  5.]
 [15.  6.]
 [ 2.  8.]
 [ 6.  6.]
 [ 5.  6.]
 [ 5.  5.]
 [15.  6.]
 [ 2.  8.]
 [ 6.  6.]
 [ 6.  7.]
 [ 5.  6.]
 [15.  6.]
 [ 2.  8.]
 [ 6.  6.]
 [ 6.  7.]
 [ 5.  7.]
 [15.  6.]
 [ 2.  8.]
 [ 6.  6.]
 [ 7.  6.]
 [ 6.  7.]
 [15.  6.]
 [ 2.  8.]
 [ 6.  6.]
 [ 7.  6.]
 [ 7.  7.]
 [15.  6.]
 [ 2.  8.]
 [ 6.  6.]
 [ 6.  5.]
 [ 7.  6.]
 [15.  6.]
 [ 2.  8.]
 [ 6.  6.]
 [ 6.  5.]
 [ 7.  5.]
 [15.  6.]
 [ 2.  8.]
 [ 6.  6.]
 [ 5.  6.]
 [ 6.  5.]
 [15.  6.]
 [ 2.  8.]
 [ 6.  6.]
 [ 5.  6.]
 [ 6.  5.]
 [15.  6.]
 [ 2.  8.]
 [ 6.  6.]
 [ 5.  6.]
 [ 5.  5.]
 [15.  6.]]
