Maze:
##########################
#                        #
#                        #
#                        #
#                        #
#                        #
#     ##############     #
#     #            #     #
#     #            #     #
#     #         B  #     #
#     #            #     #
#     #            #     #
#     #     DA     #     #
#     #            #     #
#     #            #     #
#     #C           #     #
#     #            #     #
#     #   S        #     #
#     #            #     #
#     ##############     #
#                        #
#                        #
#                        #
#                        #
#                        #
##########################
[[ 4. 11.]
 [ 7.  6.]
 [10.  3.]
 [ 1.  9.]
 [ 6.  6.]
 [ 5. 12.]
 [ 8.  6.]
 [ 9.  4.]
 [ 1.  9.]
 [ 6.  6.]
 [ 5. 12.]
 [ 8.  7.]
 [ 9.  5.]
 [ 1.  9.]
 [ 6.  6.]
 [ 6. 12.]
 [ 8.  8.]
 [ 9.  6.]
 [ 1.  9.]
 [ 6.  6.]
 [ 7. 12.]
 [ 8.  9.]
 [ 9.  7.]
 [ 1.  9.]
 [ 6.  6.]
 [ 8. 11.]
 [ 8. 10.]
 [ 9.  8.]
 [ 1.  9.]
 [ 6.  6.]
 [ 8. 10.]
 [ 8.  9.]
 [ 9.  9.]
 [ 2.  9.]
 [ 6.  6.]
 [ 8. 10.]
 [ 7.  8.]
 [ 9.  9.]
 [ 3.  9.]
 [ 6.  6.]
 [ 9.  9.]
 [ 6.  7.]
 [ 8.  9.]
 [ 4.  9.]
 [ 6.  6.]
 [ 8.  9.]
 [ 6.  8.]
 [ 9.  9.]
 [ 5.  9.]
 [ 6.  6.]
 [ 9.  9.]
 [ 6.  7.]
 [ 8.  9.]
 [ 5. 10.]
 [ 6.  6.]
 [ 8.  9.]
 [ 6.  8.]
 [ 9.  9.]
 [ 6. 10.]
 [ 6.  6.]
 [ 9.  9.]
 [ 5.  7.]
 [ 8.  9.]
 [ 7. 10.]
 [ 6.  6.]
 [ 9.  9.]
 [ 4.  7.]
 [ 8.  9.]
 [ 7. 10.]
 [ 6.  6.]
 [ 9.  9.]
 [ 3.  7.]
 [ 8.  9.]
 [ 7. 10.]
 [ 6.  6.]
 [ 9.  9.]
 [ 2.  7.]
 [ 8.  9.]
 [ 7. 10.]
 [ 6.  6.]
 [ 9.  9.]
 [ 1.  7.]
 [ 8.  9.]
 [ 7. 10.]
 [ 6.  6.]
 [ 9.  9.]
 [ 0.  7.]
 [ 8.  9.]
 [ 7. 10.]
 [ 6.  6.]
 [ 9.  9.]
 [-1.  7.]
 [ 8.  9.]
 [ 7. 10.]
 [ 6.  6.]
 [ 9.  9.]
 [-1.  7.]
 [ 8.  9.]
 [ 7. 10.]
 [ 6.  6.]]
