Maze:
##########################
#                        #
#                        #
#                        #
#                        #
#                        #
#     ##############     #
#     #            #     #
#     #       D    #     #
#     #            #     #
#     #         S  #     #
#     #            #     #
#     #     C      #     #
#     #   A        #     #
#     #            #     #
#     #            #     #
#     #            #     #
#     #            #     #
#     #    B       #     #
#     ##############     #
#                        #
#                        #
#                        #
#                        #
#                        #
##########################
[[10.  4.]
 [ 4.  7.]
 [ 5. 12.]
 [ 6.  6.]
 [ 8.  2.]
 [11.  4.]
 [ 3.  7.]
 [ 5. 11.]
 [ 6.  6.]
 [ 9.  2.]
 [12.  5.]
 [ 2.  7.]
 [ 4. 10.]
 [ 6.  6.]
 [10.  2.]
 [12.  5.]
 [ 1.  7.]
 [ 3.  9.]
 [ 6.  6.]
 [11.  2.]
 [12.  6.]
 [ 0.  7.]
 [ 2.  8.]
 [ 6.  6.]
 [12.  3.]
 [12.  7.]
 [-1.  7.]
 [ 1.  8.]
 [ 6.  6.]
 [12.  4.]
 [12.  8.]
 [-2.  7.]
 [ 0.  8.]
 [ 6.  6.]
 [12.  5.]
 [12.  9.]
 [-3.  7.]
 [-1.  8.]
 [ 6.  6.]
 [12.  6.]
 [12. 10.]
 [-4.  7.]
 [-2.  8.]
 [ 6.  6.]
 [12.  7.]
 [12. 11.]
 [-5.  7.]
 [-3.  8.]
 [ 6.  6.]
 [12.  8.]
 [12. 12.]
 [-5.  7.]
 [-4.  8.]
 [ 6.  6.]
 [12.  9.]
 [12. 13.]
 [-5.  6.]
 [-5.  7.]
 [ 6.  6.]
 [12. 10.]
 [12. 14.]
 [-5.  5.]
 [-5.  6.]
 [ 6.  6.]
 [12. 11.]
 [12. 15.]
 [-5.  4.]
 [-5.  5.]
 [ 6.  6.]
 [12. 12.]
 [12. 16.]
 [-5.  3.]
 [-5.  4.]
 [ 6.  6.]
 [12. 13.]
 [12. 17.]
 [-5.  2.]
 [-5.  3.]
 [ 6.  6.]
 [12. 14.]
 [12. 17.]
 [-5.  1.]
 [-5.  2.]
 [ 6.  6.]
 [12. 15.]
 [12. 17.]
 [-5.  0.]
 [-5.  1.]
 [ 6.  6.]
 [12. 16.]
 [12. 17.]
 [-5. -1.]
 [-5.  0.]
 [ 6.  6.]
 [12. 16.]
 [12. 17.]
 [-5. -2.]
 [-5. -1.]
 [ 6.  6.]
 [12. 16.]
 [12. 17.]
 [-5. -2.]
 [-5. -1.]
 [ 6.  6.]
 [12. 16.]
 [12. 17.]
 [-5. -3.]
 [-5. -2.]
 [ 6.  6.]
 [12. 16.]]
