Maze:
##########################
#                        #
#                        #
#                        #
#                        #
#                        #
#     ##############     #
#     #         A  #     #
#     #           B#     #
#     # C          #     #
#     #            #     #
#     #            #     #
#     #     S      #     #
#     #            #     #
#     #            #     #
#     #            #     #
#     #D           #     #
#     #            #     #
#     #            #     #
#     ##############     #
#                        #
#                        #
#                        #
#                        #
#                        #
##########################
[[ 6.  6.]
 [10.  1.]
 [12.  2.]
 [ 2.  3.]
 [ 1. 10.]
 [ 6.  6.]
 [ 9.  0.]
 [11.  2.]
 [ 2.  3.]
 [ 1. 10.]
 [ 6.  6.]
 [ 9. -1.]
 [10.  1.]
 [ 2.  3.]
 [ 1. 10.]
 [ 6.  6.]
 [ 9. -2.]
 [10.  0.]
 [ 2.  3.]
 [ 1. 10.]
 [ 6.  6.]
 [ 9. -3.]
 [10. -1.]
 [ 2.  3.]
 [ 1. 10.]
 [ 6.  6.]
 [ 9. -4.]
 [10. -2.]
 [ 2.  3.]
 [ 1. 10.]
 [ 6.  6.]
 [ 9. -5.]
 [10. -3.]
 [ 2.  3.]
 [ 1. 10.]
 [ 6.  6.]
 [ 9. -5.]
 [10. -4.]
 [ 2.  3.]
 [ 1. 10.]
 [ 6.  6.]
 [ 8. -5.]
 [ 9. -5.]
 [ 2.  3.]
 [ 1. 10.]
 [ 6.  6.]
 [ 7. -5.]
 [ 8. -5.]
 [ 2.  3.]
 [ 1. 10.]
 [ 6.  6.]
 [ 6. -5.]
 [ 7. -5.]
 [ 2.  3.]
 [ 1. 10.]
 [ 6.  6.]
 [ 5. -5.]
 [ 6. -5.]
 [ 2.  3.]
 [ 1. 10.]
 [ 6.  6.]
 [ 4. -5.]
 [ 5. -5.]
 [ 2.  3.]
 [ 1. 10.]
 [ 6.  6.]
 [ 3. -5.]
 [ 4. -5.]
 [ 2.  3.]
 [ 1. 10.]
 [ 6.  6.]
 [ 2. -5.]
 [ 3. -5.]
 [ 2.  3.]
 [ 1. 10.]
 [ 6.  6.]
 [ 1. -5.]
 [ 2. -5.]
 [ 2.  3.]
 [ 1. 10.]
 [ 6.  6.]
 [ 0. -5.]
 [ 1. -5.]
 [ 2.  3.]
 [ 1. 10.]
 [ 6.  6.]
 [-1. -5.]
 [ 0. -5.]
 [ 2.  3.]
 [ 1. 10.]
 [ 6.  6.]
 [-2. -5.]
 [-1. -5.]
 [ 2.  3.]
 [ 1. 10.]
 [ 6.  6.]
 [-3. -5.]
 [-2. -5.]
 [ 2.  3.]
 [ 1. 10.]
 [ 6.  6.]
 [-3. -5.]
 [-2. -5.]
 [ 2.  3.]
 [ 1. 10.]
 [ 6.  6.]
 [-4. -5.]
 [-3. -5.]
 [ 2.  3.]
 [ 1. 10.]]
