Maze:
##########################
#                        #
#                        #
#                        #
#                        #
#                        #
#     ##############     #
#     #            #     #
#     #            #     #
#     #            #     #
#     #          D #     #
#     #            #     #
#     #     S      #     #
#     #         B  #     #
#     #            #     #
#     #C           #     #
#     #            #     #
#     #            #     #
#     #     A      #     #
#     ##############     #
#                        #
#                        #
#                        #
#                        #
#                        #
##########################
[[ 6.  6.]
 [ 6. 12.]
 [10.  7.]
 [ 1.  9.]
 [11.  4.]
 [ 6.  6.]
 [ 6. 13.]
 [ 9.  7.]
 [ 1.  9.]
 [11.  3.]
 [ 6.  6.]
 [ 6. 14.]
 [ 8.  7.]
 [ 1.  9.]
 [11.  3.]
 [ 6.  6.]
 [ 6. 14.]
 [ 7.  7.]
 [ 1.  9.]
 [11.  3.]
 [ 6.  6.]
 [ 6. 14.]
 [ 7.  7.]
 [ 2.  9.]
 [11.  3.]
 [ 6.  6.]
 [ 6. 15.]
 [ 7.  7.]
 [ 3.  8.]
 [11.  3.]
 [ 6.  6.]
 [ 6. 15.]
 [ 7.  7.]
 [ 4.  8.]
 [11.  3.]
 [ 6.  6.]
 [ 6. 15.]
 [ 7.  7.]
 [ 5.  8.]
 [11.  3.]
 [ 6.  6.]
 [ 6. 16.]
 [ 7.  6.]
 [ 6.  7.]
 [11.  3.]
 [ 6.  6.]
 [ 6. 16.]
 [ 6.  5.]
 [ 7.  6.]
 [11.  3.]
 [ 6.  6.]
 [ 6. 16.]
 [ 5.  6.]
 [ 6.  5.]
 [12.  3.]
 [ 6.  6.]
 [ 6. 16.]
 [ 6.  7.]
 [ 5.  6.]
 [12.  3.]
 [ 6.  6.]
 [ 6. 16.]
 [ 7.  6.]
 [ 6.  7.]
 [12.  3.]
 [ 6.  6.]
 [ 6. 16.]
 [ 6.  5.]
 [ 7.  6.]
 [12.  3.]
 [ 6.  6.]
 [ 6. 16.]
 [ 5.  6.]
 [ 6.  5.]
 [12.  3.]
 [ 6.  6.]
 [ 6. 16.]
 [ 6.  7.]
 [ 5.  6.]
 [12.  3.]
 [ 6.  6.]
 [ 6. 16.]
 [ 7.  6.]
 [ 6.  7.]
 [12.  3.]
 [ 6.  6.]
 [ 6. 16.]
 [ 6.  5.]
 [ 7.  6.]
 [12.  3.]
 [ 6.  6.]
 [ 6. 16.]
 [ 5.  6.]
 [ 6.  5.]
 [12.  3.]
 [ 6.  6.]
 [ 6. 16.]
 [ 6.  7.]
 [ 5.  6.]
 [12.  3.]
 [ 6.  6.]
 [ 6. 16.]
 [ 6.  7.]
 [ 5.  6.]
 [12.  3.]
 [ 6.  6.]
 [ 6. 16.]
 [ 7.  6.]
 [ 6.  7.]
 [12.  3.]]
