Maze:
##########################
#                        #
#                        #
#                        #
#                        #
#                        #
#     ##############     #
#     #            #     #
#     #   B        #     #
#     #           A#     #
#     #      D     #     #
#     #            #     #
#     #     C      #     #
#     #          S #     #
#     #            #     #
#     #            #     #
#     #            #     #
#     #            #     #
#     #            #     #
#     ##############     #
#                        #
#                        #
#                        #
#                        #
#                        #
##########################
[[11.  7.]
 [12.  3.]
 [ 4.  2.]
 [ 6.  6.]
 [ 7.  4.]
 [12.  7.]
 [13.  2.]
 [ 4.  1.]
 [ 6.  6.]
 [ 8.  3.]
 [12.  7.]
 [13.  2.]
 [ 4.  1.]
 [ 6.  6.]
 [ 9.  3.]
 [12.  7.]
 [14.  2.]
 [ 4.  1.]
 [ 6.  6.]
 [10.  3.]
 [12.  7.]
 [15.  2.]
 [ 4.  1.]
 [ 6.  6.]
 [11.  3.]
 [12.  7.]
 [16.  2.]
 [ 4.  1.]
 [ 6.  6.]
 [12.  4.]
 [12.  8.]
 [16.  2.]
 [ 4.  1.]
 [ 6.  6.]
 [12.  5.]
 [12.  9.]
 [16.  2.]
 [ 4.  1.]
 [ 6.  6.]
 [12.  6.]
 [12. 10.]
 [16.  2.]
 [ 4.  1.]
 [ 6.  6.]
 [12.  7.]
 [12. 11.]
 [16.  2.]
 [ 4.  1.]
 [ 6.  6.]
 [12.  8.]
 [12. 12.]
 [16.  2.]
 [ 4.  1.]
 [ 6.  6.]
 [12.  9.]
 [12. 13.]
 [16.  2.]
 [ 4.  0.]
 [ 6.  6.]
 [12. 10.]
 [12. 14.]
 [16.  2.]
 [ 4.  0.]
 [ 6.  6.]
 [12. 11.]
 [12. 15.]
 [16.  2.]
 [ 4.  0.]
 [ 6.  6.]
 [12. 12.]
 [12. 16.]
 [16.  2.]
 [ 4.  0.]
 [ 6.  6.]
 [12. 13.]
 [12. 17.]
 [16.  2.]
 [ 4.  0.]
 [ 6.  6.]
 [12. 14.]
 [12. 17.]
 [16.  2.]
 [ 4.  0.]
 [ 6.  6.]
 [12. 15.]
 [12. 17.]
 [16.  2.]
 [ 4.  0.]
 [ 6.  6.]
 [12. 16.]
 [12. 17.]
 [16.  2.]
 [ 4.  0.]
 [ 6.  6.]
 [12. 16.]]
