Maze:
##########################
#                        #
#                        #
#                        #
#                        #
#                        #
#     ##############     #
#     #            #     #
#     #  S         #     #
#     #            #     #
#     #            #     #
#     #            #     #
#     #     A      #     #
#     #     D      #     #
#     #            #     #
#     #            #     #
#     #        C   #     #
#     #   B        #     #
#     #            #     #
#     ##############     #
#                        #
#                        #
#                        #
#                        #
#                        #
##########################
[[ 3.  2.]
 [ 6.  6.]
 [ 4. 11.]
 [ 9. 10.]
 [ 6.  7.]
 [ 3.  2.]
 [ 6.  6.]
 [ 4. 10.]
 [ 8. 10.]
 [ 6.  8.]
 [ 3.  2.]
 [ 6.  6.]
 [ 4.  9.]
 [ 7. 10.]
 [ 6.  7.]
 [ 3.  2.]
 [ 6.  6.]
 [ 4.  8.]
 [ 6. 10.]
 [ 6.  8.]
 [ 3.  2.]
 [ 6.  6.]
 [ 4.  7.]
 [ 6.  9.]
 [ 7.  7.]
 [ 3.  2.]
 [ 6.  6.]
 [ 5.  6.]
 [ 6.  8.]
 [ 8.  7.]
 [ 3.  2.]
 [ 6.  6.]
 [ 5.  6.]
 [ 6.  7.]
 [ 9.  7.]
 [ 3.  2.]
 [ 6.  6.]
 [ 5.  6.]
 [ 5.  7.]
 [10.  7.]
 [ 3.  2.]
 [ 6.  6.]
 [ 6.  5.]
 [ 5.  6.]
 [11.  7.]
 [ 3.  2.]
 [ 6.  6.]
 [ 6.  5.]
 [ 5.  5.]
 [12.  7.]
 [ 3.  2.]
 [ 6.  6.]
 [ 7.  6.]
 [ 6.  5.]
 [13.  7.]
 [ 3.  2.]
 [ 6.  6.]
 [ 7.  6.]
 [ 7.  5.]
 [14.  7.]
 [ 3.  2.]
 [ 6.  6.]
 [ 6.  7.]
 [ 7.  6.]
 [15.  7.]
 [ 3.  2.]
 [ 6.  6.]
 [ 6.  7.]
 [ 7.  7.]
 [15.  7.]
 [ 3.  2.]
 [ 6.  6.]
 [ 5.  6.]
 [ 6.  7.]
 [15.  7.]
 [ 3.  2.]
 [ 6.  6.]
 [ 5.  6.]
 [ 5.  7.]
 [15.  7.]
 [ 3.  2.]
 [ 6.  6.]
 [ 6.  5.]
 [ 5.  6.]
 [15.  7.]
 [ 3.  2.]
 [ 6.  6.]
 [ 6.  5.]
 [ 5.  5.]
 [15.  7.]
 [ 3.  2.]
 [ 6.  6.]
 [ 7.  6.]
 [ 6.  5.]
 [15.  7.]
 [ 3.  2.]
 [ 6.  6.]
 [ 7.  6.]
 [ 7.  5.]
 [15.  7.]
 [ 3.  2.]
 [ 6.  6.]
 [ 7.  6.]
 [ 7.  5.]
 [15.  7.]
 [ 3.  2.]
 [ 6.  6.]
 [ 6.  7.]
 [ 7.  6.]
 [15.  7.]]
