Maze:
##########################
#                        #
#                        #
#                        #
#                        #
#                        #
#     ##############     #
#     #          C #     #
#     #            #     #
#     #  B         #     #
#     #            #     #
#     #            #     #
#     #     S      #     #
#     #            #     #
#     #            #     #
#     #         D  #     #
#     #            #     #
#     #        A   #     #
#     #            #     #
#     ##############     #
#                        #
#                        #
#                        #
#                        #
#                        #
##########################
[[ 6.  6.]
 [ 9. 11.]
 [ 3.  3.]
 [11.  1.]
 [10.  9.]
 [ 6.  6.]
 [ 9. 12.]
 [ 4.  4.]
 [11.  1.]
 [10.  8.]
 [ 6.  6.]
 [ 9. 13.]
 [ 5.  5.]
 [11.  1.]
 [ 9.  8.]
 [ 6.  6.]
 [ 9. 13.]
 [ 5.  5.]
 [11.  1.]
 [ 8.  8.]
 [ 6.  6.]
 [ 9. 13.]
 [ 5.  5.]
 [11.  1.]
 [ 7.  7.]
 [ 6.  6.]
 [ 9. 13.]
 [ 5.  5.]
 [10.  1.]
 [ 7.  7.]
 [ 6.  6.]
 [ 9. 13.]
 [ 5.  5.]
 [ 9.  2.]
 [ 7.  7.]
 [ 6.  6.]
 [ 9. 13.]
 [ 5.  5.]
 [ 8.  3.]
 [ 7.  7.]
 [ 6.  6.]
 [ 9. 13.]
 [ 5.  5.]
 [ 7.  4.]
 [ 7.  7.]
 [ 6.  6.]
 [ 9. 13.]
 [ 5.  6.]
 [ 6.  5.]
 [ 6.  7.]
 [ 6.  6.]
 [ 9. 13.]
 [ 6.  7.]
 [ 5.  6.]
 [ 7.  6.]
 [ 6.  6.]
 [ 9. 14.]
 [ 7.  6.]
 [ 6.  7.]
 [ 6.  5.]
 [ 6.  6.]
 [ 9. 14.]
 [ 6.  5.]
 [ 7.  6.]
 [ 5.  6.]
 [ 6.  6.]
 [ 9. 14.]
 [ 5.  6.]
 [ 6.  5.]
 [ 6.  7.]
 [ 6.  6.]
 [ 9. 14.]
 [ 6.  7.]
 [ 5.  6.]
 [ 7.  6.]
 [ 6.  6.]
 [ 9. 14.]
 [ 7.  6.]
 [ 6.  7.]
 [ 6.  5.]
 [ 6.  6.]
 [ 9. 14.]
 [ 6.  5.]
 [ 7.  6.]
 [ 5.  6.]
 [ 6.  6.]
 [ 9. 14.]
 [ 5.  6.]
 [ 6.  5.]
 [ 6.  7.]
 [ 6.  6.]
 [ 9. 14.]
 [ 6.  7.]
 [ 5.  6.]
 [ 7.  6.]
 [ 6.  6.]
 [ 9. 14.]
 [ 7.  6.]
 [ 6.  7.]
 [ 6.  5.]
 [ 6.  6.]
 [ 9. 14.]
 [ 7.  6.]
 [ 6.  7.]
 [ 6.  5.]
 [ 6.  6.]
 [ 9. 14.]
 [ 6.  5.]
 [ 7.  6.]
 [ 5.  6.]]
