Maze:
##########################
#                        #
#                        #
#                        #
#                        #
#                        #
#     ##############     #
#     #        D   #     #
#     #            #     #
#     #            #     #
#     #            #     #
#     #  B         #     #
#     #     A      #     #
#     #            #     #
#     #   C        #     #
#     #            #     #
#     #            #     #
#     #      S     #     #
#     #            #     #
#     ##############     #
#                        #
#                        #
#                        #
#                        #
#                        #
##########################
[[ 7. 11.]
 [ 6.  6.]
 [ 3.  5.]
 [ 4.  8.]
 [ 9.  1.]
 [ 7. 11.]
 [ 6.  6.]
 [ 4.  5.]
 [ 3.  7.]
 [ 9.  1.]
 [ 7. 11.]
 [ 6.  6.]
 [ 5.  5.]
 [ 3.  6.]
 [ 9.  1.]
 [ 7. 11.]
 [ 6.  6.]
 [ 5.  5.]
 [ 4.  5.]
 [10.  1.]
 [ 7. 11.]
 [ 6.  6.]
 [ 6.  5.]
 [ 5.  5.]
 [11.  1.]
 [ 7. 11.]
 [ 6.  6.]
 [ 7.  6.]
 [ 6.  5.]
 [12.  1.]
 [ 7. 11.]
 [ 6.  6.]
 [ 7.  6.]
 [ 7.  5.]
 [12.  1.]
 [ 7. 11.]
 [ 6.  6.]
 [ 6.  7.]
 [ 7.  6.]
 [13.  1.]
 [ 7. 11.]
 [ 6.  6.]
 [ 6.  7.]
 [ 7.  7.]
 [13.  1.]
 [ 7. 11.]
 [ 6.  6.]
 [ 5.  6.]
 [ 6.  7.]
 [13.  1.]
 [ 7. 11.]
 [ 6.  6.]
 [ 5.  6.]
 [ 5.  7.]
 [13.  1.]
 [ 7. 11.]
 [ 6.  6.]
 [ 6.  5.]
 [ 5.  6.]
 [13.  1.]
 [ 7. 11.]
 [ 6.  6.]
 [ 6.  5.]
 [ 5.  5.]
 [13.  1.]
 [ 7. 11.]
 [ 6.  6.]
 [ 7.  6.]
 [ 6.  5.]
 [13.  1.]
 [ 7. 11.]
 [ 6.  6.]
 [ 7.  6.]
 [ 7.  5.]
 [13.  1.]
 [ 7. 11.]
 [ 6.  6.]
 [ 6.  7.]
 [ 7.  6.]
 [13.  1.]
 [ 7. 11.]
 [ 6.  6.]
 [ 6.  7.]
 [ 7.  7.]
 [13.  1.]
 [ 7. 11.]
 [ 6.  6.]
 [ 5.  6.]
 [ 6.  7.]
 [13.  1.]
 [ 7. 11.]
 [ 6.  6.]
 [ 5.  6.]
 [ 5.  7.]
 [13.  1.]
 [ 7. 11.]
 [ 6.  6.]
 [ 6.  5.]
 [ 5.  6.]
 [13.  1.]
 [ 7. 11.]
 [ 6.  6.]
 [ 6.  5.]
 [ 5.  6.]
 [13.  1.]
 [ 7. 11.]
 [ 6.  6.]
 [ 6.  5.]
 [ 5.  5.]
 [13.  1.]]
