Maze:
##########################
#                        #
#                        #
#                        #
#                        #
#                        #
#     ##############     #
#     #            #     #
#     #            #     #
#     #            #     #
#     #            #     #
#     # S          #     #
#     #  C  D      #     #
#     #        B   #     #
#     #            #     #
#     #       A    #     #
#     #            #     #
#     #            #     #
#     #            #     #
#     ##############     #
#                        #
#                        #
#                        #
#                        #
#                        #
##########################
[[ 2.  5.]
 [ 8.  9.]
 [ 9.  7.]
 [ 3.  6.]
 [ 6.  6.]
 [ 1.  4.]
 [ 8. 10.]
 [ 9.  8.]
 [ 3.  5.]
 [ 6.  6.]
 [ 0.  4.]
 [ 8. 11.]
 [ 9.  9.]
 [ 4.  5.]
 [ 6.  6.]
 [-1.  4.]
 [ 8. 12.]
 [ 9. 10.]
 [ 5.  5.]
 [ 6.  6.]
 [-1.  4.]
 [ 8. 13.]
 [ 9. 11.]
 [ 5.  5.]
 [ 6.  6.]
 [-1.  4.]
 [ 8. 14.]
 [ 9. 12.]
 [ 5.  5.]
 [ 6.  6.]
 [-1.  4.]
 [ 8. 15.]
 [ 9. 13.]
 [ 5.  5.]
 [ 6.  6.]
 [-1.  4.]
 [ 8. 16.]
 [ 9. 14.]
 [ 5.  5.]
 [ 6.  6.]
 [-1.  4.]
 [ 8. 17.]
 [ 9. 15.]
 [ 5.  5.]
 [ 6.  6.]
 [-1.  4.]
 [ 8. 17.]
 [ 9. 16.]
 [ 5.  5.]
 [ 6.  6.]
 [-1.  4.]
 [ 7. 17.]
 [ 8. 17.]
 [ 5.  5.]
 [ 6.  6.]
 [-1.  4.]
 [ 6. 17.]
 [ 7. 17.]
 [ 5.  5.]
 [ 6.  6.]
 [-1.  4.]
 [ 5. 17.]
 [ 6. 17.]
 [ 5.  5.]
 [ 6.  6.]
 [-1.  4.]
 [ 4. 17.]
 [ 5. 17.]
 [ 5.  5.]
 [ 6.  6.]
 [-1.  4.]
 [ 3. 17.]
 [ 4. 17.]
 [ 5.  5.]
 [ 6.  6.]
 [-1.  4.]
 [ 2. 17.]
 [ 3. 17.]
 [ 5.  5.]
 [ 6.  6.]
 [-1.  4.]
 [ 1. 17.]
 [ 2. 17.]
 [ 5.  5.]
 [ 6.  6.]
 [-1.  4.]
 [ 0. 17.]
 [ 1. 17.]
 [ 5.  5.]
 [ 6.  6.]
 [-1.  4.]
 [-1. 17.]
 [ 0. 17.]
 [ 5.  5.]
 [ 6.  6.]
 [-1.  4.]
 [-2. 17.]
 [-1. 17.]
 [ 5.  5.]
 [ 6.  6.]
 [-1.  4.]
 [-2. 17.]
 [-1. 17.]
 [ 5.  5.]
 [ 6.  6.]
 [-1.  4.]
 [-3. 17.]
 [-2. 17.]
 [ 5.  5.]
 [ 6.  6.]]
