Maze:
##########################
#                        #
#                        #
#                        #
#                        #
#                        #
#     ##############     #
#     #            #     #
#     #          S #     #
#     #       C    #     #
#     #            #     #
#     #        B   #     #
#     #     A      #     #
#     #            #     #
#     #            #     #
#     #     D      #     #
#     #            #     #
#     #            #     #
#     #            #     #
#     ##############     #
#                        #
#                        #
#                        #
#                        #
#                        #
##########################
[[11.  2.]
 [ 6.  6.]
 [ 9.  5.]
 [ 8.  3.]
 [ 6.  9.]
 [12.  2.]
 [ 6.  6.]
 [ 9.  6.]
 [ 9.  4.]
 [ 6. 10.]
 [13.  2.]
 [ 6.  6.]
 [ 8.  7.]
 [ 9.  5.]
 [ 6. 11.]
 [13.  2.]
 [ 6.  6.]
 [ 7.  7.]
 [ 9.  6.]
 [ 6. 12.]
 [13.  2.]
 [ 6.  6.]
 [ 7.  7.]
 [ 8.  7.]
 [ 6. 13.]
 [13.  2.]
 [ 6.  6.]
 [ 6.  7.]
 [ 7.  7.]
 [ 6. 14.]
 [13.  2.]
 [ 6.  6.]
 [ 5.  6.]
 [ 6.  7.]
 [ 6. 15.]
 [13.  2.]
 [ 6.  6.]
 [ 5.  6.]
 [ 5.  7.]
 [ 6. 15.]
 [13.  2.]
 [ 6.  6.]
 [ 6.  5.]
 [ 5.  6.]
 [ 6. 15.]
 [13.  2.]
 [ 6.  6.]
 [ 6.  5.]
 [ 5.  5.]
 [ 6. 15.]
 [13.  2.]
 [ 6.  6.]
 [ 7.  6.]
 [ 6.  5.]
 [ 6. 15.]
 [13.  2.]
 [ 6.  6.]
 [ 7.  6.]
 [ 7.  5.]
 [ 6. 15.]
 [13.  2.]
 [ 6.  6.]
 [ 6.  7.]
 [ 7.  6.]
 [ 6. 15.]
 [13.  2.]
 [ 6.  6.]
 [ 6.  7.]
 [ 7.  7.]
 [ 6. 15.]
 [13.  2.]
 [ 6.  6.]
 [ 5.  6.]
 [ 6.  7.]
 [ 6. 15.]
 [13.  2.]
 [ 6.  6.]
 [ 5.  6.]
 [ 5.  7.]
 [ 6. 15.]
 [13.  2.]
 [ 6.  6.]
 [ 6.  5.]
 [ 5.  6.]
 [ 6. 15.]
 [13.  2.]
 [ 6.  6.]
 [ 6.  5.]
 [ 5.  5.]
 [ 6. 15.]
 [13.  2.]
 [ 6.  6.]
 [ 7.  6.]
 [ 6.  5.]
 [ 6. 15.]
 [13.  2.]
 [ 6.  6.]
 [ 7.  6.]
 [ 7.  5.]
 [ 6. 15.]
 [13.  2.]
 [ 6.  6.]
 [ 7.  6.]
 [ 7.  5.]
 [ 6. 15.]
 [13.  2.]
 [ 6.  6.]
 [ 6.  7.]
 [ 7.  6.]
 [ 6. 15.]]
