Maze:
##########################
#                        #
#                        #
#                        #
#                        #
#                        #
#     ##############     #
#     #            #     #
#     #            #     #
#     #   D        #     #
#     #            #     #
#     # S          #     #
#     #     B      #     #
#     #            #     #
#     #            #     #
#     #         A  #     #
#     #            #     #
#     #           C#     #
#     #            #     #
#     ##############     #
#                        #
#                        #
#                        #
#                        #
#                        #
##########################
[[ 2.  5.]
 [10.  9.]
 [ 6.  6.]
 [12. 11.]
 [ 4.  3.]
 [ 2.  6.]
 [ 9.  8.]
 [ 6.  6.]
 [12. 11.]
 [ 3.  3.]
 [ 2.  7.]
 [ 9.  8.]
 [ 6.  6.]
 [12. 11.]
 [ 2.  4.]
 [ 2.  8.]
 [ 9.  8.]
 [ 6.  6.]
 [12. 11.]
 [ 2.  5.]
 [ 2.  9.]
 [ 9.  8.]
 [ 6.  6.]
 [12. 11.]
 [ 1.  6.]
 [ 2.  9.]
 [ 9.  8.]
 [ 6.  6.]
 [12. 11.]
 [ 1.  7.]
 [ 3. 10.]
 [ 9.  8.]
 [ 6.  6.]
 [12. 11.]
 [ 1.  8.]
 [ 4. 10.]
 [ 9.  8.]
 [ 6.  6.]
 [12. 11.]
 [ 1.  9.]
 [ 5. 10.]
 [ 9.  8.]
 [ 6.  6.]
 [12. 11.]
 [ 2. 10.]
 [ 6.  9.]
 [ 9.  8.]
 [ 6.  6.]
 [12. 11.]
 [ 3. 10.]
 [ 7.  8.]
 [10.  8.]
 [ 6.  6.]
 [12. 11.]
 [ 4. 10.]
 [ 7.  7.]
 [11.  7.]
 [ 6.  6.]
 [12. 11.]
 [ 4. 10.]
 [ 7.  7.]
 [12.  6.]
 [ 6.  6.]
 [12. 11.]
 [ 4. 10.]
 [ 7.  7.]
 [13.  5.]
 [ 6.  6.]
 [12. 11.]
 [ 4. 10.]
 [ 7.  7.]
 [13.  5.]
 [ 6.  6.]
 [11. 11.]
 [ 4. 10.]
 [ 7.  7.]
 [13.  5.]
 [ 6.  6.]
 [10. 11.]
 [ 4. 10.]
 [ 7.  7.]
 [14.  5.]
 [ 6.  6.]
 [ 9. 11.]
 [ 4. 10.]
 [ 7.  7.]
 [14.  5.]
 [ 6.  6.]
 [ 8. 10.]
 [ 4. 10.]
 [ 7.  7.]
 [14.  5.]
 [ 6.  6.]
 [ 7.  9.]
 [ 3. 10.]
 [ 7.  6.]
 [14.  5.]
 [ 6.  6.]
 [ 7.  8.]
 [ 2. 10.]
 [ 7.  6.]
 [14.  5.]
 [ 6.  6.]
 [ 7.  8.]
 [ 2. 10.]
 [ 7.  6.]
 [15.  5.]
 [ 6.  6.]
 [ 7.  7.]
 [ 1. 10.]]
