Maze:
##########################
#                        #
#                        #
#                        #
#                        #
#                        #
#     ##############     #
#     #            #     #
#     #            #     #
#     #            #     #
#     #            #     #
#     # D          #     #
#     #  A  B      #     #
#     #            #     #
#     #         C  #     #
#     #S           #     #
#     #            #     #
#     #            #     #
#     #            #     #
#     ##############     #
#                        #
#                        #
#                        #
#                        #
#                        #
##########################
[[ 1.  9.]
 [ 3.  6.]
 [ 6.  6.]
 [10.  8.]
 [ 2.  5.]
 [ 1.  9.]
 [ 4.  7.]
 [ 6.  6.]
 [ 9.  8.]
 [ 1.  5.]
 [ 1.  9.]
 [ 3.  7.]
 [ 6.  6.]
 [ 8.  7.]
 [ 0.  6.]
 [ 2.  9.]
 [ 3.  7.]
 [ 6.  6.]
 [ 7.  7.]
 [ 0.  7.]
 [ 3.  9.]
 [ 3.  6.]
 [ 6.  6.]
 [ 7.  7.]
 [ 0.  8.]
 [ 3.  9.]
 [ 2.  5.]
 [ 6.  6.]
 [ 7.  7.]
 [ 1.  9.]
 [ 4.  9.]
 [ 1.  4.]
 [ 6.  6.]
 [ 7.  7.]
 [ 2.  9.]
 [ 5.  9.]
 [ 0.  3.]
 [ 6.  6.]
 [ 7.  7.]
 [ 3.  9.]
 [ 6.  9.]
 [ 0.  3.]
 [ 6.  6.]
 [ 7.  7.]
 [ 4.  9.]
 [ 6. 10.]
 [ 0.  3.]
 [ 6.  6.]
 [ 7.  7.]
 [ 5. 10.]
 [ 7. 10.]
 [ 0.  3.]
 [ 6.  6.]
 [ 7.  7.]
 [ 6. 10.]
 [ 8. 10.]
 [ 0.  3.]
 [ 6.  6.]
 [ 7.  7.]
 [ 7. 10.]
 [ 9. 10.]
 [ 0.  3.]
 [ 6.  6.]
 [ 7.  7.]
 [ 8. 10.]
 [10. 10.]
 [ 0.  3.]
 [ 6.  6.]
 [ 7.  7.]
 [ 9. 10.]
 [11. 10.]
 [ 0.  3.]
 [ 6.  6.]
 [ 7.  7.]
 [10. 10.]
 [12. 10.]
 [ 0.  3.]
 [ 6.  6.]
 [ 7.  7.]
 [11. 10.]
 [13. 10.]
 [ 0.  3.]
 [ 6.  6.]
 [ 7.  7.]
 [12. 10.]
 [14. 10.]
 [ 0.  3.]
 [ 6.  6.]
 [ 7.  7.]
 [13. 10.]
 [15. 10.]
 [ 0.  3.]
 [ 6.  6.]
 [ 7.  7.]
 [14. 10.]
 [16. 10.]
 [ 0.  3.]
 [ 6.  6.]
 [ 7.  7.]
 [15. 10.]
 [16. 10.]
 [ 0.  3.]
 [ 6.  6.]
 [ 7.  7.]
 [15. 10.]
 [17. 10.]
 [ 0.  3.]
 [ 6.  6.]
 [ 7.  7.]
 [16. 10.]]
