Maze:
##########################
#                        #
#                        #
#                        #
#                        #
#                        #
#     ##############     #
#     #    C       #     #
#     #     D      #     #
#     #            #     #
#     #            #     #
#     #            #     #
#     # S   A      #     #
#     #            #     #
#     #            #     #
#     #        B   #     #
#     #            #     #
#     #            #     #
#     #            #     #
#     ##############     #
#                        #
#                        #
#                        #
#                        #
#                        #
##########################
[[ 2.  6.]
 [ 6.  6.]
 [ 9.  9.]
 [ 5.  1.]
 [ 6.  2.]
 [ 2.  7.]
 [ 6.  6.]
 [ 8.  8.]
 [ 6.  2.]
 [ 7.  3.]
 [ 2.  7.]
 [ 6.  6.]
 [ 7.  7.]
 [ 7.  3.]
 [ 8.  4.]
 [ 2.  7.]
 [ 6.  6.]
 [ 7.  7.]
 [ 8.  4.]
 [ 9.  5.]
 [ 2.  7.]
 [ 6.  6.]
 [ 7.  7.]
 [ 9.  5.]
 [10.  6.]
 [ 2.  7.]
 [ 6.  6.]
 [ 7.  7.]
 [ 9.  6.]
 [11.  7.]
 [ 2.  7.]
 [ 6.  6.]
 [ 7.  7.]
 [ 8.  7.]
 [12.  7.]
 [ 2.  7.]
 [ 6.  6.]
 [ 6.  7.]
 [ 7.  7.]
 [13.  7.]
 [ 2.  7.]
 [ 6.  6.]
 [ 5.  6.]
 [ 6.  7.]
 [14.  7.]
 [ 2.  7.]
 [ 6.  6.]
 [ 5.  6.]
 [ 5.  7.]
 [14.  7.]
 [ 2.  7.]
 [ 6.  6.]
 [ 6.  5.]
 [ 5.  6.]
 [14.  7.]
 [ 2.  7.]
 [ 6.  6.]
 [ 6.  5.]
 [ 5.  5.]
 [14.  7.]
 [ 2.  7.]
 [ 6.  6.]
 [ 7.  6.]
 [ 6.  5.]
 [14.  7.]
 [ 2.  7.]
 [ 6.  6.]
 [ 7.  6.]
 [ 7.  5.]
 [14.  7.]
 [ 2.  7.]
 [ 6.  6.]
 [ 6.  7.]
 [ 7.  6.]
 [15.  7.]
 [ 2.  7.]
 [ 6.  6.]
 [ 6.  7.]
 [ 7.  7.]
 [15.  7.]
 [ 2.  7.]
 [ 6.  6.]
 [ 5.  6.]
 [ 6.  7.]
 [15.  7.]
 [ 2.  7.]
 [ 6.  6.]
 [ 5.  6.]
 [ 5.  7.]
 [15.  7.]
 [ 2.  7.]
 [ 6.  6.]
 [ 6.  5.]
 [ 5.  6.]
 [15.  7.]
 [ 2.  7.]
 [ 6.  6.]
 [ 6.  5.]
 [ 5.  5.]
 [15.  7.]
 [ 2.  7.]
 [ 6.  6.]
 [ 6.  5.]
 [ 5.  5.]
 [15.  7.]
 [ 2.  7.]
 [ 6.  6.]
 [ 7.  6.]
 [ 6.  5.]
 [15.  7.]]
