Maze:
##########################
#                        #
#                        #
#                        #
#                        #
#                        #
#     ##############     #
#     #        S   #     #
#     #   C        #     #
#     #            #     #
#     #            #     #
#     #       B    #     #
#     #     D      #     #
#     #            #     #
#     #      A     #     #
#     #            #     #
#     #            #     #
#     #            #     #
#     #            #     #
#     ##############     #
#                        #
#                        #
#                        #
#                        #
#                        #
##########################
[[ 9.  1.]
 [ 7.  8.]
 [ 8.  5.]
 [ 4.  2.]
 [ 6.  6.]
 [ 9.  1.]
 [ 7.  9.]
 [ 8.  6.]
 [ 5.  3.]
 [ 6.  6.]
 [10.  1.]
 [ 7. 10.]
 [ 8.  7.]
 [ 6.  4.]
 [ 6.  6.]
 [10.  1.]
 [ 7. 11.]
 [ 8.  8.]
 [ 6.  5.]
 [ 6.  6.]
 [10.  1.]
 [ 7. 12.]
 [ 8.  9.]
 [ 6.  5.]
 [ 6.  6.]
 [10.  1.]
 [ 7. 13.]
 [ 8. 10.]
 [ 6.  5.]
 [ 6.  6.]
 [10.  1.]
 [ 7. 14.]
 [ 8. 11.]
 [ 6.  5.]
 [ 6.  6.]
 [10.  1.]
 [ 7. 15.]
 [ 8. 12.]
 [ 6.  5.]
 [ 6.  6.]
 [10.  1.]
 [ 7. 16.]
 [ 8. 13.]
 [ 6.  5.]
 [ 6.  6.]
 [10.  1.]
 [ 7. 17.]
 [ 8. 14.]
 [ 6.  5.]
 [ 6.  6.]
 [10.  1.]
 [ 7. 17.]
 [ 8. 15.]
 [ 6.  5.]
 [ 6.  6.]
 [10.  1.]
 [ 7. 17.]
 [ 8. 16.]
 [ 6.  5.]
 [ 6.  6.]
 [10.  1.]
 [ 6. 17.]
 [ 7. 17.]
 [ 6.  5.]
 [ 6.  6.]
 [10.  1.]
 [ 5. 17.]
 [ 6. 17.]
 [ 6.  5.]
 [ 6.  6.]
 [10.  1.]
 [ 4. 17.]
 [ 5. 17.]
 [ 6.  5.]
 [ 6.  6.]
 [10.  1.]
 [ 3. 17.]
 [ 4. 17.]
 [ 6.  5.]
 [ 6.  6.]
 [10.  1.]
 [ 2. 17.]
 [ 3. 17.]
 [ 6.  5.]
 [ 6.  6.]
 [10.  1.]
 [ 1. 17.]
 [ 2. 17.]
 [ 6.  5.]
 [ 6.  6.]
 [10.  1.]
 [ 0. 17.]
 [ 1. 17.]
 [ 6.  5.]
 [ 6.  6.]
 [10.  1.]
 [-1. 17.]
 [ 0. 17.]
 [ 6.  5.]
 [ 6.  6.]
 [10.  1.]
 [-1. 17.]
 [ 0. 17.]
 [ 6.  5.]
 [ 6.  6.]
 [10.  1.]
 [-2. 17.]
 [-1. 17.]
 [ 6.  5.]
 [ 6.  6.]]
