Maze:
##########################
#                        #
#                        #
#                        #
#                        #
#                        #
#     ##############     #
#     #         D  #     #
#     #            #     #
#     #            #     #
#     #            #     #
#     #            #     #
#     #   A C      #     #
#     #            #     #
#     #            #     #
#     #B           #     #
#     #            #     #
#     #            #     #
#     #       S    #     #
#     ##############     #
#                        #
#                        #
#                        #
#                        #
#                        #
##########################
[[ 8. 12.]
 [ 4.  6.]
 [ 1.  9.]
 [ 6.  6.]
 [10.  1.]
 [ 8. 12.]
 [ 3.  6.]
 [ 2.  8.]
 [ 6.  6.]
 [10.  1.]
 [ 8. 12.]
 [ 3.  5.]
 [ 2.  7.]
 [ 6.  6.]
 [10.  1.]
 [ 8. 12.]
 [ 3.  4.]
 [ 2.  6.]
 [ 6.  6.]
 [10.  1.]
 [ 8. 12.]
 [ 3.  3.]
 [ 2.  5.]
 [ 6.  6.]
 [10.  1.]
 [ 8. 12.]
 [ 3.  2.]
 [ 2.  4.]
 [ 6.  6.]
 [10.  1.]
 [ 8. 12.]
 [ 3.  1.]
 [ 2.  3.]
 [ 6.  6.]
 [11.  1.]
 [ 8. 12.]
 [ 3.  0.]
 [ 2.  2.]
 [ 6.  6.]
 [11.  1.]
 [ 8. 12.]
 [ 3. -1.]
 [ 2.  1.]
 [ 6.  6.]
 [11.  1.]
 [ 8. 12.]
 [ 3. -2.]
 [ 2.  0.]
 [ 6.  6.]
 [11.  1.]
 [ 8. 12.]
 [ 3. -3.]
 [ 2. -1.]
 [ 6.  6.]
 [11.  1.]
 [ 8. 12.]
 [ 3. -4.]
 [ 2. -2.]
 [ 6.  6.]
 [11.  1.]
 [ 8. 12.]
 [ 3. -5.]
 [ 2. -3.]
 [ 6.  6.]
 [11.  1.]
 [ 8. 12.]
 [ 3. -5.]
 [ 2. -4.]
 [ 6.  6.]
 [11.  1.]
 [ 8. 12.]
 [ 4. -5.]
 [ 3. -5.]
 [ 6.  6.]
 [11.  1.]
 [ 8. 12.]
 [ 5. -5.]
 [ 4. -5.]
 [ 6.  6.]
 [11.  1.]
 [ 8. 12.]
 [ 6. -5.]
 [ 5. -5.]
 [ 6.  6.]
 [11.  1.]
 [ 8. 12.]
 [ 7. -5.]
 [ 6. -5.]
 [ 6.  6.]
 [11.  1.]
 [ 8. 12.]
 [ 8. -5.]
 [ 7. -5.]
 [ 6.  6.]
 [11.  1.]
 [ 8. 12.]
 [ 9. -5.]
 [ 8. -5.]
 [ 6.  6.]
 [11.  1.]
 [ 8. 12.]
 [ 9. -5.]
 [ 8. -5.]
 [ 6.  6.]
 [11.  1.]
 [ 8. 12.]
 [10. -5.]
 [ 9. -5.]
 [ 6.  6.]
 [11.  1.]]
