Maze:
##########################
#                        #
#                        #
#                        #
#                        #
#                        #
#     ##############     #
#     #            #     #
#     #            #     #
#     #        A   #     #
#     #            #     #
#     #            #     #
#     #     S C    #     #
#     #            #     #
#     #    B       #     #
#     #            #     #
#     #            #     #
#     #          D #     #
#     #            #     #
#     ##############     #
#                        #
#                        #
#                        #
#                        #
#                        #
##########################
[[ 6.  6.]
 [ 9.  3.]
 [ 5.  8.]
 [ 8.  6.]
 [11. 11.]
 [ 6.  6.]
 [ 9.  2.]
 [ 5.  7.]
 [ 7.  7.]
 [11. 11.]
 [ 6.  6.]
 [ 9.  1.]
 [ 5.  6.]
 [ 6.  7.]
 [11. 11.]
 [ 6.  6.]
 [ 9.  0.]
 [ 6.  5.]
 [ 5.  6.]
 [11. 11.]
 [ 6.  6.]
 [ 9. -1.]
 [ 7.  6.]
 [ 6.  5.]
 [11. 11.]
 [ 6.  6.]
 [ 9. -2.]
 [ 6.  7.]
 [ 7.  6.]
 [11. 11.]
 [ 6.  6.]
 [ 9. -2.]
 [ 5.  6.]
 [ 6.  7.]
 [11. 11.]
 [ 6.  6.]
 [ 9. -2.]
 [ 6.  5.]
 [ 5.  6.]
 [11. 11.]
 [ 6.  6.]
 [ 9. -2.]
 [ 7.  6.]
 [ 6.  5.]
 [11. 11.]
 [ 6.  6.]
 [ 9. -2.]
 [ 6.  7.]
 [ 7.  6.]
 [11. 11.]
 [ 6.  6.]
 [ 9. -2.]
 [ 5.  6.]
 [ 6.  7.]
 [11. 11.]
 [ 6.  6.]
 [ 9. -2.]
 [ 6.  5.]
 [ 5.  6.]
 [11. 11.]
 [ 6.  6.]
 [ 9. -2.]
 [ 7.  6.]
 [ 6.  5.]
 [11. 11.]
 [ 6.  6.]
 [ 9. -2.]
 [ 6.  7.]
 [ 7.  6.]
 [11. 11.]
 [ 6.  6.]
 [ 9. -2.]
 [ 5.  6.]
 [ 6.  7.]
 [11. 11.]
 [ 6.  6.]
 [ 9. -2.]
 [ 6.  5.]
 [ 5.  6.]
 [11. 11.]
 [ 6.  6.]
 [ 9. -2.]
 [ 7.  6.]
 [ 6.  5.]
 [11. 11.]
 [ 6.  6.]
 [ 9. -2.]
 [ 6.  7.]
 [ 7.  6.]
 [11. 11.]
 [ 6.  6.]
 [ 9. -2.]
 [ 5.  6.]
 [ 6.  7.]
 [11. 11.]
 [ 6.  6.]
 [ 9. -2.]
 [ 6.  5.]
 [ 5.  6.]
 [11. 11.]
 [ 6.  6.]
 [ 9. -2.]
 [ 6.  5.]
 [ 5.  6.]
 [11. 11.]
 [ 6.  6.]
 [ 9. -2.]
 [ 7.  6.]
 [ 6.  5.]
 [11. 11.]]
