Maze:
##########################
#                        #
#                        #
#                        #
#                        #
#                        #
#     ##############     #
#     #        C   #     #
#     #            #     #
#     #            #     #
#     #           D#     #
#     #     A      #     #
#     #     S      #     #
#     #            #     #
#     #            #     #
#     #            #     #
#     #            #     #
#     #            #     #
#     #      B     #     #
#     ##############     #
#                        #
#                        #
#                        #
#                        #
#                        #
##########################
[[ 6.  6.]
 [ 6.  5.]
 [ 7. 12.]
 [ 9.  1.]
 [12.  4.]
 [ 6.  6.]
 [ 6.  4.]
 [ 7. 11.]
 [ 9.  1.]
 [13.  5.]
 [ 6.  6.]
 [ 6.  3.]
 [ 7. 10.]
 [ 9.  1.]
 [13.  5.]
 [ 6.  6.]
 [ 5.  3.]
 [ 7.  9.]
 [10.  1.]
 [13.  5.]
 [ 6.  6.]
 [ 4.  2.]
 [ 7.  8.]
 [10.  2.]
 [13.  6.]
 [ 6.  6.]
 [ 3.  1.]
 [ 6.  7.]
 [10.  3.]
 [13.  7.]
 [ 6.  6.]
 [ 3.  1.]
 [ 6.  7.]
 [10.  4.]
 [13.  8.]
 [ 6.  6.]
 [ 3.  1.]
 [ 6.  7.]
 [ 9.  5.]
 [13.  9.]
 [ 6.  6.]
 [ 3.  0.]
 [ 6.  7.]
 [ 8.  6.]
 [13.  9.]
 [ 6.  6.]
 [ 3.  0.]
 [ 6.  7.]
 [ 7.  6.]
 [13.  9.]
 [ 6.  6.]
 [ 3. -1.]
 [ 5.  6.]
 [ 6.  7.]
 [13.  9.]
 [ 6.  6.]
 [ 3. -1.]
 [ 6.  5.]
 [ 5.  6.]
 [13.  9.]
 [ 6.  6.]
 [ 3. -2.]
 [ 7.  6.]
 [ 6.  5.]
 [13.  9.]
 [ 6.  6.]
 [ 3. -2.]
 [ 6.  7.]
 [ 7.  6.]
 [13.  9.]
 [ 6.  6.]
 [ 3. -2.]
 [ 5.  6.]
 [ 6.  7.]
 [13.  9.]
 [ 6.  6.]
 [ 3. -2.]
 [ 6.  5.]
 [ 5.  6.]
 [13.  9.]
 [ 6.  6.]
 [ 3. -2.]
 [ 7.  6.]
 [ 6.  5.]
 [13.  9.]
 [ 6.  6.]
 [ 3. -2.]
 [ 6.  7.]
 [ 7.  6.]
 [13.  9.]
 [ 6.  6.]
 [ 3. -2.]
 [ 5.  6.]
 [ 6.  7.]
 [13.  9.]
 [ 6.  6.]
 [ 3. -2.]
 [ 6.  5.]
 [ 5.  6.]
 [13.  9.]
 [ 6.  6.]
 [ 3. -2.]
 [ 6.  5.]
 [ 5.  6.]
 [13.  9.]
 [ 6.  6.]
 [ 3. -2.]
 [ 7.  6.]
 [ 6.  5.]
 [13.  9.]]
