Maze:
##########################
#                        #
#                        #
#                        #
#                        #
#                        #
#     ##############     #
#     #            #     #
#     #  D         #     #
#     #            #     #
#     #   B        #     #
#     #            #     #
#     #A    C      #     #
#     #            #     #
#     #            #     #
#     #     S      #     #
#     #            #     #
#     #            #     #
#     #            #     #
#     ##############     #
#                        #
#                        #
#                        #
#                        #
#                        #
##########################
[[ 6.  9.]
 [ 1.  6.]
 [ 4.  4.]
 [ 6.  6.]
 [ 3.  2.]
 [ 6. 10.]
 [ 0.  6.]
 [ 3.  4.]
 [ 6.  6.]
 [ 3.  1.]
 [ 6. 11.]
 [-1.  6.]
 [ 2.  4.]
 [ 6.  6.]
 [ 3.  0.]
 [ 6. 11.]
 [-2.  6.]
 [ 1.  4.]
 [ 6.  6.]
 [ 3. -1.]
 [ 6. 11.]
 [-3.  6.]
 [ 0.  4.]
 [ 6.  6.]
 [ 3. -2.]
 [ 6. 11.]
 [-4.  6.]
 [-1.  4.]
 [ 6.  6.]
 [ 3. -2.]
 [ 6. 11.]
 [-5.  6.]
 [-2.  5.]
 [ 6.  6.]
 [ 3. -2.]
 [ 6. 11.]
 [-5.  6.]
 [-3.  5.]
 [ 6.  6.]
 [ 3. -2.]
 [ 6. 11.]
 [-5.  6.]
 [-4.  5.]
 [ 6.  6.]
 [ 3. -2.]
 [ 6. 11.]
 [-5.  7.]
 [-5.  6.]
 [ 6.  6.]
 [ 3. -2.]
 [ 6. 11.]
 [-5.  8.]
 [-5.  7.]
 [ 6.  6.]
 [ 3. -2.]
 [ 6. 11.]
 [-5.  9.]
 [-5.  8.]
 [ 6.  6.]
 [ 3. -2.]
 [ 6. 11.]
 [-5. 10.]
 [-5.  9.]
 [ 6.  6.]
 [ 3. -2.]
 [ 6. 12.]
 [-5. 11.]
 [-5. 10.]
 [ 6.  6.]
 [ 3. -2.]
 [ 6. 12.]
 [-5. 12.]
 [-5. 11.]
 [ 6.  6.]
 [ 3. -2.]
 [ 6. 12.]
 [-5. 13.]
 [-5. 12.]
 [ 6.  6.]
 [ 3. -2.]
 [ 6. 12.]
 [-5. 14.]
 [-5. 13.]
 [ 6.  6.]
 [ 3. -2.]
 [ 6. 12.]
 [-5. 15.]
 [-5. 14.]
 [ 6.  6.]
 [ 3. -2.]
 [ 6. 12.]
 [-5. 16.]
 [-5. 15.]
 [ 6.  6.]
 [ 3. -2.]
 [ 6. 12.]
 [-5. 17.]
 [-5. 16.]
 [ 6.  6.]
 [ 3. -2.]
 [ 6. 12.]
 [-5. 17.]
 [-5. 16.]
 [ 6.  6.]
 [ 3. -2.]]
