Maze:
##########################
#                        #
#                        #
#                        #
#                        #
#                        #
#     ##############     #
#     #         S  #     #
#     #     C      #     #
#     #            #     #
#     #            #     #
#     #      D     #     #
#     #  B  A      #     #
#     #            #     #
#     #            #     #
#     #            #     #
#     #            #     #
#     #            #     #
#     #            #     #
#     ##############     #
#                        #
#                        #
#                        #
#                        #
#                        #
##########################
[[10.  1.]
 [ 6.  6.]
 [ 3.  6.]
 [ 6.  2.]
 [ 7.  5.]
 [11.  1.]
 [ 6.  6.]
 [ 4.  6.]
 [ 6.  3.]
 [ 8.  5.]
 [11.  1.]
 [ 6.  6.]
 [ 5.  6.]
 [ 6.  4.]
 [ 9.  5.]
 [11.  1.]
 [ 6.  6.]
 [ 5.  6.]
 [ 6.  5.]
 [10.  5.]
 [11.  1.]
 [ 6.  6.]
 [ 5.  6.]
 [ 5.  5.]
 [11.  5.]
 [11.  1.]
 [ 6.  6.]
 [ 6.  7.]
 [ 5.  6.]
 [12.  4.]
 [11.  0.]
 [ 6.  6.]
 [ 6.  7.]
 [ 5.  7.]
 [12.  3.]
 [11. -1.]
 [ 6.  6.]
 [ 7.  6.]
 [ 6.  7.]
 [12.  2.]
 [11. -2.]
 [ 6.  6.]
 [ 7.  6.]
 [ 7.  7.]
 [12.  1.]
 [11. -3.]
 [ 6.  6.]
 [ 6.  5.]
 [ 7.  6.]
 [12.  0.]
 [11. -4.]
 [ 6.  6.]
 [ 6.  5.]
 [ 7.  5.]
 [12. -1.]
 [11. -5.]
 [ 6.  6.]
 [ 5.  6.]
 [ 6.  5.]
 [12. -2.]
 [11. -5.]
 [ 6.  6.]
 [ 5.  6.]
 [ 5.  5.]
 [12. -3.]
 [11. -5.]
 [ 6.  6.]
 [ 6.  7.]
 [ 5.  6.]
 [12. -4.]
 [10. -5.]
 [ 6.  6.]
 [ 6.  7.]
 [ 5.  7.]
 [11. -5.]
 [ 9. -5.]
 [ 6.  6.]
 [ 7.  6.]
 [ 6.  7.]
 [10. -5.]
 [ 8. -5.]
 [ 6.  6.]
 [ 7.  6.]
 [ 7.  7.]
 [ 9. -5.]
 [ 7. -5.]
 [ 6.  6.]
 [ 6.  5.]
 [ 7.  6.]
 [ 8. -5.]
 [ 6. -5.]
 [ 6.  6.]
 [ 6.  5.]
 [ 7.  5.]
 [ 7. -5.]
 [ 5. -5.]
 [ 6.  6.]
 [ 5.  6.]
 [ 6.  5.]
 [ 6. -5.]
 [ 5. -5.]
 [ 6.  6.]
 [ 5.  6.]
 [ 6.  5.]
 [ 6. -5.]
 [ 4. -5.]
 [ 6.  6.]
 [ 5.  6.]
 [ 5.  5.]
 [ 5. -5.]]
