Maze:
##########################
#                        #
#                        #
#                        #
#                        #
#                        #
#     ##############     #
#     #      S     #     #
#     #       D    #     #
#     #            #     #
#     #           C#     #
#     #            #     #
#     #   B A      #     #
#     #            #     #
#     #            #     #
#     #            #     #
#     #            #     #
#     #            #     #
#     #            #     #
#     ##############     #
#                        #
#                        #
#                        #
#                        #
#                        #
##########################
[[ 7.  1.]
 [ 6.  6.]
 [ 4.  6.]
 [12.  4.]
 [ 8.  2.]
 [ 6.  0.]
 [ 6.  6.]
 [ 5.  6.]
 [11.  4.]
 [ 7.  1.]
 [ 5. -1.]
 [ 6.  6.]
 [ 5.  6.]
 [10.  4.]
 [ 6.  0.]
 [ 4. -2.]
 [ 6.  6.]
 [ 5.  6.]
 [ 9.  4.]
 [ 5. -1.]
 [ 3. -3.]
 [ 6.  6.]
 [ 5.  6.]
 [ 8.  4.]
 [ 4. -2.]
 [ 2. -4.]
 [ 6.  6.]
 [ 5.  6.]
 [ 7.  4.]
 [ 3. -3.]
 [ 1. -5.]
 [ 6.  6.]
 [ 5.  6.]
 [ 6.  4.]
 [ 2. -4.]
 [ 0. -5.]
 [ 6.  6.]
 [ 5.  6.]
 [ 5.  5.]
 [ 1. -5.]
 [-1. -5.]
 [ 6.  6.]
 [ 6.  7.]
 [ 5.  6.]
 [ 0. -5.]
 [-2. -5.]
 [ 6.  6.]
 [ 6.  7.]
 [ 5.  7.]
 [-1. -5.]
 [-3. -5.]
 [ 6.  6.]
 [ 7.  6.]
 [ 6.  7.]
 [-2. -5.]
 [-4. -5.]
 [ 6.  6.]
 [ 7.  6.]
 [ 7.  7.]
 [-3. -5.]
 [-5. -5.]
 [ 6.  6.]
 [ 6.  5.]
 [ 7.  6.]
 [-4. -5.]
 [-5. -5.]
 [ 6.  6.]
 [ 6.  5.]
 [ 7.  5.]
 [-4. -5.]
 [-5. -5.]
 [ 6.  6.]
 [ 5.  6.]
 [ 6.  5.]
 [-4. -5.]
 [-5. -5.]
 [ 6.  6.]
 [ 5.  6.]
 [ 5.  5.]
 [-4. -5.]
 [-5. -5.]
 [ 6.  6.]
 [ 6.  7.]
 [ 5.  6.]
 [-4. -5.]
 [-5. -5.]
 [ 6.  6.]
 [ 6.  7.]
 [ 5.  7.]
 [-4. -5.]
 [-5. -5.]
 [ 6.  6.]
 [ 7.  6.]
 [ 6.  7.]
 [-4. -5.]
 [-5. -5.]
 [ 6.  6.]
 [ 7.  6.]
 [ 7.  7.]
 [-4. -5.]
 [-5. -5.]
 [ 6.  6.]
 [ 7.  6.]
 [ 7.  7.]
 [-4. -5.]
 [-5. -5.]
 [ 6.  6.]
 [ 6.  5.]
 [ 7.  6.]
 [-4. -5.]]
