Maze:
##########################
#                        #
#                        #
#                        #
#                        #
#                        #
#     ##############     #
#     #            #     #
#     #            #     #
#     #      B     #     #
#     #            #     #
#     #            #     #
#     #D    A      #     #
#     #         C  #     #
#     #            #     #
#     #            #     #
#     #            #     #
#     #            #     #
#     #        S   #     #
#     ##############     #
#                        #
#                        #
#                        #
#                        #
#                        #
##########################
[[ 9. 12.]
 [ 6.  6.]
 [ 7.  3.]
 [10.  7.]
 [ 1.  6.]
 [ 9. 12.]
 [ 6.  6.]
 [ 6.  4.]
 [10.  6.]
 [ 0.  6.]
 [ 9. 12.]
 [ 6.  6.]
 [ 6.  5.]
 [ 9.  6.]
 [-1.  6.]
 [ 9. 12.]
 [ 6.  6.]
 [ 6.  5.]
 [ 8.  6.]
 [-1.  6.]
 [ 9. 12.]
 [ 6.  6.]
 [ 6.  5.]
 [ 7.  5.]
 [-1.  6.]
 [ 9. 12.]
 [ 6.  6.]
 [ 5.  6.]
 [ 6.  5.]
 [-2.  6.]
 [ 9. 12.]
 [ 6.  6.]
 [ 5.  6.]
 [ 5.  5.]
 [-3.  6.]
 [ 9. 12.]
 [ 6.  6.]
 [ 6.  7.]
 [ 5.  6.]
 [-3.  6.]
 [ 9. 12.]
 [ 6.  6.]
 [ 6.  7.]
 [ 5.  7.]
 [-3.  6.]
 [ 9. 12.]
 [ 6.  6.]
 [ 7.  6.]
 [ 6.  7.]
 [-3.  6.]
 [ 9. 12.]
 [ 6.  6.]
 [ 7.  6.]
 [ 7.  7.]
 [-3.  6.]
 [ 9. 12.]
 [ 6.  6.]
 [ 6.  5.]
 [ 7.  6.]
 [-3.  6.]
 [ 9. 12.]
 [ 6.  6.]
 [ 6.  5.]
 [ 7.  5.]
 [-3.  6.]
 [ 9. 12.]
 [ 6.  6.]
 [ 5.  6.]
 [ 6.  5.]
 [-3.  6.]
 [ 9. 12.]
 [ 6.  6.]
 [ 5.  6.]
 [ 5.  5.]
 [-3.  6.]
 [ 9. 12.]
 [ 6.  6.]
 [ 6.  7.]
 [ 5.  6.]
 [-3.  6.]
 [ 9. 12.]
 [ 6.  6.]
 [ 6.  7.]
 [ 5.  7.]
 [-3.  6.]
 [ 9. 12.]
 [ 6.  6.]
 [ 7.  6.]
 [ 6.  7.]
 [-3.  6.]
 [ 9. 12.]
 [ 6.  6.]
 [ 7.  6.]
 [ 7.  7.]
 [-3.  6.]
 [ 9. 12.]
 [ 6.  6.]
 [ 6.  5.]
 [ 7.  6.]
 [-3.  6.]
 [ 9. 12.]
 [ 6.  6.]
 [ 6.  5.]
 [ 7.  6.]
 [-3.  6.]
 [ 9. 12.]
 [ 6.  6.]
 [ 6.  5.]
 [ 7.  5.]
 [-3.  6.]]
