Maze:
##########################
#                        #
#                        #
#                        #
#                        #
#                        #
#     ##############     #
#     #            #     #
#     #  C         #     #
#     #     D      #     #
#     #            #     #
#     #       B    #     #
#     #     A      #     #
#     #            #     #
#     #            #     #
#     # S          #     #
#     #            #     #
#     #            #     #
#     #            #     #
#     ##############     #
#                        #
#                        #
#                        #
#                        #
#                        #
##########################
[[ 2.  9.]
 [ 6.  6.]
 [ 8.  5.]
 [ 3.  2.]
 [ 6.  3.]
 [ 2.  9.]
 [ 6.  6.]
 [ 7.  5.]
 [ 4.  2.]
 [ 6.  2.]
 [ 2.  9.]
 [ 6.  6.]
 [ 7.  5.]
 [ 5.  2.]
 [ 7.  2.]
 [ 2.  9.]
 [ 6.  6.]
 [ 7.  5.]
 [ 6.  2.]
 [ 8.  2.]
 [ 2.  9.]
 [ 6.  6.]
 [ 7.  5.]
 [ 7.  3.]
 [ 9.  2.]
 [ 2.  9.]
 [ 6.  6.]
 [ 7.  5.]
 [ 7.  4.]
 [10.  1.]
 [ 2.  9.]
 [ 6.  6.]
 [ 7.  6.]
 [ 7.  5.]
 [11.  0.]
 [ 2.  9.]
 [ 6.  6.]
 [ 6.  7.]
 [ 7.  6.]
 [11. -1.]
 [ 2.  9.]
 [ 6.  6.]
 [ 6.  7.]
 [ 7.  7.]
 [11. -1.]
 [ 2.  9.]
 [ 6.  6.]
 [ 5.  6.]
 [ 6.  7.]
 [11. -1.]
 [ 2.  9.]
 [ 6.  6.]
 [ 5.  6.]
 [ 5.  7.]
 [11. -1.]
 [ 2.  9.]
 [ 6.  6.]
 [ 6.  5.]
 [ 5.  6.]
 [11. -1.]
 [ 2.  9.]
 [ 6.  6.]
 [ 6.  5.]
 [ 5.  5.]
 [11. -1.]
 [ 2.  9.]
 [ 6.  6.]
 [ 7.  6.]
 [ 6.  5.]
 [11. -1.]
 [ 2.  9.]
 [ 6.  6.]
 [ 7.  6.]
 [ 7.  5.]
 [11. -1.]
 [ 2.  9.]
 [ 6.  6.]
 [ 6.  7.]
 [ 7.  6.]
 [11. -1.]
 [ 2.  9.]
 [ 6.  6.]
 [ 6.  7.]
 [ 7.  7.]
 [11. -1.]
 [ 2.  9.]
 [ 6.  6.]
 [ 5.  6.]
 [ 6.  7.]
 [11. -1.]
 [ 2.  9.]
 [ 6.  6.]
 [ 5.  6.]
 [ 5.  7.]
 [11. -1.]
 [ 2.  9.]
 [ 6.  6.]
 [ 6.  5.]
 [ 5.  6.]
 [11. -1.]
 [ 2.  9.]
 [ 6.  6.]
 [ 6.  5.]
 [ 5.  6.]
 [11. -1.]
 [ 2.  9.]
 [ 6.  6.]
 [ 6.  5.]
 [ 5.  5.]
 [11. -1.]]
