Maze:
##########################
#                        #
#                        #
#                        #
#                        #
#                        #
#     ##############     #
#     #            #     #
#     #            #     #
#     #            #     #
#     #           B#     #
#     #          A #     #
#     #     S      #     #
#     #  D         #     #
#     #            #     #
#     #            #     #
#     #            #     #
#     #            #     #
#     #         C  #     #
#     ##############     #
#                        #
#                        #
#                        #
#                        #
#                        #
##########################
[[ 6.  6.]
 [11.  5.]
 [12.  4.]
 [10. 12.]
 [ 3.  7.]
 [ 6.  6.]
 [10.  6.]
 [11.  5.]
 [10. 12.]
 [ 4.  7.]
 [ 6.  6.]
 [ 9.  7.]
 [10.  6.]
 [10. 12.]
 [ 5.  6.]
 [ 6.  6.]
 [ 8.  8.]
 [ 9.  7.]
 [10. 11.]
 [ 5.  6.]
 [ 6.  6.]
 [ 7.  9.]
 [ 8.  8.]
 [10. 10.]
 [ 5.  6.]
 [ 6.  6.]
 [ 6. 10.]
 [ 7.  8.]
 [ 9.  9.]
 [ 5.  6.]
 [ 6.  6.]
 [ 5. 11.]
 [ 6.  8.]
 [ 8.  8.]
 [ 5.  6.]
 [ 6.  6.]
 [ 5. 12.]
 [ 5.  8.]
 [ 7.  8.]
 [ 5.  6.]
 [ 6.  6.]
 [ 5. 13.]
 [ 4.  8.]
 [ 6.  8.]
 [ 5.  6.]
 [ 6.  6.]
 [ 5. 14.]
 [ 3.  8.]
 [ 5.  8.]
 [ 5.  6.]
 [ 6.  6.]
 [ 5. 15.]
 [ 2.  8.]
 [ 4.  8.]
 [ 5.  6.]
 [ 6.  6.]
 [ 5. 16.]
 [ 1.  8.]
 [ 3.  8.]
 [ 5.  6.]
 [ 6.  6.]
 [ 5. 16.]
 [ 0.  8.]
 [ 2.  8.]
 [ 5.  6.]
 [ 6.  6.]
 [ 5. 16.]
 [-1.  8.]
 [ 1.  8.]
 [ 5.  6.]
 [ 6.  6.]
 [ 5. 16.]
 [-2.  8.]
 [ 0.  8.]
 [ 5.  6.]
 [ 6.  6.]
 [ 5. 16.]
 [-3.  8.]
 [-1.  8.]
 [ 5.  6.]
 [ 6.  6.]
 [ 5. 16.]
 [-4.  8.]
 [-2.  8.]
 [ 5.  6.]
 [ 6.  6.]
 [ 5. 16.]
 [-5.  8.]
 [-3.  8.]
 [ 5.  6.]
 [ 6.  6.]
 [ 5. 16.]
 [-5.  8.]
 [-4.  8.]
 [ 5.  6.]
 [ 6.  6.]
 [ 5. 16.]
 [-5.  8.]
 [-4.  8.]
 [ 5.  6.]]
