Maze:
##########################
#                        #
#                        #
#                        #
#                        #
#                        #
#     ##############     #
#     #          D #     #
#     #   C        #     #
#     #    B       #     #
#     #            #     #
#     #            #     #
#     #     S      #     #
#     #            #     #
#     #            #     #
#     #            #     #
#     #            #     #
#     #A           #     #
#     #            #     #
#     ##############     #
#                        #
#                        #
#                        #
#                        #
#                        #
##########################
[[ 6.  6.]
 [ 1. 11.]
 [ 5.  3.]
 [ 4.  2.]
 [11.  1.]
 [ 6.  6.]
 [ 1. 11.]
 [ 6.  4.]
 [ 5.  3.]
 [11.  1.]
 [ 6.  6.]
 [ 1. 11.]
 [ 7.  5.]
 [ 6.  4.]
 [12.  1.]
 [ 6.  6.]
 [ 1. 11.]
 [ 7.  6.]
 [ 7.  5.]
 [12.  1.]
 [ 6.  6.]
 [ 1. 11.]
 [ 6.  7.]
 [ 7.  6.]
 [12.  1.]
 [ 6.  6.]
 [ 1. 11.]
 [ 5.  6.]
 [ 6.  7.]
 [12.  1.]
 [ 6.  6.]
 [ 1. 11.]
 [ 6.  5.]
 [ 5.  6.]
 [12.  1.]
 [ 6.  6.]
 [ 1. 11.]
 [ 7.  6.]
 [ 6.  5.]
 [12.  1.]
 [ 6.  6.]
 [ 1. 11.]
 [ 6.  7.]
 [ 7.  6.]
 [12.  1.]
 [ 6.  6.]
 [ 1. 11.]
 [ 5.  6.]
 [ 6.  7.]
 [12.  1.]
 [ 6.  6.]
 [ 1. 11.]
 [ 6.  5.]
 [ 5.  6.]
 [12.  1.]
 [ 6.  6.]
 [ 1. 11.]
 [ 7.  6.]
 [ 6.  5.]
 [12.  1.]
 [ 6.  6.]
 [ 1. 11.]
 [ 6.  7.]
 [ 7.  6.]
 [12.  1.]
 [ 6.  6.]
 [ 1. 11.]
 [ 5.  6.]
 [ 6.  7.]
 [12.  1.]
 [ 6.  6.]
 [ 1. 11.]
 [ 6.  5.]
 [ 5.  6.]
 [12.  1.]
 [ 6.  6.]
 [ 1. 11.]
 [ 7.  6.]
 [ 6.  5.]
 [12.  1.]
 [ 6.  6.]
 [ 1. 11.]
 [ 6.  7.]
 [ 7.  6.]
 [12.  1.]
 [ 6.  6.]
 [ 1. 11.]
 [ 5.  6.]
 [ 6.  7.]
 [12.  1.]
 [ 6.  6.]
 [ 1. 11.]
 [ 6.  5.]
 [ 5.  6.]
 [12.  1.]
 [ 6.  6.]
 [ 1. 11.]
 [ 7.  6.]
 [ 6.  5.]
 [12.  1.]
 [ 6.  6.]
 [ 1. 11.]
 [ 7.  6.]
 [ 6.  5.]
 [12.  1.]
 [ 6.  6.]
 [ 1. 11.]
 [ 6.  7.]
 [ 7.  6.]
 [12.  1.]]
