Maze:
##########################
#                        #
#                        #
#                        #
#                        #
#                        #
#     ##############     #
#     #    C       #     #
#     #   S        #     #
#     #            #     #
#     #            #     #
#     #            #     #
#     #     A      #     #
#     #            #     #
#     #     B      #     #
#     #            #     #
#     #D           #     #
#     #            #     #
#     #            #     #
#     ##############     #
#                        #
#                        #
#                        #
#                        #
#                        #
##########################
[[ 4.  2.]
 [ 6.  6.]
 [ 6.  8.]
 [ 5.  1.]
 [ 1. 10.]
 [ 3.  3.]
 [ 6.  6.]
 [ 6.  7.]
 [ 4.  2.]
 [ 0. 10.]
 [ 2.  4.]
 [ 6.  6.]
 [ 6.  7.]
 [ 3.  3.]
 [ 0. 10.]
 [ 1.  5.]
 [ 6.  6.]
 [ 6.  7.]
 [ 3.  4.]
 [ 0. 10.]
 [ 0.  6.]
 [ 6.  6.]
 [ 6.  7.]
 [ 3.  5.]
 [ 0. 10.]
 [-1.  6.]
 [ 6.  6.]
 [ 6.  7.]
 [ 3.  6.]
 [-1. 10.]
 [-1.  6.]
 [ 6.  6.]
 [ 6.  7.]
 [ 4.  7.]
 [-2.  9.]
 [-1.  5.]
 [ 6.  6.]
 [ 6.  7.]
 [ 5.  7.]
 [-2.  8.]
 [-1.  4.]
 [ 6.  6.]
 [ 7.  6.]
 [ 6.  7.]
 [-2.  7.]
 [-1.  3.]
 [ 6.  6.]
 [ 7.  6.]
 [ 7.  7.]
 [-2.  6.]
 [-1.  2.]
 [ 6.  6.]
 [ 6.  5.]
 [ 7.  6.]
 [-2.  5.]
 [-1.  1.]
 [ 6.  6.]
 [ 6.  5.]
 [ 7.  5.]
 [-2.  4.]
 [-1.  0.]
 [ 6.  6.]
 [ 5.  6.]
 [ 6.  5.]
 [-2.  3.]
 [-1. -1.]
 [ 6.  6.]
 [ 5.  6.]
 [ 5.  5.]
 [-2.  2.]
 [-1. -2.]
 [ 6.  6.]
 [ 6.  7.]
 [ 5.  6.]
 [-2.  1.]
 [-1. -3.]
 [ 6.  6.]
 [ 6.  7.]
 [ 5.  7.]
 [-2.  0.]
 [-1. -4.]
 [ 6.  6.]
 [ 7.  6.]
 [ 6.  7.]
 [-2. -1.]
 [-1. -5.]
 [ 6.  6.]
 [ 7.  6.]
 [ 7.  7.]
 [-2. -2.]
 [-1. -5.]
 [ 6.  6.]
 [ 6.  5.]
 [ 7.  6.]
 [-2. -3.]
 [-1. -5.]
 [ 6.  6.]
 [ 6.  5.]
 [ 7.  5.]
 [-2. -4.]
 [-1. -5.]
 [ 6.  6.]
 [ 6.  5.]
 [ 7.  5.]
 [-2. -4.]
 [ 0. -5.]
 [ 6.  6.]
 [ 5.  6.]
 [ 6.  5.]
 [-1. -5.]]
