Maze:
##########################
#                        #
#                        #
#                        #
#                        #
#                        #
#     ##############     #
#     #    C       #     #
#     #            #     #
#     #      A     #     #
#     #            #     #
#     #            #     #
#     #     S   B  #     #
#     #            #     #
#     #            #     #
#     #            #     #
#     #            #     #
#     #            #     #
#     #       D    #     #
#     ##############     #
#                        #
#                        #
#                        #
#                        #
#                        #
##########################
[[ 6.  6.]
 [ 7.  3.]
 [10.  6.]
 [ 5.  1.]
 [ 8. 12.]
 [ 6.  6.]
 [ 8.  3.]
 [ 9.  6.]
 [ 5.  1.]
 [ 8. 12.]
 [ 6.  6.]
 [ 9.  2.]
 [ 8.  5.]
 [ 5.  1.]
 [ 8. 12.]
 [ 6.  6.]
 [10.  1.]
 [ 7.  5.]
 [ 5.  2.]
 [ 8. 12.]
 [ 6.  6.]
 [11.  0.]
 [ 7.  5.]
 [ 5.  3.]
 [ 8. 12.]
 [ 6.  6.]
 [11.  0.]
 [ 7.  6.]
 [ 6.  4.]
 [ 8. 12.]
 [ 6.  6.]
 [11.  0.]
 [ 7.  6.]
 [ 6.  5.]
 [ 8. 12.]
 [ 6.  6.]
 [11.  0.]
 [ 6.  7.]
 [ 7.  6.]
 [ 8. 12.]
 [ 6.  6.]
 [11.  0.]
 [ 5.  6.]
 [ 6.  7.]
 [ 8. 13.]
 [ 6.  6.]
 [11.  0.]
 [ 6.  5.]
 [ 5.  6.]
 [ 8. 13.]
 [ 6.  6.]
 [11.  0.]
 [ 7.  6.]
 [ 6.  5.]
 [ 8. 13.]
 [ 6.  6.]
 [11.  0.]
 [ 6.  7.]
 [ 7.  6.]
 [ 8. 13.]
 [ 6.  6.]
 [11.  0.]
 [ 5.  6.]
 [ 6.  7.]
 [ 8. 13.]
 [ 6.  6.]
 [11.  0.]
 [ 6.  5.]
 [ 5.  6.]
 [ 8. 13.]
 [ 6.  6.]
 [11.  0.]
 [ 7.  6.]
 [ 6.  5.]
 [ 8. 13.]
 [ 6.  6.]
 [11.  0.]
 [ 6.  7.]
 [ 7.  6.]
 [ 8. 13.]
 [ 6.  6.]
 [11.  0.]
 [ 5.  6.]
 [ 6.  7.]
 [ 8. 13.]
 [ 6.  6.]
 [11.  0.]
 [ 6.  5.]
 [ 5.  6.]
 [ 8. 13.]
 [ 6.  6.]
 [11.  0.]
 [ 7.  6.]
 [ 6.  5.]
 [ 8. 13.]
 [ 6.  6.]
 [11.  0.]
 [ 6.  7.]
 [ 7.  6.]
 [ 8. 13.]
 [ 6.  6.]
 [11.  0.]
 [ 6.  7.]
 [ 7.  6.]
 [ 8. 13.]
 [ 6.  6.]
 [11.  0.]
 [ 5.  6.]
 [ 6.  7.]
 [ 8. 13.]]
