Maze:
##########################
#                        #
#                        #
#                        #
#                        #
#                        #
#     ##############     #
#     #            #     #
#     #            #     #
#     #            #     #
#     #          C #     #
#     #            #     #
#     #     A      #     #
#     #            #     #
#     #            #     #
#     #       B    #     #
#     #S           #     #
#     #      D     #     #
#     #            #     #
#     ##############     #
#                        #
#                        #
#                        #
#                        #
#                        #
##########################
[[ 1. 10.]
 [ 6.  6.]
 [ 8.  9.]
 [11.  4.]
 [ 7. 11.]
 [ 1. 10.]
 [ 6.  6.]
 [ 7.  9.]
 [11.  5.]
 [ 6. 12.]
 [ 1. 10.]
 [ 6.  6.]
 [ 6.  8.]
 [11.  6.]
 [ 5. 13.]
 [ 1. 10.]
 [ 6.  6.]
 [ 6.  7.]
 [10.  6.]
 [ 4. 13.]
 [ 1. 10.]
 [ 6.  6.]
 [ 6.  7.]
 [ 9.  6.]
 [ 3. 13.]
 [ 1.  9.]
 [ 6.  6.]
 [ 6.  7.]
 [ 8.  6.]
 [ 2. 13.]
 [ 1.  8.]
 [ 6.  6.]
 [ 6.  7.]
 [ 7.  7.]
 [ 1. 12.]
 [ 1.  7.]
 [ 6.  6.]
 [ 5.  6.]
 [ 6.  7.]
 [ 1. 11.]
 [ 1.  6.]
 [ 6.  6.]
 [ 5.  6.]
 [ 5.  7.]
 [ 0. 11.]
 [ 1.  6.]
 [ 6.  6.]
 [ 6.  5.]
 [ 5.  6.]
 [ 0. 11.]
 [ 1.  6.]
 [ 6.  6.]
 [ 6.  5.]
 [ 5.  5.]
 [ 0. 11.]
 [ 1.  6.]
 [ 6.  6.]
 [ 7.  6.]
 [ 6.  5.]
 [ 0. 11.]
 [ 1.  6.]
 [ 6.  6.]
 [ 7.  6.]
 [ 7.  5.]
 [ 0. 11.]
 [ 1.  6.]
 [ 6.  6.]
 [ 6.  7.]
 [ 7.  6.]
 [ 0. 11.]
 [ 1.  6.]
 [ 6.  6.]
 [ 6.  7.]
 [ 7.  7.]
 [ 0. 11.]
 [ 1.  6.]
 [ 6.  6.]
 [ 5.  6.]
 [ 6.  7.]
 [ 0. 11.]
 [ 1.  6.]
 [ 6.  6.]
 [ 5.  6.]
 [ 5.  7.]
 [ 0. 11.]
 [ 1.  6.]
 [ 6.  6.]
 [ 6.  5.]
 [ 5.  6.]
 [ 0. 11.]
 [ 1.  6.]
 [ 6.  6.]
 [ 6.  5.]
 [ 5.  5.]
 [ 0. 11.]
 [ 1.  6.]
 [ 6.  6.]
 [ 7.  6.]
 [ 6.  5.]
 [ 0. 11.]
 [ 1.  6.]
 [ 6.  6.]
 [ 7.  6.]
 [ 6.  5.]
 [ 0. 11.]
 [ 1.  6.]
 [ 6.  6.]
 [ 7.  6.]
 [ 7.  5.]
 [ 0. 11.]]
