Maze:
##########################
#                        #
#                        #
#                        #
#                        #
#                        #
#     ##############     #
#     #            #     #
#     # S          #     #
#     #            #     #
#     #     D      #     #
#     #            #     #
#     #     A   B  #     #
#     #            #     #
#     #          C #     #
#     #            #     #
#     #            #     #
#     #            #     #
#     #            #     #
#     ##############     #
#                        #
#                        #
#                        #
#                        #
#                        #
##########################
[[ 2.  2.]
 [ 6.  6.]
 [10.  6.]
 [11.  8.]
 [ 6.  4.]
 [ 2.  2.]
 [ 6.  6.]
 [ 9.  5.]
 [11.  7.]
 [ 5.  3.]
 [ 1.  2.]
 [ 6.  6.]
 [ 8.  5.]
 [10.  6.]
 [ 4.  3.]
 [ 0.  2.]
 [ 6.  6.]
 [ 7.  5.]
 [ 9.  6.]
 [ 3.  3.]
 [-1.  2.]
 [ 6.  6.]
 [ 7.  5.]
 [ 8.  5.]
 [ 2.  3.]
 [-2.  2.]
 [ 6.  6.]
 [ 6.  5.]
 [ 7.  5.]
 [ 1.  3.]
 [-3.  2.]
 [ 6.  6.]
 [ 5.  6.]
 [ 6.  5.]
 [ 0.  3.]
 [-4.  2.]
 [ 6.  6.]
 [ 5.  6.]
 [ 5.  5.]
 [-1.  3.]
 [-5.  2.]
 [ 6.  6.]
 [ 6.  7.]
 [ 5.  6.]
 [-2.  3.]
 [-5.  2.]
 [ 6.  6.]
 [ 6.  7.]
 [ 5.  7.]
 [-3.  3.]
 [-5.  2.]
 [ 6.  6.]
 [ 7.  6.]
 [ 6.  7.]
 [-4.  3.]
 [-5.  1.]
 [ 6.  6.]
 [ 7.  6.]
 [ 7.  7.]
 [-5.  2.]
 [-5.  0.]
 [ 6.  6.]
 [ 6.  5.]
 [ 7.  6.]
 [-5.  1.]
 [-5. -1.]
 [ 6.  6.]
 [ 6.  5.]
 [ 7.  5.]
 [-5.  0.]
 [-5. -2.]
 [ 6.  6.]
 [ 5.  6.]
 [ 6.  5.]
 [-5. -1.]
 [-5. -3.]
 [ 6.  6.]
 [ 5.  6.]
 [ 5.  5.]
 [-5. -2.]
 [-5. -4.]
 [ 6.  6.]
 [ 6.  7.]
 [ 5.  6.]
 [-5. -3.]
 [-5. -5.]
 [ 6.  6.]
 [ 6.  7.]
 [ 5.  7.]
 [-5. -4.]
 [-5. -5.]
 [ 6.  6.]
 [ 7.  6.]
 [ 6.  7.]
 [-5. -4.]
 [-5. -5.]
 [ 6.  6.]
 [ 7.  6.]
 [ 7.  7.]
 [-5. -4.]
 [-5. -5.]
 [ 6.  6.]
 [ 7.  6.]
 [ 7.  7.]
 [-5. -4.]
 [-5. -5.]
 [ 6.  6.]
 [ 6.  5.]
 [ 7.  6.]
 [-5. -4.]]
