Maze:
##########################
#                        #
#                        #
#                        #
#                        #
#                        #
#     ##############     #
#     #            #     #
#     #            #     #
#     #           B#     #
#     #            #     #
#     #    C       #     #
#     #     A  D   #     #
#     #            #     #
#     #            #     #
#     #     S      #     #
#     #            #     #
#     #            #     #
#     #            #     #
#     ##############     #
#                        #
#                        #
#                        #
#                        #
#                        #
##########################
[[ 6.  9.]
 [ 6.  6.]
 [12.  3.]
 [ 5.  5.]
 [ 9.  6.]
 [ 6.  9.]
 [ 6.  6.]
 [12.  3.]
 [ 4.  4.]
 [ 9.  7.]
 [ 6.  9.]
 [ 6.  6.]
 [11.  3.]
 [ 4.  4.]
 [ 9.  8.]
 [ 6.  9.]
 [ 6.  6.]
 [10.  4.]
 [ 4.  4.]
 [ 8.  9.]
 [ 5.  9.]
 [ 6.  6.]
 [ 9.  5.]
 [ 4.  4.]
 [ 7.  9.]
 [ 4.  9.]
 [ 6.  6.]
 [ 8.  6.]
 [ 4.  4.]
 [ 6.  9.]
 [ 3.  9.]
 [ 6.  6.]
 [ 7.  6.]
 [ 5.  4.]
 [ 5.  9.]
 [ 2.  9.]
 [ 6.  6.]
 [ 7.  6.]
 [ 6.  5.]
 [ 4.  9.]
 [ 1.  9.]
 [ 6.  6.]
 [ 7.  6.]
 [ 7.  5.]
 [ 3.  9.]
 [ 0.  9.]
 [ 6.  6.]
 [ 6.  7.]
 [ 7.  6.]
 [ 2.  9.]
 [-1.  9.]
 [ 6.  6.]
 [ 6.  7.]
 [ 7.  7.]
 [ 1.  9.]
 [-2.  9.]
 [ 6.  6.]
 [ 5.  6.]
 [ 6.  7.]
 [ 0.  9.]
 [-3.  9.]
 [ 6.  6.]
 [ 5.  6.]
 [ 5.  7.]
 [-1.  9.]
 [-4.  9.]
 [ 6.  6.]
 [ 6.  5.]
 [ 5.  6.]
 [-2.  9.]
 [-5.  9.]
 [ 6.  6.]
 [ 6.  5.]
 [ 5.  5.]
 [-3.  9.]
 [-5.  9.]
 [ 6.  6.]
 [ 7.  6.]
 [ 6.  5.]
 [-4.  9.]
 [-5.  9.]
 [ 6.  6.]
 [ 7.  6.]
 [ 7.  5.]
 [-4.  9.]
 [-5.  9.]
 [ 6.  6.]
 [ 6.  7.]
 [ 7.  6.]
 [-4.  9.]
 [-5.  9.]
 [ 6.  6.]
 [ 6.  7.]
 [ 7.  7.]
 [-4.  9.]
 [-5.  9.]
 [ 6.  6.]
 [ 5.  6.]
 [ 6.  7.]
 [-4.  9.]
 [-5.  9.]
 [ 6.  6.]
 [ 5.  6.]
 [ 6.  7.]
 [-4.  9.]
 [-5.  9.]
 [ 6.  6.]
 [ 5.  6.]
 [ 5.  7.]
 [-4.  9.]]
