Maze:
##########################
#                        #
#                        #
#                        #
#                        #
#                        #
#     ##############     #
#     #  A         #     #
#     #            #     #
#     #            #     #
#     #            #     #
#     #            #     #
#     #     S      #     #
#     #         C  #     #
#     #            #     #
#     #       B    #     #
#     #            #     #
#     #           D#     #
#     #            #     #
#     ##############     #
#                        #
#                        #
#                        #
#                        #
#                        #
##########################
[[ 6.  6.]
 [ 3.  1.]
 [ 8.  9.]
 [10.  7.]
 [12. 11.]
 [ 6.  6.]
 [ 3.  1.]
 [ 7.  9.]
 [ 9.  8.]
 [13. 12.]
 [ 6.  6.]
 [ 3.  1.]
 [ 6.  9.]
 [ 8.  8.]
 [14. 12.]
 [ 6.  6.]
 [ 3.  1.]
 [ 5.  9.]
 [ 7.  8.]
 [14. 12.]
 [ 6.  6.]
 [ 3.  0.]
 [ 4.  9.]
 [ 6.  8.]
 [14. 12.]
 [ 6.  6.]
 [ 3.  0.]
 [ 3.  9.]
 [ 5.  8.]
 [14. 12.]
 [ 6.  6.]
 [ 3.  0.]
 [ 2.  9.]
 [ 4.  8.]
 [14. 12.]
 [ 6.  6.]
 [ 3.  0.]
 [ 1.  9.]
 [ 3.  8.]
 [14. 12.]
 [ 6.  6.]
 [ 3.  0.]
 [ 0.  9.]
 [ 2.  8.]
 [14. 12.]
 [ 6.  6.]
 [ 3.  0.]
 [-1.  9.]
 [ 1.  8.]
 [14. 12.]
 [ 6.  6.]
 [ 3.  0.]
 [-2.  9.]
 [ 0.  8.]
 [14. 12.]
 [ 6.  6.]
 [ 3.  0.]
 [-3.  9.]
 [-1.  8.]
 [14. 12.]
 [ 6.  6.]
 [ 3.  0.]
 [-4.  9.]
 [-2.  8.]
 [14. 12.]
 [ 6.  6.]
 [ 3.  0.]
 [-5.  9.]
 [-3.  8.]
 [14. 12.]
 [ 6.  6.]
 [ 3.  0.]
 [-5.  9.]
 [-4.  8.]
 [14. 12.]
 [ 6.  6.]
 [ 3.  0.]
 [-5. 10.]
 [-5.  9.]
 [14. 12.]
 [ 6.  6.]
 [ 3.  0.]
 [-5. 11.]
 [-5. 10.]
 [14. 12.]
 [ 6.  6.]
 [ 3.  0.]
 [-5. 12.]
 [-5. 11.]
 [14. 12.]
 [ 6.  6.]
 [ 3.  0.]
 [-5. 13.]
 [-5. 12.]
 [14. 12.]
 [ 6.  6.]
 [ 3.  0.]
 [-5. 14.]
 [-5. 13.]
 [14. 12.]
 [ 6.  6.]
 [ 3.  0.]
 [-5. 14.]
 [-5. 13.]
 [14. 12.]
 [ 6.  6.]
 [ 3.  0.]
 [-5. 15.]
 [-5. 14.]
 [14. 12.]]
