Maze:
##########################
#                        #
#                        #
#                        #
#                        #
#                        #
#     ##############     #
#     #            #     #
#     #     D      #     #
#     #            #     #
#     #    B       #     #
#     #            #     #
#     #     A   C  #     #
#     #            #     #
#     #            #     #
#     #            #     #
#     #            #     #
#     #            #     #
#     #           S#     #
#     ##############     #
#                        #
#                        #
#                        #
#                        #
#                        #
##########################
[[12. 12.]
 [ 6.  6.]
 [ 5.  4.]
 [10.  6.]
 [ 6.  2.]
 [12. 12.]
 [ 6.  6.]
 [ 5.  5.]
 [ 9.  6.]
 [ 6.  1.]
 [12. 12.]
 [ 6.  6.]
 [ 5.  5.]
 [ 8.  5.]
 [ 6.  0.]
 [12. 12.]
 [ 6.  6.]
 [ 5.  5.]
 [ 7.  4.]
 [ 6. -1.]
 [12. 12.]
 [ 6.  6.]
 [ 5.  5.]
 [ 6.  4.]
 [ 6. -2.]
 [12. 12.]
 [ 6.  6.]
 [ 5.  6.]
 [ 5.  5.]
 [ 6. -3.]
 [12. 12.]
 [ 6.  6.]
 [ 6.  7.]
 [ 5.  6.]
 [ 6. -3.]
 [12. 12.]
 [ 6.  6.]
 [ 6.  7.]
 [ 5.  7.]
 [ 6. -3.]
 [12. 12.]
 [ 6.  6.]
 [ 7.  6.]
 [ 6.  7.]
 [ 6. -3.]
 [12. 12.]
 [ 6.  6.]
 [ 7.  6.]
 [ 7.  7.]
 [ 6. -3.]
 [12. 12.]
 [ 6.  6.]
 [ 6.  5.]
 [ 7.  6.]
 [ 6. -3.]
 [12. 12.]
 [ 6.  6.]
 [ 6.  5.]
 [ 7.  5.]
 [ 6. -3.]
 [12. 12.]
 [ 6.  6.]
 [ 5.  6.]
 [ 6.  5.]
 [ 6. -3.]
 [12. 12.]
 [ 6.  6.]
 [ 5.  6.]
 [ 5.  5.]
 [ 6. -3.]
 [12. 12.]
 [ 6.  6.]
 [ 6.  7.]
 [ 5.  6.]
 [ 6. -3.]
 [12. 12.]
 [ 6.  6.]
 [ 6.  7.]
 [ 5.  7.]
 [ 6. -3.]
 [12. 12.]
 [ 6.  6.]
 [ 7.  6.]
 [ 6.  7.]
 [ 6. -3.]
 [12. 12.]
 [ 6.  6.]
 [ 7.  6.]
 [ 7.  7.]
 [ 6. -3.]
 [12. 12.]
 [ 6.  6.]
 [ 6.  5.]
 [ 7.  6.]
 [ 6. -3.]
 [12. 12.]
 [ 6.  6.]
 [ 6.  5.]
 [ 7.  5.]
 [ 6. -3.]
 [12. 12.]
 [ 6.  6.]
 [ 6.  5.]
 [ 7.  5.]
 [ 6. -3.]
 [12. 12.]
 [ 6.  6.]
 [ 5.  6.]
 [ 6.  5.]
 [ 6. -3.]]
