Maze:
##########################
#                        #
#                        #
#                        #
#                        #
#                        #
#     ##############     #
#     # C          #     #
#     #     B      #     #
#     #            #     #
#     #            #     #
#     #            #     #
#     #     S      #     #
#     #            #     #
#     #            #     #
#     #            #     #
#     #           A#     #
#     #            #     #
#     #  D         #     #
#     ##############     #
#                        #
#                        #
#                        #
#                        #
#                        #
##########################
[[ 6.  6.]
 [12. 10.]
 [ 6.  2.]
 [ 2.  1.]
 [ 3. 12.]
 [ 6.  6.]
 [12. 10.]
 [ 7.  3.]
 [ 3.  1.]
 [ 3. 12.]
 [ 6.  6.]
 [12. 10.]
 [ 7.  4.]
 [ 4.  2.]
 [ 3. 12.]
 [ 6.  6.]
 [12. 10.]
 [ 7.  5.]
 [ 5.  3.]
 [ 3. 12.]
 [ 6.  6.]
 [12. 10.]
 [ 7.  6.]
 [ 6.  4.]
 [ 3. 12.]
 [ 6.  6.]
 [12. 10.]
 [ 7.  6.]
 [ 6.  5.]
 [ 3. 12.]
 [ 6.  6.]
 [12. 10.]
 [ 6.  7.]
 [ 7.  6.]
 [ 3. 12.]
 [ 6.  6.]
 [13. 10.]
 [ 5.  6.]
 [ 6.  7.]
 [ 3. 12.]
 [ 6.  6.]
 [13. 10.]
 [ 6.  5.]
 [ 5.  6.]
 [ 3. 12.]
 [ 6.  6.]
 [13. 10.]
 [ 7.  6.]
 [ 6.  5.]
 [ 3. 12.]
 [ 6.  6.]
 [13. 10.]
 [ 6.  7.]
 [ 7.  6.]
 [ 3. 12.]
 [ 6.  6.]
 [13. 10.]
 [ 5.  6.]
 [ 6.  7.]
 [ 3. 12.]
 [ 6.  6.]
 [13. 10.]
 [ 6.  5.]
 [ 5.  6.]
 [ 3. 12.]
 [ 6.  6.]
 [13. 10.]
 [ 7.  6.]
 [ 6.  5.]
 [ 3. 12.]
 [ 6.  6.]
 [13. 10.]
 [ 6.  7.]
 [ 7.  6.]
 [ 3. 12.]
 [ 6.  6.]
 [13. 10.]
 [ 5.  6.]
 [ 6.  7.]
 [ 3. 12.]
 [ 6.  6.]
 [13. 10.]
 [ 6.  5.]
 [ 5.  6.]
 [ 3. 12.]
 [ 6.  6.]
 [13. 10.]
 [ 7.  6.]
 [ 6.  5.]
 [ 3. 12.]
 [ 6.  6.]
 [13. 10.]
 [ 6.  7.]
 [ 7.  6.]
 [ 3. 12.]
 [ 6.  6.]
 [13. 10.]
 [ 5.  6.]
 [ 6.  7.]
 [ 3. 12.]
 [ 6.  6.]
 [13. 10.]
 [ 5.  6.]
 [ 6.  7.]
 [ 3. 12.]
 [ 6.  6.]
 [13. 10.]
 [ 6.  5.]
 [ 5.  6.]
 [ 3. 12.]]
