Maze:
##########################
#                        #
#                        #
#                        #
#                        #
#                        #
#     ##############     #
#     #       S    #     #
#     #            #     #
#     # D          #     #
#     #            #     #
#     #        C   #     #
#     #     A      #     #
#     #            #     #
#     #            #     #
#     #      B     #     #
#     #            #     #
#     #            #     #
#     #            #     #
#     ##############     #
#                        #
#                        #
#                        #
#                        #
#                        #
##########################
[[ 8.  1.]
 [ 6.  6.]
 [ 7.  9.]
 [ 9.  5.]
 [ 2.  3.]
 [ 8.  1.]
 [ 6.  6.]
 [ 6.  8.]
 [ 9.  6.]
 [ 2.  2.]
 [ 8.  1.]
 [ 6.  6.]
 [ 6.  7.]
 [ 8.  7.]
 [ 2.  1.]
 [ 8.  1.]
 [ 6.  6.]
 [ 6.  7.]
 [ 7.  7.]
 [ 2.  1.]
 [ 8.  1.]
 [ 6.  6.]
 [ 5.  6.]
 [ 6.  7.]
 [ 2.  0.]
 [ 8.  1.]
 [ 6.  6.]
 [ 5.  6.]
 [ 5.  7.]
 [ 2. -1.]
 [ 8.  1.]
 [ 6.  6.]
 [ 6.  5.]
 [ 5.  6.]
 [ 2. -1.]
 [ 8.  1.]
 [ 6.  6.]
 [ 6.  5.]
 [ 5.  5.]
 [ 2. -1.]
 [ 8.  1.]
 [ 6.  6.]
 [ 7.  6.]
 [ 6.  5.]
 [ 2. -2.]
 [ 8.  1.]
 [ 6.  6.]
 [ 7.  6.]
 [ 7.  5.]
 [ 2. -2.]
 [ 8.  1.]
 [ 6.  6.]
 [ 6.  7.]
 [ 7.  6.]
 [ 2. -2.]
 [ 8.  1.]
 [ 6.  6.]
 [ 6.  7.]
 [ 7.  7.]
 [ 2. -2.]
 [ 8.  1.]
 [ 6.  6.]
 [ 5.  6.]
 [ 6.  7.]
 [ 2. -2.]
 [ 8.  1.]
 [ 6.  6.]
 [ 5.  6.]
 [ 5.  7.]
 [ 2. -2.]
 [ 8.  1.]
 [ 6.  6.]
 [ 6.  5.]
 [ 5.  6.]
 [ 2. -2.]
 [ 8.  1.]
 [ 6.  6.]
 [ 6.  5.]
 [ 5.  5.]
 [ 2. -2.]
 [ 8.  1.]
 [ 6.  6.]
 [ 7.  6.]
 [ 6.  5.]
 [ 2. -2.]
 [ 8.  1.]
 [ 6.  6.]
 [ 7.  6.]
 [ 7.  5.]
 [ 2. -2.]
 [ 8.  1.]
 [ 6.  6.]
 [ 6.  7.]
 [ 7.  6.]
 [ 2. -2.]
 [ 8.  1.]
 [ 6.  6.]
 [ 6.  7.]
 [ 7.  7.]
 [ 2. -2.]
 [ 8.  1.]
 [ 6.  6.]
 [ 6.  7.]
 [ 7.  7.]
 [ 2. -2.]
 [ 8.  1.]
 [ 6.  6.]
 [ 5.  6.]
 [ 6.  7.]
 [ 2. -2.]]
