Maze:
##########################
#                        #
#                        #
#                        #
#                        #
#                        #
#     ##############     #
#     #      C     #     #
#     #            #     #
#     #   S        #     #
#     #           B#     #
#     #  A         #     #
#     #     D      #     #
#     #            #     #
#     #            #     #
#     #            #     #
#     #            #     #
#     #            #     #
#     #            #     #
#     ##############     #
#                        #
#                        #
#                        #
#                        #
#                        #
##########################
[[ 4.  3.]
 [ 3.  5.]
 [12.  4.]
 [ 7.  1.]
 [ 6.  6.]
 [ 3.  4.]
 [ 2.  6.]
 [12.  4.]
 [ 8.  2.]
 [ 6.  6.]
 [ 2.  5.]
 [ 1.  7.]
 [12.  4.]
 [ 9.  3.]
 [ 6.  6.]
 [ 1.  6.]
 [ 0.  8.]
 [13.  4.]
 [10.  3.]
 [ 6.  6.]
 [ 0.  7.]
 [-1.  9.]
 [14.  4.]
 [11.  3.]
 [ 6.  6.]
 [-1.  8.]
 [-2. 10.]
 [15.  4.]
 [12.  3.]
 [ 6.  6.]
 [-2.  9.]
 [-2. 11.]
 [16.  4.]
 [13.  3.]
 [ 6.  6.]
 [-2. 10.]
 [-2. 12.]
 [17.  4.]
 [14.  3.]
 [ 6.  6.]
 [-2. 11.]
 [-2. 13.]
 [17.  4.]
 [15.  3.]
 [ 6.  6.]
 [-2. 12.]
 [-2. 14.]
 [17.  4.]
 [16.  3.]
 [ 6.  6.]
 [-2. 13.]
 [-2. 15.]
 [17.  5.]
 [17.  4.]
 [ 6.  6.]
 [-2. 14.]
 [-2. 16.]
 [17.  6.]
 [17.  5.]
 [ 6.  6.]
 [-2. 15.]
 [-2. 17.]
 [17.  7.]
 [17.  6.]
 [ 6.  6.]
 [-2. 16.]
 [-2. 17.]
 [17.  8.]
 [17.  7.]
 [ 6.  6.]
 [-2. 16.]
 [-2. 17.]
 [17.  9.]
 [17.  8.]
 [ 6.  6.]
 [-2. 16.]
 [-2. 17.]
 [17. 10.]
 [17.  9.]
 [ 6.  6.]
 [-2. 16.]
 [-2. 17.]
 [17. 11.]
 [17. 10.]
 [ 6.  6.]
 [-2. 16.]
 [-2. 17.]
 [17. 12.]
 [17. 11.]
 [ 6.  6.]
 [-2. 16.]
 [-2. 17.]
 [17. 13.]
 [17. 12.]
 [ 6.  6.]
 [-2. 16.]
 [-2. 17.]
 [17. 14.]
 [17. 13.]
 [ 6.  6.]
 [-2. 16.]
 [-2. 17.]
 [17. 14.]
 [17. 13.]
 [ 6.  6.]
 [-2. 16.]
 [-2. 17.]
 [17. 15.]
 [17. 14.]
 [ 6.  6.]]
