Maze:
##########################
#                        #
#                        #
#                        #
#                        #
#                        #
#     ##############     #
#     #     B      #     #
#     #            #     #
#     #            #     #
#     #            #     #
#     #            #     #
#     #     C D    #     #
#     #            #     #
#     #            #     #
#     #            #     #
#     #            #     #
#     #      A     #     #
#     #          S #     #
#     ##############     #
#                        #
#                        #
#                        #
#                        #
#                        #
##########################
[[11. 12.]
 [ 7. 11.]
 [ 6.  1.]
 [ 6.  6.]
 [ 8.  6.]
 [11. 12.]
 [ 7. 12.]
 [ 6.  1.]
 [ 6.  6.]
 [ 9.  6.]
 [11. 12.]
 [ 7. 13.]
 [ 6.  1.]
 [ 6.  6.]
 [10.  6.]
 [11. 12.]
 [ 7. 13.]
 [ 6.  1.]
 [ 6.  6.]
 [11.  6.]
 [11. 12.]
 [ 7. 13.]
 [ 6.  1.]
 [ 6.  6.]
 [12.  7.]
 [11. 12.]
 [ 7. 13.]
 [ 6.  1.]
 [ 6.  6.]
 [13.  8.]
 [11. 12.]
 [ 7. 13.]
 [ 6.  1.]
 [ 6.  6.]
 [13.  9.]
 [10. 13.]
 [ 7. 13.]
 [ 6.  1.]
 [ 6.  6.]
 [13. 10.]
 [ 9. 13.]
 [ 6. 13.]
 [ 6.  1.]
 [ 6.  6.]
 [13. 11.]
 [ 8. 13.]
 [ 5. 13.]
 [ 6.  1.]
 [ 6.  6.]
 [13. 12.]
 [ 7. 13.]
 [ 4. 13.]
 [ 6.  1.]
 [ 6.  6.]
 [13. 12.]
 [ 6. 13.]
 [ 3. 13.]
 [ 6.  1.]
 [ 6.  6.]
 [13. 12.]
 [ 5. 13.]
 [ 2. 13.]
 [ 6.  1.]
 [ 6.  6.]
 [13. 12.]
 [ 4. 13.]
 [ 1. 13.]
 [ 6.  1.]
 [ 6.  6.]
 [13. 12.]
 [ 3. 13.]
 [ 0. 13.]
 [ 6.  1.]
 [ 6.  6.]
 [13. 12.]
 [ 2. 13.]
 [-1. 13.]
 [ 6.  1.]
 [ 6.  6.]
 [13. 12.]
 [ 1. 13.]
 [-2. 13.]
 [ 6.  0.]
 [ 6.  6.]
 [13. 12.]
 [ 0. 13.]
 [-3. 13.]
 [ 6.  0.]
 [ 6.  6.]
 [13. 12.]
 [-1. 13.]
 [-4. 13.]
 [ 6.  0.]
 [ 6.  6.]
 [13. 12.]
 [-2. 13.]
 [-5. 13.]
 [ 6.  0.]
 [ 6.  6.]
 [13. 12.]
 [-2. 13.]
 [-5. 13.]
 [ 6.  0.]
 [ 6.  6.]
 [13. 12.]
 [-3. 13.]
 [-5. 13.]
 [ 6.  0.]
 [ 6.  6.]
 [13. 12.]]
