Maze:
##########################
#                        #
#                        #
#                        #
#                        #
#                        #
#     ##############     #
#     #           B#     #
#     #            #     #
#     #          D #     #
#     #    S       #     #
#     #            #     #
#     #     A      #     #
#     #            #     #
#     #            #     #
#     #      C     #     #
#     #            #     #
#     #            #     #
#     #            #     #
#     ##############     #
#                        #
#                        #
#                        #
#                        #
#                        #
##########################
[[ 5.  4.]
 [ 6.  6.]
 [12.  1.]
 [ 7.  9.]
 [11.  3.]
 [ 5.  5.]
 [ 6.  6.]
 [11.  2.]
 [ 7.  9.]
 [10.  4.]
 [ 5.  5.]
 [ 6.  6.]
 [10.  3.]
 [ 7.  9.]
 [ 9.  5.]
 [ 5.  5.]
 [ 6.  6.]
 [ 9.  4.]
 [ 8.  9.]
 [ 8.  6.]
 [ 5.  5.]
 [ 6.  6.]
 [ 8.  4.]
 [ 8.  8.]
 [ 7.  6.]
 [ 5.  5.]
 [ 6.  6.]
 [ 7.  4.]
 [ 8.  7.]
 [ 6.  5.]
 [ 4.  5.]
 [ 6.  6.]
 [ 6.  5.]
 [ 8.  6.]
 [ 5.  5.]
 [ 3.  5.]
 [ 6.  6.]
 [ 6.  5.]
 [ 7.  5.]
 [ 4.  5.]
 [ 2.  5.]
 [ 6.  6.]
 [ 5.  6.]
 [ 6.  5.]
 [ 3.  5.]
 [ 1.  5.]
 [ 6.  6.]
 [ 5.  6.]
 [ 5.  5.]
 [ 2.  5.]
 [ 0.  5.]
 [ 6.  6.]
 [ 6.  7.]
 [ 5.  6.]
 [ 1.  5.]
 [-1.  5.]
 [ 6.  6.]
 [ 6.  7.]
 [ 5.  7.]
 [ 0.  5.]
 [-2.  5.]
 [ 6.  6.]
 [ 7.  6.]
 [ 6.  7.]
 [-1.  5.]
 [-3.  5.]
 [ 6.  6.]
 [ 7.  6.]
 [ 7.  7.]
 [-2.  5.]
 [-4.  5.]
 [ 6.  6.]
 [ 6.  5.]
 [ 7.  6.]
 [-3.  5.]
 [-5.  5.]
 [ 6.  6.]
 [ 6.  5.]
 [ 7.  5.]
 [-4.  5.]
 [-5.  5.]
 [ 6.  6.]
 [ 5.  6.]
 [ 6.  5.]
 [-4.  5.]
 [-5.  5.]
 [ 6.  6.]
 [ 5.  6.]
 [ 5.  5.]
 [-4.  5.]
 [-5.  5.]
 [ 6.  6.]
 [ 6.  7.]
 [ 5.  6.]
 [-4.  5.]
 [-5.  5.]
 [ 6.  6.]
 [ 6.  7.]
 [ 5.  7.]
 [-4.  5.]
 [-5.  5.]
 [ 6.  6.]
 [ 6.  7.]
 [ 5.  7.]
 [-4.  5.]
 [-5.  5.]
 [ 6.  6.]
 [ 7.  6.]
 [ 6.  7.]
 [-4.  5.]]
