Maze:
##########################
#                        #
#                        #
#                        #
#                        #
#                        #
#     ##############     #
#     #            #     #
#     #            #     #
#     #            #     #
#     #         S  #     #
#     #            #     #
#     #   C D      #     #
#     #            #     #
#     #            #     #
#     # B          #     #
#     #            #     #
#     #            #     #
#     #      A     #     #
#     ##############     #
#                        #
#                        #
#                        #
#                        #
#                        #
##########################
[[10.  4.]
 [ 7. 12.]
 [ 2.  9.]
 [ 4.  6.]
 [ 6.  6.]
 [10.  4.]
 [ 7. 13.]
 [ 2. 10.]
 [ 5.  7.]
 [ 6.  6.]
 [11.  4.]
 [ 7. 14.]
 [ 2. 11.]
 [ 5.  7.]
 [ 6.  6.]
 [11.  4.]
 [ 7. 14.]
 [ 2. 12.]
 [ 5.  7.]
 [ 6.  6.]
 [11.  4.]
 [ 7. 14.]
 [ 3. 13.]
 [ 5.  7.]
 [ 6.  6.]
 [11.  4.]
 [ 8. 14.]
 [ 4. 13.]
 [ 5.  7.]
 [ 6.  6.]
 [11.  4.]
 [ 9. 14.]
 [ 5. 13.]
 [ 5.  7.]
 [ 6.  6.]
 [11.  4.]
 [10. 14.]
 [ 6. 13.]
 [ 5.  7.]
 [ 6.  6.]
 [11.  4.]
 [11. 14.]
 [ 7. 13.]
 [ 5.  7.]
 [ 6.  6.]
 [11.  4.]
 [12. 14.]
 [ 8. 13.]
 [ 5.  7.]
 [ 6.  6.]
 [11.  4.]
 [13. 14.]
 [ 9. 13.]
 [ 5.  7.]
 [ 6.  6.]
 [11.  4.]
 [14. 14.]
 [10. 13.]
 [ 5.  7.]
 [ 6.  6.]
 [11.  4.]
 [15. 14.]
 [11. 13.]
 [ 5.  7.]
 [ 6.  6.]
 [11.  4.]
 [16. 14.]
 [12. 13.]
 [ 5.  7.]
 [ 6.  6.]
 [11.  4.]
 [17. 14.]
 [13. 13.]
 [ 5.  7.]
 [ 6.  6.]
 [12.  4.]
 [17. 14.]
 [14. 13.]
 [ 5.  7.]
 [ 6.  6.]
 [12.  4.]
 [17. 14.]
 [15. 13.]
 [ 5.  7.]
 [ 6.  6.]
 [12.  4.]
 [17. 14.]
 [16. 13.]
 [ 5.  7.]
 [ 6.  6.]
 [12.  4.]
 [17. 15.]
 [17. 14.]
 [ 5.  7.]
 [ 6.  6.]
 [12.  4.]
 [17. 16.]
 [17. 15.]
 [ 5.  7.]
 [ 6.  6.]
 [12.  4.]
 [17. 16.]
 [17. 15.]
 [ 5.  7.]
 [ 6.  6.]
 [12.  4.]
 [17. 17.]
 [17. 16.]
 [ 5.  7.]
 [ 6.  6.]]
