Maze:
##########################
#                        #
#                        #
#                        #
#                        #
#                        #
#     ##############     #
#     # S          #     #
#     #  A         #     #
#     #            #     #
#     #        C   #     #
#     #            #     #
#     #     D      #     #
#     #            #     #
#     #            #     #
#     #            #     #
#     #            #     #
#     #            #     #
#     #     B      #     #
#     ##############     #
#                        #
#                        #
#                        #
#                        #
#                        #
##########################
[[ 2.  1.]
 [ 3.  2.]
 [ 6. 12.]
 [ 9.  4.]
 [ 6.  6.]
 [ 3.  2.]
 [ 4.  3.]
 [ 6. 12.]
 [ 8.  5.]
 [ 6.  6.]
 [ 4.  3.]
 [ 5.  4.]
 [ 6. 12.]
 [ 7.  6.]
 [ 6.  6.]
 [ 5.  4.]
 [ 6.  5.]
 [ 6. 12.]
 [ 7.  6.]
 [ 6.  6.]
 [ 5.  4.]
 [ 6.  4.]
 [ 6. 12.]
 [ 7.  6.]
 [ 6.  6.]
 [ 6.  4.]
 [ 7.  4.]
 [ 6. 12.]
 [ 7.  6.]
 [ 6.  6.]
 [ 7.  3.]
 [ 8.  4.]
 [ 6. 12.]
 [ 7.  6.]
 [ 6.  6.]
 [ 8.  3.]
 [ 9.  4.]
 [ 6. 12.]
 [ 7.  6.]
 [ 6.  6.]
 [ 9.  3.]
 [10.  4.]
 [ 6. 12.]
 [ 7.  6.]
 [ 6.  6.]
 [10.  3.]
 [11.  4.]
 [ 6. 12.]
 [ 7.  6.]
 [ 6.  6.]
 [11.  3.]
 [12.  5.]
 [ 6. 12.]
 [ 7.  6.]
 [ 6.  6.]
 [12.  4.]
 [13.  6.]
 [ 6. 12.]
 [ 7.  6.]
 [ 6.  6.]
 [13.  5.]
 [14.  7.]
 [ 6. 12.]
 [ 7.  6.]
 [ 6.  6.]
 [14.  6.]
 [15.  8.]
 [ 6. 12.]
 [ 7.  6.]
 [ 6.  6.]
 [15.  7.]
 [16.  9.]
 [ 6. 12.]
 [ 7.  6.]
 [ 6.  6.]
 [16.  8.]
 [17. 10.]
 [ 6. 12.]
 [ 7.  6.]
 [ 6.  6.]
 [17.  9.]
 [17. 11.]
 [ 6. 12.]
 [ 7.  6.]
 [ 6.  6.]
 [17. 10.]
 [17. 12.]
 [ 6. 12.]
 [ 7.  6.]
 [ 6.  6.]
 [17. 11.]
 [17. 13.]
 [ 6. 12.]
 [ 7.  6.]
 [ 6.  6.]
 [17. 12.]
 [17. 14.]
 [ 6. 12.]
 [ 7.  6.]
 [ 6.  6.]
 [17. 12.]
 [17. 14.]
 [ 6. 12.]
 [ 7.  6.]
 [ 6.  6.]
 [17. 13.]
 [17. 15.]
 [ 6. 12.]
 [ 7.  6.]
 [ 6.  6.]]
