Maze:
##########################
#                        #
#                        #
#                        #
#                        #
#                        #
#     ##############     #
#     #            #     #
#     #       A    #     #
#     #            #     #
#     #        S   #     #
#     #            #     #
#     #     D    C #     #
#     #   B        #     #
#     #            #     #
#     #            #     #
#     #            #     #
#     #            #     #
#     #            #     #
#     ##############     #
#                        #
#                        #
#                        #
#                        #
#                        #
##########################
[[ 9.  4.]
 [ 8.  2.]
 [ 4.  7.]
 [11.  6.]
 [ 6.  6.]
 [ 8.  3.]
 [ 8.  1.]
 [ 5.  6.]
 [10.  6.]
 [ 6.  6.]
 [ 8.  2.]
 [ 8.  0.]
 [ 6.  5.]
 [ 9.  6.]
 [ 6.  6.]
 [ 8.  1.]
 [ 8. -1.]
 [ 5.  4.]
 [ 8.  6.]
 [ 6.  6.]
 [ 8.  0.]
 [ 8. -2.]
 [ 5.  3.]
 [ 7.  6.]
 [ 6.  6.]
 [ 8. -1.]
 [ 8. -3.]
 [ 5.  2.]
 [ 7.  6.]
 [ 6.  6.]
 [ 8. -2.]
 [ 8. -4.]
 [ 5.  1.]
 [ 7.  6.]
 [ 6.  6.]
 [ 8. -3.]
 [ 8. -5.]
 [ 5.  0.]
 [ 7.  6.]
 [ 6.  6.]
 [ 8. -4.]
 [ 8. -5.]
 [ 5. -1.]
 [ 7.  6.]
 [ 6.  6.]
 [ 8. -4.]
 [ 8. -5.]
 [ 6. -2.]
 [ 7.  6.]
 [ 6.  6.]
 [ 8. -4.]
 [ 8. -5.]
 [ 7. -3.]
 [ 7.  6.]
 [ 6.  6.]
 [ 7. -5.]
 [ 8. -5.]
 [ 8. -4.]
 [ 7.  6.]
 [ 6.  6.]
 [ 7. -5.]
 [ 9. -5.]
 [ 8. -4.]
 [ 7.  6.]
 [ 6.  6.]
 [ 8. -4.]
 [10. -5.]
 [ 8. -5.]
 [ 7.  6.]
 [ 6.  6.]
 [ 8. -5.]
 [11. -5.]
 [ 8. -4.]
 [ 7.  6.]
 [ 6.  6.]
 [ 8. -4.]
 [12. -5.]
 [ 8. -5.]
 [ 7.  6.]
 [ 6.  6.]
 [ 8. -5.]
 [13. -5.]
 [ 8. -4.]
 [ 7.  6.]
 [ 6.  6.]
 [ 8. -4.]
 [14. -5.]
 [ 8. -5.]
 [ 7.  6.]
 [ 6.  6.]
 [ 8. -5.]
 [14. -5.]
 [ 8. -4.]
 [ 7.  6.]
 [ 6.  6.]
 [ 8. -4.]
 [14. -5.]
 [ 8. -5.]
 [ 7.  6.]
 [ 6.  6.]]
