Maze:
##########################
#                        #
#                        #
#                        #
#                        #
#                        #
#     ##############     #
#     #            #     #
#     #   C        #     #
#     #            #     #
#     #            #     #
#     #         B  #     #
#     #     S      #     #
#     #            #     #
#     #            #     #
#     #            #     #
#     # D          #     #
#     #     A      #     #
#     #            #     #
#     ##############     #
#                        #
#                        #
#                        #
#                        #
#                        #
##########################
[[ 6.  6.]
 [ 6. 11.]
 [10.  5.]
 [ 4.  2.]
 [ 2. 10.]
 [ 6.  6.]
 [ 6. 12.]
 [ 9.  6.]
 [ 4.  2.]
 [ 2. 10.]
 [ 6.  6.]
 [ 6. 13.]
 [ 8.  6.]
 [ 4.  3.]
 [ 2. 10.]
 [ 6.  6.]
 [ 6. 14.]
 [ 7.  6.]
 [ 5.  4.]
 [ 2. 10.]
 [ 6.  6.]
 [ 6. 14.]
 [ 7.  6.]
 [ 6.  5.]
 [ 2. 10.]
 [ 6.  6.]
 [ 6. 14.]
 [ 6.  7.]
 [ 7.  6.]
 [ 2. 10.]
 [ 6.  6.]
 [ 6. 15.]
 [ 5.  6.]
 [ 6.  7.]
 [ 1. 10.]
 [ 6.  6.]
 [ 6. 15.]
 [ 6.  5.]
 [ 5.  6.]
 [ 0. 10.]
 [ 6.  6.]
 [ 6. 15.]
 [ 7.  6.]
 [ 6.  5.]
 [ 0. 10.]
 [ 6.  6.]
 [ 6. 15.]
 [ 6.  7.]
 [ 7.  6.]
 [ 0. 10.]
 [ 6.  6.]
 [ 6. 15.]
 [ 5.  6.]
 [ 6.  7.]
 [ 0. 10.]
 [ 6.  6.]
 [ 6. 15.]
 [ 6.  5.]
 [ 5.  6.]
 [ 0. 10.]
 [ 6.  6.]
 [ 6. 15.]
 [ 7.  6.]
 [ 6.  5.]
 [ 0. 10.]
 [ 6.  6.]
 [ 6. 15.]
 [ 6.  7.]
 [ 7.  6.]
 [ 0. 10.]
 [ 6.  6.]
 [ 6. 15.]
 [ 5.  6.]
 [ 6.  7.]
 [ 0. 10.]
 [ 6.  6.]
 [ 6. 15.]
 [ 6.  5.]
 [ 5.  6.]
 [ 0. 10.]
 [ 6.  6.]
 [ 6. 15.]
 [ 7.  6.]
 [ 6.  5.]
 [ 0. 10.]
 [ 6.  6.]
 [ 6. 15.]
 [ 6.  7.]
 [ 7.  6.]
 [ 0. 10.]
 [ 6.  6.]
 [ 6. 15.]
 [ 5.  6.]
 [ 6.  7.]
 [ 0. 10.]
 [ 6.  6.]
 [ 6. 15.]
 [ 6.  5.]
 [ 5.  6.]
 [ 0. 10.]
 [ 6.  6.]
 [ 6. 15.]
 [ 6.  5.]
 [ 5.  6.]
 [ 0. 10.]
 [ 6.  6.]
 [ 6. 15.]
 [ 7.  6.]
 [ 6.  5.]
 [ 0. 10.]]
