Maze:
##########################
#                        #
#                        #
#                        #
#                        #
#                        #
#     ##############     #
#     #            #     #
#     #            #     #
#     #         S  #     #
#     #            #     #
#     #     B      #     #
#     # A   D      #     #
#     #            #     #
#     #      C     #     #
#     #            #     #
#     #            #     #
#     #            #     #
#     #            #     #
#     ##############     #
#                        #
#                        #
#                        #
#                        #
#                        #
##########################
[[10.  3.]
 [ 2.  6.]
 [ 6.  5.]
 [ 7.  8.]
 [ 6.  6.]
 [10.  3.]
 [ 1.  6.]
 [ 5.  5.]
 [ 7.  7.]
 [ 6.  6.]
 [10.  3.]
 [ 0.  6.]
 [ 4.  5.]
 [ 7.  7.]
 [ 6.  6.]
 [10.  3.]
 [-1.  6.]
 [ 3.  5.]
 [ 7.  7.]
 [ 6.  6.]
 [10.  3.]
 [-2.  6.]
 [ 2.  5.]
 [ 7.  7.]
 [ 6.  6.]
 [10.  2.]
 [-3.  6.]
 [ 1.  5.]
 [ 7.  7.]
 [ 6.  6.]
 [10.  2.]
 [-4.  6.]
 [ 0.  5.]
 [ 7.  7.]
 [ 6.  6.]
 [10.  2.]
 [-5.  6.]
 [-1.  5.]
 [ 7.  7.]
 [ 6.  6.]
 [10.  2.]
 [-5.  6.]
 [-2.  5.]
 [ 7.  7.]
 [ 6.  6.]
 [10.  2.]
 [-5.  6.]
 [-3.  5.]
 [ 7.  7.]
 [ 6.  6.]
 [10.  2.]
 [-5.  6.]
 [-4.  5.]
 [ 7.  7.]
 [ 6.  6.]
 [10.  2.]
 [-5.  7.]
 [-5.  6.]
 [ 7.  7.]
 [ 6.  6.]
 [10.  2.]
 [-5.  8.]
 [-5.  7.]
 [ 7.  7.]
 [ 6.  6.]
 [10.  2.]
 [-5.  9.]
 [-5.  8.]
 [ 7.  7.]
 [ 6.  6.]
 [10.  2.]
 [-5. 10.]
 [-5.  9.]
 [ 7.  7.]
 [ 6.  6.]
 [10.  2.]
 [-5. 11.]
 [-5. 10.]
 [ 7.  7.]
 [ 6.  6.]
 [10.  2.]
 [-5. 12.]
 [-5. 11.]
 [ 7.  7.]
 [ 6.  6.]
 [10.  2.]
 [-5. 13.]
 [-5. 12.]
 [ 7.  7.]
 [ 6.  6.]
 [10.  2.]
 [-5. 14.]
 [-5. 13.]
 [ 7.  7.]
 [ 6.  6.]
 [10.  2.]
 [-5. 15.]
 [-5. 14.]
 [ 7.  7.]
 [ 6.  6.]
 [10.  2.]
 [-5. 15.]
 [-5. 14.]
 [ 7.  7.]
 [ 6.  6.]
 [10.  2.]
 [-5. 16.]
 [-5. 15.]
 [ 7.  7.]
 [ 6.  6.]]
