Maze:
##########################
#                        #
#                        #
#                        #
#                        #
#                        #
#     ##############     #
#     #C           #     #
#     #            #     #
#     #            #     #
#     #            #     #
#     #            #     #
#     #     A     S#     #
#     #            #     #
#     #            #     #
#     #            #     #
#     #     D      #     #
#     #    B       #     #
#     #            #     #
#     ##############     #
#                        #
#                        #
#                        #
#                        #
#                        #
##########################
[[12.  6.]
 [ 6.  6.]
 [ 5. 11.]
 [ 1.  1.]
 [ 6. 10.]
 [12.  6.]
 [ 6.  6.]
 [ 6. 10.]
 [ 1.  1.]
 [ 7.  9.]
 [12.  6.]
 [ 6.  6.]
 [ 6.  9.]
 [ 1.  1.]
 [ 8.  8.]
 [12.  6.]
 [ 6.  6.]
 [ 6.  8.]
 [ 1.  1.]
 [ 9.  8.]
 [12.  6.]
 [ 6.  6.]
 [ 6.  7.]
 [ 1.  1.]
 [10.  8.]
 [12.  5.]
 [ 6.  6.]
 [ 6.  7.]
 [ 1.  1.]
 [11.  8.]
 [12.  4.]
 [ 6.  6.]
 [ 6.  7.]
 [ 1.  1.]
 [12.  7.]
 [12.  3.]
 [ 6.  6.]
 [ 6.  7.]
 [ 1.  1.]
 [12.  6.]
 [12.  2.]
 [ 6.  6.]
 [ 6.  7.]
 [ 1.  1.]
 [12.  5.]
 [12.  1.]
 [ 6.  6.]
 [ 6.  7.]
 [ 1.  1.]
 [12.  4.]
 [12.  0.]
 [ 6.  6.]
 [ 6.  7.]
 [ 1.  1.]
 [12.  3.]
 [12. -1.]
 [ 6.  6.]
 [ 6.  7.]
 [ 1.  1.]
 [12.  2.]
 [12. -2.]
 [ 6.  6.]
 [ 6.  7.]
 [ 1.  1.]
 [12.  1.]
 [12. -3.]
 [ 6.  6.]
 [ 6.  7.]
 [ 1.  1.]
 [12.  0.]
 [12. -4.]
 [ 6.  6.]
 [ 6.  7.]
 [ 1.  1.]
 [12. -1.]
 [12. -5.]
 [ 6.  6.]
 [ 6.  7.]
 [ 1.  1.]
 [12. -2.]
 [12. -5.]
 [ 6.  6.]
 [ 6.  7.]
 [ 1.  1.]
 [12. -3.]
 [12. -5.]
 [ 6.  6.]
 [ 6.  7.]
 [ 1.  1.]
 [12. -4.]
 [12. -5.]
 [ 6.  6.]
 [ 6.  7.]
 [ 1.  1.]
 [12. -4.]]
