Maze:
##########################
#                        #
#                        #
#                        #
#                        #
#                        #
#     ##############     #
#     # S          #     #
#     #            #     #
#     #            #     #
#     #            #     #
#     #            #     #
#     #A    C      #     #
#     #            #     #
#     #    D       #     #
#     #   B        #     #
#     #            #     #
#     #            #     #
#     #            #     #
#     ##############     #
#                        #
#                        #
#                        #
#                        #
#                        #
##########################
[[ 2.  1.]
 [ 1.  6.]
 [ 4.  9.]
 [ 6.  6.]
 [ 5.  8.]
 [ 2.  1.]
 [ 0.  6.]
 [ 3.  8.]
 [ 6.  6.]
 [ 6.  8.]
 [ 2.  1.]
 [-1.  6.]
 [ 2.  8.]
 [ 6.  6.]
 [ 6.  9.]
 [ 2.  1.]
 [-2.  6.]
 [ 1.  8.]
 [ 6.  6.]
 [ 6. 10.]
 [ 2.  1.]
 [-3.  6.]
 [ 0.  8.]
 [ 6.  6.]
 [ 6. 11.]
 [ 2.  1.]
 [-4.  6.]
 [-1.  7.]
 [ 6.  6.]
 [ 6. 12.]
 [ 2.  1.]
 [-5.  6.]
 [-2.  7.]
 [ 6.  6.]
 [ 6. 13.]
 [ 2.  1.]
 [-5.  6.]
 [-3.  7.]
 [ 6.  6.]
 [ 6. 13.]
 [ 2.  1.]
 [-5.  6.]
 [-4.  7.]
 [ 6.  6.]
 [ 6. 13.]
 [ 2.  1.]
 [-5.  5.]
 [-5.  6.]
 [ 6.  6.]
 [ 6. 13.]
 [ 2.  1.]
 [-5.  4.]
 [-5.  5.]
 [ 6.  6.]
 [ 6. 13.]
 [ 2.  1.]
 [-5.  3.]
 [-5.  4.]
 [ 6.  6.]
 [ 6. 13.]
 [ 2.  1.]
 [-5.  2.]
 [-5.  3.]
 [ 6.  6.]
 [ 6. 13.]
 [ 2.  1.]
 [-5.  1.]
 [-5.  2.]
 [ 6.  6.]
 [ 6. 13.]
 [ 2.  1.]
 [-5.  0.]
 [-5.  1.]
 [ 6.  6.]
 [ 6. 13.]
 [ 2.  1.]
 [-5. -1.]
 [-5.  0.]
 [ 6.  6.]
 [ 6. 13.]
 [ 2.  1.]
 [-5. -2.]
 [-5. -1.]
 [ 6.  6.]
 [ 6. 13.]
 [ 2.  1.]
 [-5. -3.]
 [-5. -2.]
 [ 6.  6.]
 [ 6. 13.]
 [ 2.  1.]
 [-5. -4.]
 [-5. -3.]
 [ 6.  6.]
 [ 6. 13.]
 [ 2.  1.]
 [-5. -5.]
 [-5. -4.]
 [ 6.  6.]
 [ 6. 13.]
 [ 2.  1.]
 [-5. -5.]
 [-5. -4.]
 [ 6.  6.]
 [ 6. 13.]]
