Maze:
##########################
#                        #
#                        #
#                        #
#                        #
#                        #
#     ##############     #
#     #            #     #
#     #            #     #
#     #            #     #
#     #            #     #
#     #            #     #
#     #     D      #     #
#     #        B   #     #
#     #      S     #     #
#     #            #     #
#     #       A    #     #
#     #            #     #
#     #           C#     #
#     ##############     #
#                        #
#                        #
#                        #
#                        #
#                        #
##########################
[[ 7.  8.]
 [ 8. 10.]
 [ 9.  7.]
 [12. 12.]
 [ 6.  6.]
 [ 8.  9.]
 [ 8. 11.]
 [ 8.  8.]
 [12. 11.]
 [ 6.  6.]
 [ 8.  8.]
 [ 8. 12.]
 [ 8.  9.]
 [11. 10.]
 [ 6.  6.]
 [ 8.  9.]
 [ 8. 13.]
 [ 8.  8.]
 [10.  9.]
 [ 6.  6.]
 [ 8.  8.]
 [ 8. 14.]
 [ 8.  9.]
 [ 9.  9.]
 [ 6.  6.]
 [ 7.  9.]
 [ 8. 15.]
 [ 7.  8.]
 [ 8.  9.]
 [ 6.  6.]
 [ 6.  8.]
 [ 8. 16.]
 [ 6.  9.]
 [ 7.  8.]
 [ 6.  6.]
 [ 5.  9.]
 [ 8. 16.]
 [ 5.  8.]
 [ 6.  8.]
 [ 6.  6.]
 [ 4.  8.]
 [ 8. 16.]
 [ 4.  9.]
 [ 5.  8.]
 [ 6.  6.]
 [ 3.  9.]
 [ 8. 16.]
 [ 3.  8.]
 [ 4.  9.]
 [ 6.  6.]
 [ 2.  8.]
 [ 8. 16.]
 [ 2.  9.]
 [ 3.  8.]
 [ 6.  6.]
 [ 1.  9.]
 [ 8. 16.]
 [ 1.  8.]
 [ 2.  9.]
 [ 6.  6.]
 [ 0.  8.]
 [ 8. 16.]
 [ 0.  9.]
 [ 1.  8.]
 [ 6.  6.]
 [-1.  9.]
 [ 8. 16.]
 [-1.  8.]
 [ 0.  9.]
 [ 6.  6.]
 [-2.  8.]
 [ 8. 16.]
 [-2.  9.]
 [-1.  8.]
 [ 6.  6.]
 [-3.  9.]
 [ 8. 16.]
 [-3.  8.]
 [-2.  9.]
 [ 6.  6.]
 [-4.  8.]
 [ 8. 16.]
 [-4.  9.]
 [-3.  8.]
 [ 6.  6.]
 [-5.  9.]
 [ 8. 16.]
 [-5.  8.]
 [-4.  9.]
 [ 6.  6.]
 [-5.  9.]
 [ 8. 16.]
 [-5.  8.]
 [-4.  9.]
 [ 6.  6.]]
