Maze:
##########################
#                        #
#                        #
#                        #
#                        #
#                        #
#     ##############     #
#     #      S     #     #
#     #            #     #
#     #            #     #
#     #     D      #     #
#     #            #     #
#     #     A      #     #
#     #            #     #
#     #           C#     #
#     #          B #     #
#     #            #     #
#     #            #     #
#     #            #     #
#     ##############     #
#                        #
#                        #
#                        #
#                        #
#                        #
##########################
[[ 7.  1.]
 [ 6.  6.]
 [11.  9.]
 [12.  8.]
 [ 6.  4.]
 [ 7.  1.]
 [ 6.  6.]
 [10. 10.]
 [11.  9.]
 [ 6.  3.]
 [ 7.  0.]
 [ 6.  6.]
 [ 9. 11.]
 [10. 10.]
 [ 6.  2.]
 [ 7. -1.]
 [ 6.  6.]
 [ 8. 12.]
 [ 9. 11.]
 [ 6.  1.]
 [ 7. -2.]
 [ 6.  6.]
 [ 7. 13.]
 [ 8. 12.]
 [ 6.  0.]
 [ 7. -3.]
 [ 6.  6.]
 [ 6. 14.]
 [ 7. 13.]
 [ 6. -1.]
 [ 7. -4.]
 [ 6.  6.]
 [ 5. 15.]
 [ 6. 14.]
 [ 6. -2.]
 [ 7. -5.]
 [ 6.  6.]
 [ 4. 16.]
 [ 5. 15.]
 [ 6. -3.]
 [ 7. -5.]
 [ 6.  6.]
 [ 3. 17.]
 [ 4. 16.]
 [ 6. -4.]
 [ 8. -5.]
 [ 6.  6.]
 [ 2. 17.]
 [ 3. 17.]
 [ 7. -5.]
 [ 9. -5.]
 [ 6.  6.]
 [ 1. 17.]
 [ 2. 17.]
 [ 8. -5.]
 [10. -5.]
 [ 6.  6.]
 [ 0. 17.]
 [ 1. 17.]
 [ 9. -5.]
 [11. -5.]
 [ 6.  6.]
 [-1. 17.]
 [ 0. 17.]
 [10. -5.]
 [12. -5.]
 [ 6.  6.]
 [-2. 17.]
 [-1. 17.]
 [11. -5.]
 [13. -5.]
 [ 6.  6.]
 [-3. 17.]
 [-2. 17.]
 [12. -5.]
 [14. -5.]
 [ 6.  6.]
 [-4. 17.]
 [-3. 17.]
 [13. -5.]
 [15. -5.]
 [ 6.  6.]
 [-5. 17.]
 [-4. 17.]
 [14. -5.]
 [16. -5.]
 [ 6.  6.]
 [-5. 17.]
 [-4. 17.]
 [15. -5.]
 [17. -5.]
 [ 6.  6.]
 [-5. 17.]
 [-4. 17.]
 [16. -5.]
 [17. -5.]
 [ 6.  6.]
 [-5. 17.]
 [-4. 17.]
 [16. -5.]]
