Maze:
##########################
#                        #
#                        #
#                        #
#                        #
#                        #
#     ##############     #
#     #          S #     #
#     #   B        #     #
#     #            #     #
#     #            #     #
#     #            #     #
#     #     A D    #     #
#     #            #     #
#     #            #     #
#     #            #     #
#     #            #     #
#     #     C      #     #
#     #            #     #
#     ##############     #
#                        #
#                        #
#                        #
#                        #
#                        #
##########################
[[11.  1.]
 [ 6.  6.]
 [ 4.  2.]
 [ 6. 11.]
 [ 8.  6.]
 [11.  1.]
 [ 6.  6.]
 [ 5.  3.]
 [ 6. 11.]
 [ 9.  6.]
 [11.  1.]
 [ 6.  6.]
 [ 5.  4.]
 [ 6. 11.]
 [10.  6.]
 [11.  1.]
 [ 6.  6.]
 [ 6.  5.]
 [ 6. 11.]
 [11.  5.]
 [11.  1.]
 [ 6.  6.]
 [ 6.  5.]
 [ 6. 10.]
 [12.  4.]
 [11.  0.]
 [ 6.  6.]
 [ 6.  5.]
 [ 6.  9.]
 [12.  3.]
 [11. -1.]
 [ 6.  6.]
 [ 6.  5.]
 [ 6.  8.]
 [12.  2.]
 [11. -2.]
 [ 6.  6.]
 [ 6.  5.]
 [ 6.  7.]
 [12.  1.]
 [11. -3.]
 [ 6.  6.]
 [ 6.  5.]
 [ 6.  8.]
 [12.  0.]
 [11. -4.]
 [ 6.  6.]
 [ 6.  5.]
 [ 6.  7.]
 [12. -1.]
 [11. -5.]
 [ 6.  6.]
 [ 6.  5.]
 [ 6.  8.]
 [12. -2.]
 [11. -5.]
 [ 6.  6.]
 [ 6.  5.]
 [ 6.  7.]
 [12. -3.]
 [11. -5.]
 [ 6.  6.]
 [ 6.  5.]
 [ 6.  8.]
 [12. -4.]
 [10. -5.]
 [ 6.  6.]
 [ 6.  5.]
 [ 6.  7.]
 [11. -5.]
 [ 9. -5.]
 [ 6.  6.]
 [ 6.  5.]
 [ 6.  8.]
 [10. -5.]
 [ 8. -5.]
 [ 6.  6.]
 [ 6.  5.]
 [ 6.  7.]
 [ 9. -5.]
 [ 7. -5.]
 [ 6.  6.]
 [ 6.  5.]
 [ 6.  8.]
 [ 8. -5.]
 [ 6. -5.]
 [ 6.  6.]
 [ 6.  5.]
 [ 6.  7.]
 [ 7. -5.]
 [ 5. -5.]
 [ 6.  6.]
 [ 6.  5.]
 [ 6.  8.]
 [ 6. -5.]
 [ 4. -5.]
 [ 6.  6.]
 [ 6.  5.]
 [ 6.  7.]
 [ 5. -5.]
 [ 4. -5.]
 [ 6.  6.]
 [ 6.  5.]
 [ 6.  7.]
 [ 5. -5.]
 [ 3. -5.]
 [ 6.  6.]
 [ 6.  5.]
 [ 6.  8.]
 [ 4. -5.]]
