Maze:
##########################
#                        #
#                        #
#                        #
#                        #
#                        #
#     ##############     #
#     #            #     #
#     #            #     #
#     #            #     #
#     #            #     #
#     #            #     #
#     #     D   C  #     #
#     #            #     #
#     #   B        #     #
#     #            #     #
#     #            #     #
#     #    A       #     #
#     #           S#     #
#     ##############     #
#                        #
#                        #
#                        #
#                        #
#                        #
##########################
[[12. 12.]
 [ 5. 11.]
 [ 4.  8.]
 [10.  6.]
 [ 6.  6.]
 [12. 12.]
 [ 5. 12.]
 [ 4.  9.]
 [ 9.  6.]
 [ 6.  6.]
 [12. 12.]
 [ 5. 13.]
 [ 4. 10.]
 [ 8.  6.]
 [ 6.  6.]
 [12. 12.]
 [ 5. 14.]
 [ 4. 11.]
 [ 7.  6.]
 [ 6.  6.]
 [12. 12.]
 [ 5. 15.]
 [ 4. 12.]
 [ 7.  6.]
 [ 6.  6.]
 [12. 12.]
 [ 5. 16.]
 [ 4. 13.]
 [ 7.  6.]
 [ 6.  6.]
 [12. 12.]
 [ 5. 17.]
 [ 4. 14.]
 [ 7.  6.]
 [ 6.  6.]
 [12. 12.]
 [ 5. 17.]
 [ 4. 15.]
 [ 7.  6.]
 [ 6.  6.]
 [12. 12.]
 [ 5. 17.]
 [ 4. 16.]
 [ 7.  6.]
 [ 6.  6.]
 [12. 12.]
 [ 6. 17.]
 [ 5. 17.]
 [ 7.  6.]
 [ 6.  6.]
 [12. 12.]
 [ 7. 17.]
 [ 6. 17.]
 [ 7.  6.]
 [ 6.  6.]
 [12. 12.]
 [ 8. 17.]
 [ 7. 17.]
 [ 7.  6.]
 [ 6.  6.]
 [12. 12.]
 [ 9. 17.]
 [ 8. 17.]
 [ 7.  6.]
 [ 6.  6.]
 [12. 13.]
 [10. 17.]
 [ 9. 17.]
 [ 7.  6.]
 [ 6.  6.]
 [12. 14.]
 [11. 17.]
 [10. 17.]
 [ 7.  6.]
 [ 6.  6.]
 [12. 15.]
 [12. 17.]
 [11. 17.]
 [ 7.  6.]
 [ 6.  6.]
 [12. 16.]
 [13. 17.]
 [12. 17.]
 [ 7.  6.]
 [ 6.  6.]
 [12. 17.]
 [14. 17.]
 [13. 16.]
 [ 7.  6.]
 [ 6.  6.]
 [13. 16.]
 [15. 17.]
 [13. 17.]
 [ 7.  6.]
 [ 6.  6.]
 [13. 17.]
 [16. 17.]
 [13. 16.]
 [ 7.  6.]
 [ 6.  6.]
 [13. 17.]
 [16. 17.]
 [13. 16.]
 [ 7.  6.]
 [ 6.  6.]
 [13. 16.]
 [17. 17.]
 [13. 17.]
 [ 7.  6.]
 [ 6.  6.]]
