Maze:
##########################
#                        #
#                        #
#                        #
#                        #
#                        #
#     ##############     #
#     #  D         #     #
#     #            #     #
#     #            #     #
#     #            #     #
#     #            #     #
#     #     A      #     #
#     #          C #     #
#     #            #     #
#     #   B        #     #
#     #            #     #
#     #            #     #
#     #       S    #     #
#     ##############     #
#                        #
#                        #
#                        #
#                        #
#                        #
##########################
[[ 8. 12.]
 [ 6.  6.]
 [ 4.  9.]
 [11.  7.]
 [ 3.  1.]
 [ 8. 12.]
 [ 6.  6.]
 [ 5.  8.]
 [11.  7.]
 [ 3.  1.]
 [ 8. 12.]
 [ 6.  6.]
 [ 5.  7.]
 [11.  7.]
 [ 3.  1.]
 [ 8. 12.]
 [ 6.  6.]
 [ 5.  7.]
 [10.  7.]
 [ 3.  1.]
 [ 8. 12.]
 [ 6.  6.]
 [ 5.  7.]
 [ 9.  7.]
 [ 3.  1.]
 [ 8. 12.]
 [ 6.  6.]
 [ 5.  7.]
 [ 8.  7.]
 [ 3.  0.]
 [ 8. 12.]
 [ 6.  6.]
 [ 5.  7.]
 [ 7.  7.]
 [ 3.  0.]
 [ 8. 12.]
 [ 6.  6.]
 [ 5.  7.]
 [ 6.  8.]
 [ 3.  0.]
 [ 8. 12.]
 [ 6.  6.]
 [ 5.  6.]
 [ 5.  7.]
 [ 3.  0.]
 [ 8. 12.]
 [ 6.  6.]
 [ 6.  5.]
 [ 5.  6.]
 [ 3. -1.]
 [ 8. 12.]
 [ 6.  6.]
 [ 6.  5.]
 [ 5.  5.]
 [ 3. -2.]
 [ 8. 12.]
 [ 6.  6.]
 [ 7.  6.]
 [ 6.  5.]
 [ 3. -3.]
 [ 8. 12.]
 [ 6.  6.]
 [ 7.  6.]
 [ 7.  5.]
 [ 3. -3.]
 [ 8. 12.]
 [ 6.  6.]
 [ 6.  7.]
 [ 7.  6.]
 [ 3. -3.]
 [ 8. 12.]
 [ 6.  6.]
 [ 6.  7.]
 [ 7.  7.]
 [ 3. -3.]
 [ 8. 12.]
 [ 6.  6.]
 [ 5.  6.]
 [ 6.  7.]
 [ 3. -3.]
 [ 8. 12.]
 [ 6.  6.]
 [ 5.  6.]
 [ 5.  7.]
 [ 3. -3.]
 [ 8. 12.]
 [ 6.  6.]
 [ 6.  5.]
 [ 5.  6.]
 [ 3. -3.]
 [ 8. 12.]
 [ 6.  6.]
 [ 6.  5.]
 [ 5.  5.]
 [ 3. -3.]
 [ 8. 12.]
 [ 6.  6.]
 [ 7.  6.]
 [ 6.  5.]
 [ 3. -3.]
 [ 8. 12.]
 [ 6.  6.]
 [ 7.  6.]
 [ 6.  5.]
 [ 3. -3.]
 [ 8. 12.]
 [ 6.  6.]
 [ 7.  6.]
 [ 7.  5.]
 [ 3. -3.]]
