Maze:
##########################
#                        #
#                        #
#                        #
#                        #
#                        #
#     ##############     #
#     #            #     #
#     #            #     #
#     #       C    #     #
#     #            #     #
#     #   S        #     #
#     #     A  B   #     #
#     #            #     #
#     #            #     #
#     #            #     #
#     #            #     #
#     #  D         #     #
#     #            #     #
#     ##############     #
#                        #
#                        #
#                        #
#                        #
#                        #
##########################
[[ 4.  5.]
 [ 6.  6.]
 [ 9.  6.]
 [ 8.  3.]
 [ 3. 11.]
 [ 5.  5.]
 [ 6.  6.]
 [ 9.  5.]
 [ 8.  2.]
 [ 3. 12.]
 [ 5.  5.]
 [ 6.  6.]
 [ 9.  4.]
 [ 8.  1.]
 [ 3. 13.]
 [ 5.  5.]
 [ 6.  6.]
 [ 9.  3.]
 [ 8.  0.]
 [ 3. 14.]
 [ 5.  5.]
 [ 6.  6.]
 [ 9.  2.]
 [ 8. -1.]
 [ 3. 14.]
 [ 5.  5.]
 [ 6.  6.]
 [ 9.  1.]
 [ 8. -2.]
 [ 3. 14.]
 [ 5.  5.]
 [ 6.  6.]
 [ 9.  0.]
 [ 8. -3.]
 [ 3. 15.]
 [ 5.  5.]
 [ 6.  6.]
 [ 9. -1.]
 [ 8. -4.]
 [ 3. 15.]
 [ 5.  5.]
 [ 6.  6.]
 [ 9. -2.]
 [ 8. -5.]
 [ 3. 15.]
 [ 5.  5.]
 [ 6.  6.]
 [ 9. -3.]
 [ 8. -5.]
 [ 3. 15.]
 [ 5.  5.]
 [ 6.  6.]
 [ 9. -4.]
 [ 8. -5.]
 [ 3. 15.]
 [ 5.  5.]
 [ 6.  6.]
 [ 8. -5.]
 [ 7. -5.]
 [ 3. 15.]
 [ 5.  5.]
 [ 6.  6.]
 [ 7. -5.]
 [ 6. -5.]
 [ 3. 15.]
 [ 5.  5.]
 [ 6.  6.]
 [ 6. -5.]
 [ 5. -5.]
 [ 3. 15.]
 [ 5.  5.]
 [ 6.  6.]
 [ 5. -5.]
 [ 4. -5.]
 [ 3. 15.]
 [ 5.  5.]
 [ 6.  6.]
 [ 4. -5.]
 [ 3. -5.]
 [ 3. 15.]
 [ 5.  5.]
 [ 6.  6.]
 [ 3. -5.]
 [ 2. -5.]
 [ 3. 15.]
 [ 5.  5.]
 [ 6.  6.]
 [ 2. -5.]
 [ 1. -5.]
 [ 3. 15.]
 [ 5.  5.]
 [ 6.  6.]
 [ 1. -5.]
 [ 0. -5.]
 [ 3. 15.]
 [ 5.  5.]
 [ 6.  6.]
 [ 0. -5.]
 [-1. -5.]
 [ 3. 15.]
 [ 5.  5.]
 [ 6.  6.]
 [ 0. -5.]
 [-1. -5.]
 [ 3. 15.]
 [ 5.  5.]
 [ 6.  6.]
 [-1. -5.]
 [-2. -5.]
 [ 3. 15.]]
