Maze:
##########################
#                        #
#                        #
#                        #
#                        #
#                        #
#     ##############     #
#     #          A #     #
#     #            #     #
#     #   B        #     #
#     #            #     #
#     #  S         #     #
#     #     D      #     #
#     #            #     #
#     #            #     #
#     #            #     #
#     #           C#     #
#     #            #     #
#     #            #     #
#     ##############     #
#                        #
#                        #
#                        #
#                        #
#                        #
##########################
[[ 3.  5.]
 [11.  1.]
 [ 4.  3.]
 [12. 10.]
 [ 6.  6.]
 [ 3.  4.]
 [11.  1.]
 [ 5.  3.]
 [12. 10.]
 [ 6.  6.]
 [ 4.  3.]
 [11.  1.]
 [ 6.  3.]
 [12. 10.]
 [ 6.  6.]
 [ 5.  3.]
 [11.  0.]
 [ 7.  4.]
 [12. 10.]
 [ 6.  6.]
 [ 6.  3.]
 [11. -1.]
 [ 7.  5.]
 [12. 10.]
 [ 6.  6.]
 [ 7.  4.]
 [11. -1.]
 [ 7.  6.]
 [12. 10.]
 [ 6.  6.]
 [ 7.  5.]
 [11. -1.]
 [ 7.  6.]
 [12. 10.]
 [ 6.  6.]
 [ 7.  6.]
 [11. -1.]
 [ 6.  7.]
 [12. 10.]
 [ 6.  6.]
 [ 7.  7.]
 [11. -1.]
 [ 6.  7.]
 [12. 10.]
 [ 6.  6.]
 [ 6.  7.]
 [11. -1.]
 [ 5.  6.]
 [13. 10.]
 [ 6.  6.]
 [ 5.  7.]
 [11. -1.]
 [ 5.  6.]
 [13. 10.]
 [ 6.  6.]
 [ 5.  6.]
 [11. -1.]
 [ 6.  5.]
 [13. 10.]
 [ 6.  6.]
 [ 5.  5.]
 [11. -1.]
 [ 6.  5.]
 [13. 10.]
 [ 6.  6.]
 [ 6.  5.]
 [11. -1.]
 [ 7.  6.]
 [13. 10.]
 [ 6.  6.]
 [ 7.  5.]
 [11. -1.]
 [ 7.  6.]
 [13. 10.]
 [ 6.  6.]
 [ 7.  6.]
 [11. -1.]
 [ 6.  7.]
 [13. 10.]
 [ 6.  6.]
 [ 7.  7.]
 [11. -1.]
 [ 6.  7.]
 [13. 10.]
 [ 6.  6.]
 [ 6.  7.]
 [11. -1.]
 [ 5.  6.]
 [13. 10.]
 [ 6.  6.]
 [ 5.  7.]
 [11. -1.]
 [ 5.  6.]
 [13. 10.]
 [ 6.  6.]
 [ 5.  6.]
 [11. -1.]
 [ 6.  5.]
 [13. 10.]
 [ 6.  6.]
 [ 5.  6.]
 [11. -1.]
 [ 6.  5.]
 [13. 10.]
 [ 6.  6.]
 [ 5.  5.]
 [11. -1.]
 [ 6.  5.]
 [13. 10.]
 [ 6.  6.]]
