Maze:
##########################
#                        #
#                        #
#                        #
#                        #
#                        #
#     ##############     #
#     #         C  #     #
#     #            #     #
#     #            #     #
#     #        S   #     #
#     #            #     #
#     #     A    D #     #
#     #            #     #
#     #            #     #
#     #      B     #     #
#     #            #     #
#     #            #     #
#     #            #     #
#     ##############     #
#                        #
#                        #
#                        #
#                        #
#                        #
##########################
[[ 9.  4.]
 [ 6.  6.]
 [ 7.  9.]
 [10.  1.]
 [11.  6.]
 [ 8.  4.]
 [ 6.  6.]
 [ 8.  9.]
 [10.  0.]
 [12.  6.]
 [ 7.  5.]
 [ 6.  6.]
 [ 9.  9.]
 [10. -1.]
 [13.  6.]
 [ 7.  5.]
 [ 6.  6.]
 [10.  9.]
 [10. -1.]
 [14.  6.]
 [ 7.  5.]
 [ 6.  6.]
 [11.  9.]
 [10. -1.]
 [15.  6.]
 [ 7.  5.]
 [ 6.  6.]
 [12.  9.]
 [10. -1.]
 [16.  6.]
 [ 7.  5.]
 [ 6.  6.]
 [13.  9.]
 [10. -1.]
 [16.  6.]
 [ 7.  5.]
 [ 6.  6.]
 [14.  8.]
 [10. -1.]
 [17.  6.]
 [ 7.  5.]
 [ 6.  6.]
 [15.  7.]
 [10. -1.]
 [17.  6.]
 [ 7.  5.]
 [ 6.  6.]
 [16.  7.]
 [10. -1.]
 [17.  6.]
 [ 7.  5.]
 [ 6.  6.]
 [17.  6.]
 [10. -1.]
 [17.  5.]
 [ 7.  5.]
 [ 6.  6.]
 [17.  5.]
 [10. -1.]
 [17.  4.]
 [ 7.  5.]
 [ 6.  6.]
 [17.  4.]
 [10. -1.]
 [17.  3.]
 [ 7.  5.]
 [ 6.  6.]
 [17.  3.]
 [10. -1.]
 [17.  2.]
 [ 7.  5.]
 [ 6.  6.]
 [17.  2.]
 [10. -1.]
 [17.  1.]
 [ 7.  5.]
 [ 6.  6.]
 [17.  1.]
 [10. -1.]
 [17.  0.]
 [ 7.  5.]
 [ 6.  6.]
 [17.  0.]
 [10. -1.]
 [17. -1.]
 [ 7.  5.]
 [ 6.  6.]
 [17. -1.]
 [10. -1.]
 [17. -2.]
 [ 7.  5.]
 [ 6.  6.]
 [17. -2.]
 [10. -1.]
 [17. -3.]
 [ 7.  5.]
 [ 6.  6.]
 [17. -3.]
 [10. -1.]
 [17. -4.]
 [ 7.  5.]
 [ 6.  6.]
 [17. -3.]
 [10. -1.]
 [17. -4.]
 [ 7.  5.]
 [ 6.  6.]
 [17. -4.]
 [10. -1.]
 [17. -5.]]
