Maze:
##########################
#                        #
#                        #
#                        #
#                        #
#                        #
#     ##############     #
#     #           A#     #
#     #            #     #
#     #        C   #     #
#     #   D        #     #
#     #            #     #
#     #     S      #     #
#     #            #     #
#     # B          #     #
#     #            #     #
#     #            #     #
#     #            #     #
#     #            #     #
#     ##############     #
#                        #
#                        #
#                        #
#                        #
#                        #
##########################
[[ 6.  6.]
 [12.  1.]
 [ 2.  8.]
 [ 9.  3.]
 [ 4.  4.]
 [ 6.  6.]
 [13.  1.]
 [ 2.  7.]
 [10.  2.]
 [ 3.  3.]
 [ 6.  6.]
 [14.  1.]
 [ 2.  6.]
 [11.  1.]
 [ 2.  2.]
 [ 6.  6.]
 [15.  1.]
 [ 1.  5.]
 [12.  1.]
 [ 2.  1.]
 [ 6.  6.]
 [16.  1.]
 [ 1.  4.]
 [13.  1.]
 [ 2.  0.]
 [ 6.  6.]
 [17.  1.]
 [ 1.  3.]
 [14.  1.]
 [ 2. -1.]
 [ 6.  6.]
 [17.  1.]
 [ 1.  2.]
 [15.  1.]
 [ 2. -2.]
 [ 6.  6.]
 [17.  1.]
 [ 1.  1.]
 [16.  1.]
 [ 2. -3.]
 [ 6.  6.]
 [17.  1.]
 [ 1.  0.]
 [16.  1.]
 [ 2. -3.]
 [ 6.  6.]
 [17.  1.]
 [ 1. -1.]
 [16.  1.]
 [ 2. -4.]
 [ 6.  6.]
 [17.  1.]
 [ 1. -2.]
 [16.  1.]
 [ 2. -5.]
 [ 6.  6.]
 [17.  1.]
 [ 1. -3.]
 [16.  1.]
 [ 2. -5.]
 [ 6.  6.]
 [17.  1.]
 [ 1. -4.]
 [16.  1.]
 [ 2. -5.]
 [ 6.  6.]
 [17.  1.]
 [ 2. -5.]
 [16.  1.]
 [ 3. -5.]
 [ 6.  6.]
 [17.  1.]
 [ 3. -5.]
 [16.  1.]
 [ 4. -5.]
 [ 6.  6.]
 [17.  1.]
 [ 4. -5.]
 [16.  1.]
 [ 5. -5.]
 [ 6.  6.]
 [17.  1.]
 [ 5. -5.]
 [16.  1.]
 [ 6. -5.]
 [ 6.  6.]
 [17.  1.]
 [ 6. -5.]
 [16.  1.]
 [ 7. -5.]
 [ 6.  6.]
 [17.  1.]
 [ 7. -5.]
 [16.  1.]
 [ 8. -5.]
 [ 6.  6.]
 [17.  1.]
 [ 8. -5.]
 [16.  1.]
 [ 9. -5.]
 [ 6.  6.]
 [17.  1.]
 [ 8. -5.]
 [16.  1.]
 [ 9. -5.]
 [ 6.  6.]
 [17.  1.]
 [ 9. -5.]
 [16.  1.]
 [10. -5.]]
