Maze:
##########################
#                        #
#                        #
#                        #
#                        #
#                        #
#     ##############     #
#     #    A       #     #
#     #       B    #     #
#     #            #     #
#     #           C#     #
#     #            #     #
#     #     S      #     #
#     #            #     #
#     #            #     #
#     # D          #     #
#     #            #     #
#     #            #     #
#     #            #     #
#     ##############     #
#                        #
#                        #
#                        #
#                        #
#                        #
##########################
[[ 6.  6.]
 [ 5.  1.]
 [ 8.  2.]
 [12.  4.]
 [ 2.  9.]
 [ 6.  6.]
 [ 4.  1.]
 [ 9.  2.]
 [13.  4.]
 [ 1. 10.]
 [ 6.  6.]
 [ 3.  1.]
 [10.  2.]
 [14.  4.]
 [ 0. 11.]
 [ 6.  6.]
 [ 3.  1.]
 [11.  2.]
 [15.  4.]
 [ 0. 11.]
 [ 6.  6.]
 [ 3.  1.]
 [12.  2.]
 [16.  4.]
 [ 0. 11.]
 [ 6.  6.]
 [ 3.  1.]
 [13.  2.]
 [17.  4.]
 [ 0. 11.]
 [ 6.  6.]
 [ 3.  2.]
 [14.  2.]
 [17.  4.]
 [ 0. 11.]
 [ 6.  6.]
 [ 3.  3.]
 [15.  2.]
 [17.  5.]
 [ 0. 11.]
 [ 6.  6.]
 [ 4.  4.]
 [16.  3.]
 [17.  6.]
 [ 0. 12.]
 [ 6.  6.]
 [ 5.  5.]
 [16.  4.]
 [17.  7.]
 [ 0. 12.]
 [ 6.  6.]
 [ 5.  5.]
 [16.  5.]
 [17.  8.]
 [ 0. 12.]
 [ 6.  6.]
 [ 5.  5.]
 [16.  6.]
 [17.  9.]
 [ 0. 12.]
 [ 6.  6.]
 [ 5.  5.]
 [16.  7.]
 [17. 10.]
 [ 0. 12.]
 [ 6.  6.]
 [ 5.  5.]
 [16.  8.]
 [17. 11.]
 [ 0. 12.]
 [ 6.  6.]
 [ 5.  5.]
 [16.  9.]
 [17. 12.]
 [ 0. 12.]
 [ 6.  6.]
 [ 5.  5.]
 [16. 10.]
 [17. 13.]
 [ 0. 12.]
 [ 6.  6.]
 [ 5.  5.]
 [16. 11.]
 [17. 14.]
 [ 0. 12.]
 [ 6.  6.]
 [ 5.  5.]
 [16. 12.]
 [17. 15.]
 [ 0. 12.]
 [ 6.  6.]
 [ 5.  5.]
 [16. 13.]
 [17. 16.]
 [ 0. 12.]
 [ 6.  6.]
 [ 5.  5.]
 [16. 14.]
 [17. 17.]
 [ 0. 12.]
 [ 6.  6.]
 [ 5.  5.]
 [16. 14.]
 [17. 17.]
 [ 0. 12.]
 [ 6.  6.]
 [ 5.  5.]
 [16. 15.]
 [17. 17.]
 [ 0. 12.]]
