Maze:
##########################
#                        #
#                        #
#                        #
#                        #
#                        #
#     ##############     #
#     #            #     #
#     #            #     #
#     #            #     #
#     #     D      #     #
#     #            #     #
#     #     S      #     #
#     #C           #     #
#     #            #     #
#     #            #     #
#     #      B     #     #
#     #            #     #
#     #       A    #     #
#     ##############     #
#                        #
#                        #
#                        #
#                        #
#                        #
##########################
[[ 6.  6.]
 [ 8. 12.]
 [ 7. 10.]
 [ 1.  7.]
 [ 6.  4.]
 [ 6.  6.]
 [ 8. 12.]
 [ 6.  9.]
 [ 2.  7.]
 [ 6.  3.]
 [ 6.  6.]
 [ 8. 12.]
 [ 5. 10.]
 [ 3.  7.]
 [ 6.  3.]
 [ 6.  6.]
 [ 8. 12.]
 [ 4. 10.]
 [ 4.  6.]
 [ 6.  2.]
 [ 6.  6.]
 [ 8. 13.]
 [ 3. 10.]
 [ 5.  5.]
 [ 6.  1.]
 [ 6.  6.]
 [ 8. 14.]
 [ 2. 10.]
 [ 5.  4.]
 [ 6.  0.]
 [ 6.  6.]
 [ 8. 14.]
 [ 1. 10.]
 [ 5.  3.]
 [ 6. -1.]
 [ 6.  6.]
 [ 8. 14.]
 [ 0. 10.]
 [ 5.  2.]
 [ 6. -2.]
 [ 6.  6.]
 [ 8. 14.]
 [ 0. 10.]
 [ 5.  1.]
 [ 6. -3.]
 [ 6.  6.]
 [ 8. 14.]
 [ 0. 10.]
 [ 5.  0.]
 [ 6. -4.]
 [ 6.  6.]
 [ 8. 14.]
 [ 0. 10.]
 [ 5. -1.]
 [ 6. -5.]
 [ 6.  6.]
 [ 8. 14.]
 [ 0. 10.]
 [ 5. -2.]
 [ 6. -5.]
 [ 6.  6.]
 [ 8. 14.]
 [ 0. 10.]
 [ 5. -3.]
 [ 6. -5.]
 [ 6.  6.]
 [ 8. 14.]
 [-1. 10.]
 [ 5. -4.]
 [ 6. -5.]
 [ 6.  6.]
 [ 8. 14.]
 [-1. 10.]
 [ 6. -5.]
 [ 7. -5.]
 [ 6.  6.]
 [ 8. 14.]
 [-1. 10.]
 [ 7. -5.]
 [ 8. -5.]
 [ 6.  6.]
 [ 8. 14.]
 [-1. 10.]
 [ 8. -5.]
 [ 9. -5.]
 [ 6.  6.]
 [ 8. 14.]
 [-1. 10.]
 [ 9. -5.]
 [10. -5.]
 [ 6.  6.]
 [ 8. 14.]
 [-1. 10.]
 [10. -5.]
 [11. -5.]
 [ 6.  6.]
 [ 8. 14.]
 [-1. 10.]
 [11. -5.]
 [12. -5.]
 [ 6.  6.]
 [ 8. 14.]
 [-1. 10.]
 [11. -5.]
 [12. -5.]
 [ 6.  6.]
 [ 8. 14.]
 [-1. 10.]
 [12. -5.]
 [13. -5.]]
