Maze:
##########################
#                        #
#                        #
#                        #
#                        #
#                        #
#     ##############     #
#     #            #     #
#     #            #     #
#     #    A       #     #
#     #           D#     #
#     #            #     #
#     #     C    B #     #
#     #   S        #     #
#     #            #     #
#     #            #     #
#     #            #     #
#     #            #     #
#     #            #     #
#     ##############     #
#                        #
#                        #
#                        #
#                        #
#                        #
##########################
[[ 4.  7.]
 [ 5.  3.]
 [11.  6.]
 [ 6.  6.]
 [12.  4.]
 [ 4.  6.]
 [ 5.  2.]
 [11.  6.]
 [ 6.  6.]
 [12.  4.]
 [ 4.  5.]
 [ 5.  1.]
 [11.  6.]
 [ 6.  6.]
 [12.  4.]
 [ 4.  4.]
 [ 5.  0.]
 [11.  6.]
 [ 6.  6.]
 [12.  4.]
 [ 4.  3.]
 [ 5. -1.]
 [11.  6.]
 [ 6.  6.]
 [12.  4.]
 [ 4.  2.]
 [ 5. -2.]
 [11.  6.]
 [ 6.  6.]
 [12.  4.]
 [ 4.  1.]
 [ 5. -3.]
 [11.  6.]
 [ 6.  6.]
 [12.  4.]
 [ 4.  0.]
 [ 5. -4.]
 [11.  5.]
 [ 6.  6.]
 [12.  5.]
 [ 4. -1.]
 [ 5. -5.]
 [12.  5.]
 [ 6.  6.]
 [11.  5.]
 [ 4. -2.]
 [ 5. -5.]
 [11.  5.]
 [ 6.  6.]
 [12.  5.]
 [ 4. -3.]
 [ 5. -5.]
 [12.  5.]
 [ 6.  6.]
 [11.  5.]
 [ 4. -4.]
 [ 5. -5.]
 [11.  5.]
 [ 6.  6.]
 [12.  5.]
 [ 5. -5.]
 [ 6. -5.]
 [12.  5.]
 [ 6.  6.]
 [11.  5.]
 [ 6. -5.]
 [ 7. -5.]
 [11.  5.]
 [ 6.  6.]
 [12.  5.]
 [ 7. -5.]
 [ 8. -5.]
 [12.  5.]
 [ 6.  6.]
 [11.  5.]
 [ 8. -5.]
 [ 9. -5.]
 [11.  5.]
 [ 6.  6.]
 [12.  5.]
 [ 9. -5.]
 [10. -5.]
 [12.  5.]
 [ 6.  6.]
 [11.  5.]
 [10. -5.]
 [11. -5.]
 [11.  5.]
 [ 6.  6.]
 [12.  5.]
 [11. -5.]
 [12. -5.]
 [12.  5.]
 [ 6.  6.]
 [11.  5.]
 [12. -5.]
 [13. -5.]
 [11.  5.]
 [ 6.  6.]
 [12.  5.]
 [12. -5.]
 [13. -5.]
 [11.  5.]
 [ 6.  6.]
 [12.  5.]
 [13. -5.]
 [14. -5.]
 [12.  5.]
 [ 6.  6.]
 [11.  5.]]
