Maze:
##########################
#                        #
#                        #
#                        #
#                        #
#                        #
#     ##############     #
#     #     D      #     #
#     #            #     #
#     #            #     #
#     #            #     #
#     #        S   #     #
#     #     C      #     #
#     #           A#     #
#     #            #     #
#     #    B       #     #
#     #            #     #
#     #            #     #
#     #            #     #
#     ##############     #
#                        #
#                        #
#                        #
#                        #
#                        #
##########################
[[ 9.  5.]
 [12.  7.]
 [ 5.  9.]
 [ 6.  6.]
 [ 6.  1.]
 [10.  5.]
 [13.  7.]
 [ 4.  9.]
 [ 6.  6.]
 [ 6.  0.]
 [11.  5.]
 [14.  7.]
 [ 4.  9.]
 [ 6.  6.]
 [ 6.  0.]
 [12.  6.]
 [15.  7.]
 [ 4.  9.]
 [ 6.  6.]
 [ 6.  0.]
 [13.  6.]
 [16.  7.]
 [ 4.  9.]
 [ 6.  6.]
 [ 6.  0.]
 [14.  6.]
 [17.  7.]
 [ 4.  9.]
 [ 6.  6.]
 [ 6.  0.]
 [15.  6.]
 [17.  7.]
 [ 4.  9.]
 [ 6.  6.]
 [ 6.  0.]
 [16.  6.]
 [17.  7.]
 [ 4.  9.]
 [ 6.  6.]
 [ 6.  0.]
 [17.  7.]
 [17.  8.]
 [ 4.  9.]
 [ 6.  6.]
 [ 6.  0.]
 [17.  8.]
 [17.  9.]
 [ 4.  9.]
 [ 6.  6.]
 [ 6.  0.]
 [17.  9.]
 [17. 10.]
 [ 4.  9.]
 [ 6.  6.]
 [ 6.  0.]
 [17. 10.]
 [17. 11.]
 [ 4.  8.]
 [ 6.  6.]
 [ 6.  0.]
 [17. 11.]
 [17. 12.]
 [ 4.  7.]
 [ 6.  6.]
 [ 6.  0.]
 [17. 12.]
 [17. 13.]
 [ 5.  6.]
 [ 6.  6.]
 [ 6.  0.]
 [17. 13.]
 [17. 14.]
 [ 5.  6.]
 [ 6.  6.]
 [ 6.  0.]
 [17. 14.]
 [17. 15.]
 [ 5.  6.]
 [ 6.  6.]
 [ 6.  0.]
 [17. 15.]
 [17. 16.]
 [ 5.  6.]
 [ 6.  6.]
 [ 6.  0.]
 [17. 16.]
 [17. 17.]
 [ 5.  6.]
 [ 6.  6.]
 [ 6.  0.]
 [17. 16.]
 [17. 17.]
 [ 5.  6.]
 [ 6.  6.]
 [ 6.  0.]]
