Maze:
##########################
#                        #
#                        #
#                        #
#                        #
#                        #
#     ##############     #
#     #   D        #     #
#     #            #     #
#     #           A#     #
#     #            #     #
#     #         S  #     #
#     #    CB      #     #
#     #            #     #
#     #            #     #
#     #            #     #
#     #            #     #
#     #            #     #
#     #            #     #
#     ##############     #
#                        #
#                        #
#                        #
#                        #
#                        #
##########################
[[10.  5.]
 [12.  3.]
 [ 6.  6.]
 [ 5.  6.]
 [ 4.  1.]
 [11.  4.]
 [13.  2.]
 [ 6.  6.]
 [ 5.  5.]
 [ 4.  1.]
 [12.  3.]
 [14.  1.]
 [ 6.  6.]
 [ 5.  4.]
 [ 4.  1.]
 [13.  2.]
 [15.  0.]
 [ 6.  6.]
 [ 5.  3.]
 [ 4.  0.]
 [14.  1.]
 [16. -1.]
 [ 6.  6.]
 [ 5.  2.]
 [ 4. -1.]
 [15.  0.]
 [17. -2.]
 [ 6.  6.]
 [ 5.  1.]
 [ 4. -2.]
 [16. -1.]
 [17. -3.]
 [ 6.  6.]
 [ 5.  0.]
 [ 4. -3.]
 [16. -2.]
 [17. -4.]
 [ 6.  6.]
 [ 5. -1.]
 [ 4. -4.]
 [16. -3.]
 [17. -5.]
 [ 6.  6.]
 [ 5. -2.]
 [ 4. -5.]
 [16. -4.]
 [17. -5.]
 [ 6.  6.]
 [ 5. -3.]
 [ 4. -5.]
 [16. -4.]
 [17. -5.]
 [ 6.  6.]
 [ 5. -4.]
 [ 4. -5.]
 [16. -4.]
 [17. -5.]
 [ 6.  6.]
 [ 4. -5.]
 [ 3. -5.]
 [16. -4.]
 [17. -5.]
 [ 6.  6.]
 [ 3. -5.]
 [ 2. -5.]
 [16. -4.]
 [17. -5.]
 [ 6.  6.]
 [ 2. -5.]
 [ 1. -5.]
 [16. -4.]
 [17. -5.]
 [ 6.  6.]
 [ 1. -5.]
 [ 0. -5.]
 [16. -4.]
 [17. -5.]
 [ 6.  6.]
 [ 0. -5.]
 [-1. -5.]
 [16. -4.]
 [17. -5.]
 [ 6.  6.]
 [-1. -5.]
 [-2. -5.]
 [16. -4.]
 [17. -5.]
 [ 6.  6.]
 [-2. -5.]
 [-3. -5.]
 [16. -4.]
 [17. -5.]
 [ 6.  6.]
 [-3. -5.]
 [-4. -5.]
 [16. -4.]
 [17. -5.]
 [ 6.  6.]
 [-4. -5.]
 [-5. -5.]
 [16. -4.]
 [17. -5.]
 [ 6.  6.]
 [-4. -5.]
 [-5. -5.]]
