Maze:
##########################
#                        #
#                        #
#                        #
#                        #
#                        #
#     ##############     #
#     #  A         #     #
#     #            #     #
#     #     D      #     #
#     #            #     #
#     #            #     #
#     #     C   S  #     #
#     #    B       #     #
#     #            #     #
#     #            #     #
#     #            #     #
#     #            #     #
#     #            #     #
#     ##############     #
#                        #
#                        #
#                        #
#                        #
#                        #
##########################
[[10.  6.]
 [ 3.  1.]
 [ 5.  7.]
 [ 6.  6.]
 [ 6.  3.]
 [10.  6.]
 [ 4.  1.]
 [ 5.  7.]
 [ 6.  6.]
 [ 7.  3.]
 [10.  6.]
 [ 5.  1.]
 [ 5.  7.]
 [ 6.  6.]
 [ 8.  3.]
 [10.  6.]
 [ 6.  1.]
 [ 5.  7.]
 [ 6.  6.]
 [ 9.  3.]
 [10.  5.]
 [ 7.  1.]
 [ 5.  7.]
 [ 6.  6.]
 [10.  3.]
 [10.  4.]
 [ 8.  1.]
 [ 5.  7.]
 [ 6.  6.]
 [11.  3.]
 [10.  3.]
 [ 9.  0.]
 [ 5.  7.]
 [ 6.  6.]
 [12.  3.]
 [10.  2.]
 [ 9. -1.]
 [ 5.  7.]
 [ 6.  6.]
 [13.  3.]
 [10.  1.]
 [ 9. -2.]
 [ 5.  7.]
 [ 6.  6.]
 [14.  4.]
 [10.  0.]
 [ 9. -3.]
 [ 5.  7.]
 [ 6.  6.]
 [14.  4.]
 [10. -1.]
 [ 9. -4.]
 [ 5.  7.]
 [ 6.  6.]
 [14.  4.]
 [10. -2.]
 [ 9. -5.]
 [ 5.  7.]
 [ 6.  6.]
 [14.  4.]
 [10. -3.]
 [ 9. -5.]
 [ 5.  7.]
 [ 6.  6.]
 [14.  4.]
 [10. -4.]
 [ 9. -5.]
 [ 5.  7.]
 [ 6.  6.]
 [14.  4.]
 [ 9. -5.]
 [ 8. -5.]
 [ 5.  7.]
 [ 6.  6.]
 [14.  4.]
 [ 8. -5.]
 [ 7. -5.]
 [ 5.  7.]
 [ 6.  6.]
 [14.  4.]
 [ 7. -5.]
 [ 6. -5.]
 [ 5.  7.]
 [ 6.  6.]
 [14.  4.]
 [ 6. -5.]
 [ 5. -5.]
 [ 5.  7.]
 [ 6.  6.]
 [14.  4.]
 [ 5. -5.]
 [ 4. -5.]
 [ 5.  7.]
 [ 6.  6.]
 [14.  4.]
 [ 4. -5.]
 [ 3. -5.]
 [ 5.  7.]
 [ 6.  6.]
 [14.  4.]
 [ 4. -5.]
 [ 3. -5.]
 [ 5.  7.]
 [ 6.  6.]
 [14.  4.]
 [ 3. -5.]
 [ 2. -5.]
 [ 5.  7.]
 [ 6.  6.]
 [14.  4.]]
