Maze:
##########################
#                        #
#                        #
#                        #
#                        #
#                        #
#     ##############     #
#     #            #     #
#     #    D       #     #
#     #            #     #
#     #            #     #
#     #            #     #
#     #     A     B#     #
#     #            #     #
#     #S           #     #
#     #            #     #
#     #            #     #
#     #     C      #     #
#     #            #     #
#     ##############     #
#                        #
#                        #
#                        #
#                        #
#                        #
##########################
[[ 1.  8.]
 [ 6.  6.]
 [12.  6.]
 [ 6. 11.]
 [ 5.  2.]
 [ 0.  8.]
 [ 6.  6.]
 [12.  6.]
 [ 5. 11.]
 [ 6.  3.]
 [-1.  8.]
 [ 6.  6.]
 [12.  6.]
 [ 4. 11.]
 [ 6.  4.]
 [-2.  8.]
 [ 6.  6.]
 [12.  6.]
 [ 3. 11.]
 [ 6.  5.]
 [-3.  8.]
 [ 6.  6.]
 [12.  6.]
 [ 2. 11.]
 [ 6.  5.]
 [-4.  8.]
 [ 6.  6.]
 [12.  6.]
 [ 1. 11.]
 [ 6.  5.]
 [-5.  8.]
 [ 6.  6.]
 [12.  6.]
 [ 0. 11.]
 [ 6.  5.]
 [-5.  8.]
 [ 6.  6.]
 [12.  6.]
 [-1. 11.]
 [ 6.  5.]
 [-5.  8.]
 [ 6.  6.]
 [12.  6.]
 [-2. 11.]
 [ 6.  5.]
 [-5.  7.]
 [ 6.  6.]
 [12.  6.]
 [-3. 10.]
 [ 6.  5.]
 [-5.  6.]
 [ 6.  6.]
 [12.  6.]
 [-4.  9.]
 [ 6.  5.]
 [-5.  5.]
 [ 6.  6.]
 [12.  6.]
 [-4.  8.]
 [ 6.  5.]
 [-5.  4.]
 [ 6.  6.]
 [12.  6.]
 [-4.  7.]
 [ 6.  5.]
 [-5.  3.]
 [ 6.  6.]
 [12.  6.]
 [-4.  6.]
 [ 6.  5.]
 [-5.  2.]
 [ 6.  6.]
 [12.  6.]
 [-4.  5.]
 [ 6.  5.]
 [-5.  1.]
 [ 6.  6.]
 [12.  6.]
 [-4.  4.]
 [ 6.  5.]
 [-5.  0.]
 [ 6.  6.]
 [12.  6.]
 [-4.  3.]
 [ 6.  5.]
 [-5. -1.]
 [ 6.  6.]
 [12.  6.]
 [-4.  2.]
 [ 6.  5.]
 [-5. -2.]
 [ 6.  6.]
 [12.  6.]
 [-4.  1.]
 [ 6.  5.]
 [-5. -3.]
 [ 6.  6.]
 [12.  6.]
 [-4.  0.]
 [ 6.  5.]
 [-5. -3.]
 [ 6.  6.]
 [12.  6.]
 [-4.  0.]
 [ 6.  5.]
 [-5. -4.]
 [ 6.  6.]
 [12.  6.]
 [-4. -1.]
 [ 6.  5.]]
