Maze:
##########################
#                        #
#                        #
#                        #
#                        #
#                        #
#     ##############     #
#     #            #     #
#     #            #     #
#     #         S  #     #
#     #            #     #
#     #     A      #     #
#     # B   C      #     #
#     #            #     #
#     #            #     #
#     #      D     #     #
#     #            #     #
#     #            #     #
#     #            #     #
#     ##############     #
#                        #
#                        #
#                        #
#                        #
#                        #
##########################
[[10.  3.]
 [ 6.  5.]
 [ 2.  6.]
 [ 6.  6.]
 [ 7.  9.]
 [11.  3.]
 [ 6.  4.]
 [ 2.  5.]
 [ 6.  6.]
 [ 6.  8.]
 [12.  3.]
 [ 7.  3.]
 [ 2.  4.]
 [ 6.  6.]
 [ 6.  7.]
 [13.  3.]
 [ 8.  2.]
 [ 2.  3.]
 [ 6.  6.]
 [ 6.  7.]
 [14.  3.]
 [ 9.  2.]
 [ 2.  2.]
 [ 6.  6.]
 [ 6.  7.]
 [15.  3.]
 [10.  2.]
 [ 2.  1.]
 [ 6.  6.]
 [ 6.  7.]
 [16.  3.]
 [11.  2.]
 [ 2.  0.]
 [ 6.  6.]
 [ 6.  7.]
 [17.  3.]
 [12.  2.]
 [ 2. -1.]
 [ 6.  6.]
 [ 6.  7.]
 [17.  3.]
 [13.  2.]
 [ 2. -1.]
 [ 6.  6.]
 [ 6.  7.]
 [17.  3.]
 [14.  2.]
 [ 2. -1.]
 [ 6.  6.]
 [ 6.  7.]
 [17.  3.]
 [15.  2.]
 [ 2. -1.]
 [ 6.  6.]
 [ 6.  7.]
 [17.  3.]
 [16.  2.]
 [ 2. -1.]
 [ 6.  6.]
 [ 6.  7.]
 [17.  4.]
 [17.  3.]
 [ 2. -1.]
 [ 6.  6.]
 [ 6.  7.]
 [17.  5.]
 [17.  4.]
 [ 2. -1.]
 [ 6.  6.]
 [ 6.  7.]
 [17.  6.]
 [17.  5.]
 [ 2. -1.]
 [ 6.  6.]
 [ 6.  7.]
 [17.  7.]
 [17.  6.]
 [ 2. -1.]
 [ 6.  6.]
 [ 6.  7.]
 [17.  8.]
 [17.  7.]
 [ 2. -1.]
 [ 6.  6.]
 [ 6.  7.]
 [17.  9.]
 [17.  8.]
 [ 2. -1.]
 [ 6.  6.]
 [ 6.  7.]
 [17. 10.]
 [17.  9.]
 [ 2. -1.]
 [ 6.  6.]
 [ 6.  7.]
 [17. 11.]
 [17. 10.]
 [ 2. -1.]
 [ 6.  6.]
 [ 6.  7.]
 [17. 11.]
 [17. 10.]
 [ 2. -1.]
 [ 6.  6.]
 [ 6.  7.]
 [17. 12.]
 [17. 11.]
 [ 2. -1.]
 [ 6.  6.]
 [ 6.  7.]]
