Maze:
##########################
#                        #
#                        #
#                        #
#                        #
#                        #
#     ##############     #
#     #            #     #
#     #     S      #     #
#     #            #     #
#     #            #     #
#     #            #     #
#     #     CA     #     #
#     #            #     #
#     # D          #     #
#     #            #     #
#     #            #     #
#     #   B        #     #
#     #            #     #
#     ##############     #
#                        #
#                        #
#                        #
#                        #
#                        #
##########################
[[ 6.  2.]
 [ 7.  6.]
 [ 4. 11.]
 [ 6.  6.]
 [ 2.  8.]
 [ 6.  1.]
 [ 8.  5.]
 [ 5. 12.]
 [ 6.  6.]
 [ 3.  9.]
 [ 6.  0.]
 [ 8.  4.]
 [ 6. 13.]
 [ 6.  6.]
 [ 4. 10.]
 [ 6. -1.]
 [ 8.  3.]
 [ 7. 14.]
 [ 6.  6.]
 [ 5. 11.]
 [ 6. -2.]
 [ 8.  2.]
 [ 8. 15.]
 [ 6.  6.]
 [ 6. 12.]
 [ 6. -3.]
 [ 8.  1.]
 [ 9. 16.]
 [ 6.  6.]
 [ 7. 13.]
 [ 6. -4.]
 [ 8.  0.]
 [10. 17.]
 [ 6.  6.]
 [ 8. 14.]
 [ 6. -5.]
 [ 8. -1.]
 [11. 17.]
 [ 6.  6.]
 [ 9. 15.]
 [ 6. -5.]
 [ 8. -2.]
 [12. 17.]
 [ 6.  6.]
 [10. 16.]
 [ 5. -5.]
 [ 7. -3.]
 [13. 17.]
 [ 6.  6.]
 [11. 16.]
 [ 4. -5.]
 [ 6. -4.]
 [14. 17.]
 [ 6.  6.]
 [12. 16.]
 [ 3. -5.]
 [ 5. -4.]
 [15. 17.]
 [ 6.  6.]
 [13. 16.]
 [ 2. -5.]
 [ 4. -4.]
 [16. 17.]
 [ 6.  6.]
 [14. 16.]
 [ 1. -5.]
 [ 3. -4.]
 [17. 17.]
 [ 6.  6.]
 [15. 16.]
 [ 0. -5.]
 [ 2. -4.]
 [17. 17.]
 [ 6.  6.]
 [16. 16.]
 [-1. -5.]
 [ 1. -4.]
 [17. 17.]
 [ 6.  6.]
 [16. 16.]
 [-2. -5.]
 [ 0. -4.]
 [17. 17.]
 [ 6.  6.]
 [16. 16.]
 [-3. -5.]
 [-1. -4.]
 [17. 17.]
 [ 6.  6.]
 [16. 16.]
 [-4. -5.]
 [-2. -4.]
 [17. 17.]
 [ 6.  6.]
 [16. 16.]
 [-5. -5.]
 [-3. -4.]
 [17. 17.]
 [ 6.  6.]
 [16. 16.]
 [-5. -5.]
 [-3. -4.]
 [17. 17.]
 [ 6.  6.]
 [16. 16.]
 [-5. -5.]
 [-4. -4.]
 [17. 17.]
 [ 6.  6.]
 [16. 16.]]
