Maze:
##########################
#                        #
#                        #
#                        #
#                        #
#                        #
#     ##############     #
#     #            #     #
#     #            #     #
#     #            #     #
#     #            #     #
#     #            #     #
#     #     S      #     #
#     #          B #     #
#     #    C       #     #
#     #            #     #
#     #            #     #
#     # D          #     #
#     #      A     #     #
#     ##############     #
#                        #
#                        #
#                        #
#                        #
#                        #
##########################
[[ 6.  6.]
 [ 7. 12.]
 [11.  7.]
 [ 5.  8.]
 [ 2. 11.]
 [ 6.  6.]
 [ 7. 12.]
 [11.  7.]
 [ 5.  7.]
 [ 3. 11.]
 [ 6.  6.]
 [ 8. 12.]
 [11.  7.]
 [ 5.  7.]
 [ 4. 11.]
 [ 6.  6.]
 [ 9. 13.]
 [11.  7.]
 [ 5.  7.]
 [ 5. 11.]
 [ 6.  6.]
 [10. 14.]
 [11.  7.]
 [ 5.  7.]
 [ 6. 11.]
 [ 6.  6.]
 [10. 15.]
 [11.  7.]
 [ 5.  7.]
 [ 7. 11.]
 [ 6.  6.]
 [10. 16.]
 [11.  7.]
 [ 5.  7.]
 [ 8. 11.]
 [ 6.  6.]
 [10. 17.]
 [11.  7.]
 [ 5.  7.]
 [ 9. 11.]
 [ 6.  6.]
 [10. 17.]
 [11.  6.]
 [ 5.  7.]
 [10. 10.]
 [ 6.  6.]
 [10. 17.]
 [11.  5.]
 [ 5.  7.]
 [10.  9.]
 [ 6.  6.]
 [10. 17.]
 [11.  4.]
 [ 5.  7.]
 [10.  8.]
 [ 6.  6.]
 [10. 17.]
 [11.  3.]
 [ 5.  7.]
 [10.  7.]
 [ 6.  6.]
 [10. 17.]
 [11.  2.]
 [ 5.  7.]
 [11.  6.]
 [ 6.  6.]
 [10. 17.]
 [11.  1.]
 [ 5.  7.]
 [11.  5.]
 [ 6.  6.]
 [10. 17.]
 [11.  0.]
 [ 5.  7.]
 [11.  4.]
 [ 6.  6.]
 [10. 17.]
 [11. -1.]
 [ 5.  7.]
 [11.  3.]
 [ 6.  6.]
 [10. 17.]
 [11. -2.]
 [ 5.  7.]
 [11.  2.]
 [ 6.  6.]
 [10. 17.]
 [11. -3.]
 [ 5.  7.]
 [11.  1.]
 [ 6.  6.]
 [10. 17.]
 [11. -4.]
 [ 5.  7.]
 [11.  0.]
 [ 6.  6.]
 [10. 17.]
 [11. -5.]
 [ 5.  7.]
 [11. -1.]
 [ 6.  6.]
 [10. 17.]
 [11. -5.]
 [ 5.  7.]
 [11. -1.]
 [ 6.  6.]
 [10. 17.]
 [11. -5.]
 [ 5.  7.]
 [11. -2.]]
