Maze:
##########################
#                        #
#                        #
#                        #
#                        #
#                        #
#     ##############     #
#     #            #     #
#     #            #     #
#     #            #     #
#     #            #     #
#     # A          #     #
#     #     S      #     #
#     #         D  #     #
#     #            #     #
#     #            #     #
#     #  C         #     #
#     #            #     #
#     #      B     #     #
#     ##############     #
#                        #
#                        #
#                        #
#                        #
#                        #
##########################
[[ 6.  6.]
 [ 2.  5.]
 [ 7. 12.]
 [ 3. 10.]
 [10.  7.]
 [ 6.  6.]
 [ 3.  5.]
 [ 8. 12.]
 [ 3.  9.]
 [10.  8.]
 [ 6.  6.]
 [ 4.  5.]
 [ 8. 12.]
 [ 4.  9.]
 [10.  9.]
 [ 6.  6.]
 [ 5.  5.]
 [ 8. 13.]
 [ 5.  8.]
 [ 9. 10.]
 [ 6.  6.]
 [ 5.  5.]
 [ 8. 14.]
 [ 6.  7.]
 [ 9. 11.]
 [ 6.  6.]
 [ 5.  5.]
 [ 8. 15.]
 [ 6.  7.]
 [ 9. 12.]
 [ 6.  6.]
 [ 5.  5.]
 [ 8. 16.]
 [ 6.  7.]
 [ 9. 13.]
 [ 6.  6.]
 [ 5.  5.]
 [ 8. 17.]
 [ 6.  7.]
 [ 9. 14.]
 [ 6.  6.]
 [ 5.  5.]
 [ 8. 17.]
 [ 6.  7.]
 [ 9. 15.]
 [ 6.  6.]
 [ 5.  5.]
 [ 8. 17.]
 [ 6.  7.]
 [ 9. 16.]
 [ 6.  6.]
 [ 5.  5.]
 [ 7. 17.]
 [ 6.  7.]
 [ 8. 17.]
 [ 6.  6.]
 [ 5.  5.]
 [ 6. 17.]
 [ 6.  7.]
 [ 7. 17.]
 [ 6.  6.]
 [ 5.  5.]
 [ 5. 17.]
 [ 6.  7.]
 [ 6. 17.]
 [ 6.  6.]
 [ 5.  5.]
 [ 4. 17.]
 [ 6.  7.]
 [ 5. 17.]
 [ 6.  6.]
 [ 5.  5.]
 [ 3. 17.]
 [ 6.  7.]
 [ 4. 17.]
 [ 6.  6.]
 [ 5.  5.]
 [ 2. 17.]
 [ 6.  7.]
 [ 3. 17.]
 [ 6.  6.]
 [ 5.  5.]
 [ 1. 17.]
 [ 6.  7.]
 [ 2. 17.]
 [ 6.  6.]
 [ 5.  5.]
 [ 0. 17.]
 [ 6.  7.]
 [ 1. 17.]
 [ 6.  6.]
 [ 5.  5.]
 [-1. 17.]
 [ 6.  7.]
 [ 0. 17.]
 [ 6.  6.]
 [ 5.  5.]
 [-2. 17.]
 [ 6.  7.]
 [-1. 17.]
 [ 6.  6.]
 [ 5.  5.]
 [-2. 17.]
 [ 6.  7.]
 [-1. 17.]
 [ 6.  6.]
 [ 5.  5.]
 [-3. 17.]
 [ 6.  7.]
 [-2. 17.]]
