Maze:
##########################
#                        #
#                        #
#                        #
#                        #
#                        #
#     ##############     #
#     #            #     #
#     #            #     #
#     #            #     #
#     #            #     #
#     #           D#     #
#     #     C    B #     #
#     #      A     #     #
#     #            #     #
#     #            #     #
#     #            #     #
#     #            #     #
#     #   S        #     #
#     ##############     #
#                        #
#                        #
#                        #
#                        #
#                        #
##########################
[[ 4. 12.]
 [ 7.  7.]
 [11.  6.]
 [ 6.  6.]
 [12.  5.]
 [ 4. 13.]
 [ 6.  8.]
 [10.  7.]
 [ 6.  6.]
 [11.  6.]
 [ 4. 14.]
 [ 5.  9.]
 [ 9.  8.]
 [ 6.  6.]
 [10.  7.]
 [ 4. 15.]
 [ 4. 10.]
 [ 8.  9.]
 [ 6.  6.]
 [ 9.  8.]
 [ 4. 16.]
 [ 3. 11.]
 [ 7. 10.]
 [ 6.  6.]
 [ 8.  9.]
 [ 5. 17.]
 [ 2. 12.]
 [ 6. 11.]
 [ 6.  6.]
 [ 7. 10.]
 [ 6. 17.]
 [ 1. 13.]
 [ 5. 12.]
 [ 6.  6.]
 [ 6. 11.]
 [ 6. 16.]
 [ 0. 13.]
 [ 4. 13.]
 [ 6.  6.]
 [ 5. 12.]
 [ 6. 15.]
 [-1. 13.]
 [ 3. 14.]
 [ 6.  6.]
 [ 4. 13.]
 [ 5. 15.]
 [-2. 13.]
 [ 2. 15.]
 [ 6.  6.]
 [ 3. 14.]
 [ 4. 15.]
 [-3. 13.]
 [ 1. 16.]
 [ 6.  6.]
 [ 2. 15.]
 [ 3. 15.]
 [-4. 12.]
 [ 0. 17.]
 [ 6.  6.]
 [ 1. 16.]
 [ 2. 16.]
 [-4. 11.]
 [-1. 17.]
 [ 6.  6.]
 [ 0. 17.]
 [ 1. 16.]
 [-4. 10.]
 [-2. 17.]
 [ 6.  6.]
 [-1. 17.]
 [ 0. 16.]
 [-4.  9.]
 [-3. 17.]
 [ 6.  6.]
 [-2. 17.]
 [-1. 16.]
 [-4.  9.]
 [-4. 17.]
 [ 6.  6.]
 [-3. 17.]
 [-2. 16.]
 [-4.  9.]
 [-5. 17.]
 [ 6.  6.]
 [-4. 17.]
 [-3. 16.]
 [-4.  9.]
 [-5. 17.]
 [ 6.  6.]
 [-4. 17.]
 [-3. 16.]
 [-4.  9.]
 [-5. 17.]
 [ 6.  6.]
 [-4. 17.]]
