Maze:
##########################
#                        #
#                        #
#                        #
#                        #
#                        #
#     ##############     #
#     #            #     #
#     #            #     #
#     #       A    #     #
#     #            #     #
#     #            #     #
#     #     B      #     #
#     #            #     #
#     #S           #     #
#     #  C         #     #
#     #            #     #
#     #            #     #
#     #      D     #     #
#     ##############     #
#                        #
#                        #
#                        #
#                        #
#                        #
##########################
[[ 1.  8.]
 [ 8.  3.]
 [ 6.  6.]
 [ 3.  9.]
 [ 7. 12.]
 [ 0.  7.]
 [ 8.  2.]
 [ 6.  6.]
 [ 2.  9.]
 [ 7. 11.]
 [-1.  6.]
 [ 8.  1.]
 [ 6.  6.]
 [ 1.  9.]
 [ 7. 10.]
 [-1.  5.]
 [ 8.  0.]
 [ 6.  6.]
 [ 0.  8.]
 [ 7.  9.]
 [-1.  4.]
 [ 8. -1.]
 [ 6.  6.]
 [ 0.  7.]
 [ 7.  8.]
 [-1.  3.]
 [ 8. -2.]
 [ 6.  6.]
 [ 0.  6.]
 [ 7.  7.]
 [-1.  2.]
 [ 8. -3.]
 [ 6.  6.]
 [ 0.  5.]
 [ 7.  7.]
 [-1.  1.]
 [ 8. -3.]
 [ 6.  6.]
 [ 0.  4.]
 [ 7.  7.]
 [-1.  0.]
 [ 8. -3.]
 [ 6.  6.]
 [ 0.  3.]
 [ 7.  7.]
 [-1. -1.]
 [ 8. -3.]
 [ 6.  6.]
 [ 0.  2.]
 [ 7.  7.]
 [-1. -2.]
 [ 8. -3.]
 [ 6.  6.]
 [ 0.  1.]
 [ 7.  7.]
 [-1. -3.]
 [ 8. -3.]
 [ 6.  6.]
 [ 0.  0.]
 [ 7.  7.]
 [-1. -4.]
 [ 8. -4.]
 [ 6.  6.]
 [ 0. -1.]
 [ 7.  7.]
 [-1. -5.]
 [ 8. -4.]
 [ 6.  6.]
 [ 0. -2.]
 [ 7.  7.]
 [-1. -5.]
 [ 8. -4.]
 [ 6.  6.]
 [ 0. -3.]
 [ 7.  7.]
 [-2. -5.]
 [ 8. -4.]
 [ 6.  6.]
 [ 0. -4.]
 [ 7.  7.]
 [-3. -5.]
 [ 8. -4.]
 [ 6.  6.]
 [-1. -4.]
 [ 7.  7.]
 [-4. -5.]
 [ 8. -4.]
 [ 6.  6.]
 [-2. -4.]
 [ 7.  7.]
 [-5. -5.]
 [ 8. -4.]
 [ 6.  6.]
 [-3. -4.]
 [ 7.  7.]
 [-5. -5.]
 [ 8. -4.]
 [ 6.  6.]
 [-4. -4.]
 [ 7.  7.]
 [-5. -5.]
 [ 8. -4.]
 [ 6.  6.]
 [-4. -4.]
 [ 7.  7.]]
