Maze:
##########################
#                        #
#                        #
#                        #
#                        #
#                        #
#     ##############     #
#     #            #     #
#     #            #     #
#     #            #     #
#     #            #     #
#     #          C #     #
#     #     B      #     #
#     #   A        #     #
#     #            #     #
#     #  D         #     #
#     #            #     #
#     #            #     #
#     #    S       #     #
#     ##############     #
#                        #
#                        #
#                        #
#                        #
#                        #
##########################
[[ 5. 12.]
 [ 4.  7.]
 [ 6.  6.]
 [11.  5.]
 [ 3.  9.]
 [ 5. 12.]
 [ 3.  7.]
 [ 6.  6.]
 [12.  5.]
 [ 3.  8.]
 [ 5. 12.]
 [ 3.  6.]
 [ 6.  6.]
 [12.  5.]
 [ 3.  7.]
 [ 5. 12.]
 [ 3.  5.]
 [ 6.  6.]
 [12.  5.]
 [ 3.  6.]
 [ 5. 12.]
 [ 3.  4.]
 [ 6.  6.]
 [12.  5.]
 [ 3.  5.]
 [ 5. 12.]
 [ 3.  3.]
 [ 6.  6.]
 [12.  5.]
 [ 3.  4.]
 [ 5. 12.]
 [ 3.  2.]
 [ 6.  6.]
 [12.  5.]
 [ 3.  3.]
 [ 5. 12.]
 [ 3.  1.]
 [ 6.  6.]
 [12.  5.]
 [ 3.  2.]
 [ 5. 12.]
 [ 3.  0.]
 [ 6.  6.]
 [12.  5.]
 [ 3.  1.]
 [ 5. 12.]
 [ 3. -1.]
 [ 6.  6.]
 [12.  5.]
 [ 3.  0.]
 [ 5. 12.]
 [ 3. -2.]
 [ 6.  6.]
 [12.  5.]
 [ 3. -1.]
 [ 5. 12.]
 [ 3. -3.]
 [ 6.  6.]
 [12.  5.]
 [ 3. -2.]
 [ 5. 12.]
 [ 3. -4.]
 [ 6.  6.]
 [12.  5.]
 [ 3. -3.]
 [ 5. 12.]
 [ 3. -5.]
 [ 6.  6.]
 [12.  5.]
 [ 3. -4.]
 [ 5. 11.]
 [ 3. -5.]
 [ 6.  6.]
 [12.  5.]
 [ 3. -4.]
 [ 5. 10.]
 [ 3. -5.]
 [ 6.  6.]
 [12.  5.]
 [ 3. -4.]
 [ 5.  9.]
 [ 3. -5.]
 [ 6.  6.]
 [12.  5.]
 [ 3. -4.]
 [ 5.  8.]
 [ 3. -5.]
 [ 6.  6.]
 [12.  5.]
 [ 3. -4.]
 [ 5.  7.]
 [ 3. -5.]
 [ 6.  6.]
 [12.  5.]
 [ 3. -4.]
 [ 5.  7.]
 [ 3. -5.]
 [ 6.  6.]
 [12.  5.]
 [ 3. -4.]]
