Maze:
##########################
#                        #
#                        #
#                        #
#                        #
#                        #
#     ##############     #
#     #           D#     #
#     #            #     #
#     #            #     #
#     #         C  #     #
#     #            #     #
#     #     A      #     #
#     #          B #     #
#     #            #     #
#     #            #     #
#     # S          #     #
#     #            #     #
#     #            #     #
#     ##############     #
#                        #
#                        #
#                        #
#                        #
#                        #
##########################
[[ 2. 10.]
 [ 6.  6.]
 [11.  7.]
 [10.  4.]
 [12.  1.]
 [ 3.  9.]
 [ 6.  6.]
 [11.  6.]
 [10.  4.]
 [12.  2.]
 [ 4.  8.]
 [ 6.  6.]
 [11.  5.]
 [ 9.  4.]
 [12.  3.]
 [ 5.  7.]
 [ 6.  6.]
 [10.  5.]
 [ 9.  3.]
 [11.  4.]
 [ 5.  7.]
 [ 6.  6.]
 [ 9.  5.]
 [ 9.  2.]
 [10.  5.]
 [ 5.  7.]
 [ 6.  6.]
 [ 8.  5.]
 [ 9.  1.]
 [ 9.  5.]
 [ 5.  7.]
 [ 6.  6.]
 [ 7.  5.]
 [ 9.  0.]
 [ 8.  5.]
 [ 5.  7.]
 [ 6.  6.]
 [ 6.  5.]
 [ 9. -1.]
 [ 7.  5.]
 [ 5.  7.]
 [ 6.  6.]
 [ 5.  4.]
 [ 9. -2.]
 [ 6.  5.]
 [ 5.  7.]
 [ 6.  6.]
 [ 4.  3.]
 [ 9. -3.]
 [ 6.  4.]
 [ 5.  7.]
 [ 6.  6.]
 [ 3.  2.]
 [ 9. -4.]
 [ 5.  3.]
 [ 5.  7.]
 [ 6.  6.]
 [ 2.  1.]
 [ 9. -5.]
 [ 4.  3.]
 [ 5.  7.]
 [ 6.  6.]
 [ 1.  0.]
 [ 9. -5.]
 [ 3.  2.]
 [ 5.  7.]
 [ 6.  6.]
 [ 0. -1.]
 [ 9. -5.]
 [ 2.  1.]
 [ 5.  7.]
 [ 6.  6.]
 [-1. -2.]
 [ 9. -5.]
 [ 1.  0.]
 [ 5.  7.]
 [ 6.  6.]
 [-2. -3.]
 [ 9. -5.]
 [ 0. -1.]
 [ 5.  7.]
 [ 6.  6.]
 [-3. -4.]
 [ 9. -5.]
 [-1. -2.]
 [ 5.  7.]
 [ 6.  6.]
 [-4. -5.]
 [ 9. -5.]
 [-2. -3.]
 [ 5.  7.]
 [ 6.  6.]
 [-5. -5.]
 [ 9. -5.]
 [-3. -4.]
 [ 5.  7.]
 [ 6.  6.]
 [-5. -5.]
 [ 9. -5.]
 [-4. -4.]
 [ 5.  7.]
 [ 6.  6.]
 [-5. -5.]
 [ 9. -5.]
 [-4. -4.]]
