Maze:
##########################
#                        #
#                        #
#                        #
#                        #
#                        #
#     ##############     #
#     #           S#     #
#     #            #     #
#     #            #     #
#     #            #     #
#     #  D         #     #
#     #     A      #     #
#     #            #     #
#     #            #     #
#     #       C    #     #
#     #     B      #     #
#     #            #     #
#     #            #     #
#     ##############     #
#                        #
#                        #
#                        #
#                        #
#                        #
##########################
[[12.  1.]
 [ 6.  6.]
 [ 6. 10.]
 [ 8.  9.]
 [ 3.  5.]
 [11.  1.]
 [ 6.  6.]
 [ 7. 10.]
 [ 9. 10.]
 [ 2.  5.]
 [10.  1.]
 [ 6.  6.]
 [ 8. 10.]
 [10. 10.]
 [ 2.  5.]
 [ 9.  2.]
 [ 6.  6.]
 [ 9. 10.]
 [11. 10.]
 [ 2.  5.]
 [ 8.  3.]
 [ 6.  6.]
 [10. 10.]
 [12. 10.]
 [ 2.  5.]
 [ 7.  4.]
 [ 6.  6.]
 [11. 10.]
 [13. 10.]
 [ 2.  5.]
 [ 6.  5.]
 [ 6.  6.]
 [12. 10.]
 [14. 10.]
 [ 2.  5.]
 [ 6.  5.]
 [ 6.  6.]
 [13. 10.]
 [15. 10.]
 [ 3.  5.]
 [ 6.  5.]
 [ 6.  6.]
 [14. 10.]
 [16. 10.]
 [ 4.  5.]
 [ 6.  5.]
 [ 6.  6.]
 [15. 10.]
 [17. 10.]
 [ 5.  5.]
 [ 5.  6.]
 [ 6.  6.]
 [16. 10.]
 [17. 10.]
 [ 6.  5.]
 [ 5.  6.]
 [ 6.  6.]
 [16. 10.]
 [17. 10.]
 [ 5.  4.]
 [ 5.  6.]
 [ 6.  6.]
 [16. 10.]
 [17. 10.]
 [ 5.  5.]
 [ 6.  5.]
 [ 6.  6.]
 [16. 10.]
 [17. 10.]
 [ 5.  6.]
 [ 6.  5.]
 [ 6.  6.]
 [16. 10.]
 [17. 10.]
 [ 5.  5.]
 [ 5.  6.]
 [ 6.  6.]
 [16. 10.]
 [17. 10.]
 [ 6.  5.]
 [ 5.  6.]
 [ 6.  6.]
 [16. 10.]
 [17. 10.]
 [ 5.  4.]
 [ 5.  6.]
 [ 6.  6.]
 [16. 10.]
 [17. 10.]
 [ 5.  5.]
 [ 6.  5.]
 [ 6.  6.]
 [16. 10.]
 [17. 10.]
 [ 5.  6.]
 [ 6.  5.]
 [ 6.  6.]
 [16. 10.]
 [17. 10.]
 [ 5.  5.]
 [ 6.  5.]
 [ 6.  6.]
 [16. 10.]
 [17. 10.]
 [ 5.  5.]
 [ 5.  6.]
 [ 6.  6.]
 [16. 10.]
 [17. 10.]
 [ 6.  5.]]
