Maze:
##########################
#                        #
#                        #
#                        #
#                        #
#                        #
#     ##############     #
#     #            #     #
#     #            #     #
#     #A           #     #
#     #            #     #
#     #        D   #     #
#     #     S      #     #
#     #     B      #     #
#     #            #     #
#     #            #     #
#     #            #     #
#     #            #     #
#     #   C        #     #
#     ##############     #
#                        #
#                        #
#                        #
#                        #
#                        #
##########################
[[ 6.  6.]
 [ 1.  3.]
 [ 6.  7.]
 [ 4. 12.]
 [ 9.  5.]
 [ 6.  6.]
 [ 1.  3.]
 [ 6.  8.]
 [ 4. 13.]
 [ 8.  5.]
 [ 6.  6.]
 [ 2.  3.]
 [ 6.  9.]
 [ 4. 14.]
 [ 7.  6.]
 [ 6.  6.]
 [ 3.  3.]
 [ 6. 10.]
 [ 4. 15.]
 [ 7.  6.]
 [ 6.  6.]
 [ 4.  4.]
 [ 6. 11.]
 [ 4. 16.]
 [ 7.  6.]
 [ 6.  6.]
 [ 5.  5.]
 [ 6. 12.]
 [ 4. 17.]
 [ 7.  6.]
 [ 6.  6.]
 [ 5.  5.]
 [ 6. 13.]
 [ 4. 17.]
 [ 7.  6.]
 [ 6.  6.]
 [ 5.  5.]
 [ 6. 14.]
 [ 4. 17.]
 [ 7.  6.]
 [ 6.  6.]
 [ 5.  5.]
 [ 6. 15.]
 [ 4. 17.]
 [ 7.  6.]
 [ 6.  6.]
 [ 5.  5.]
 [ 5. 16.]
 [ 3. 17.]
 [ 7.  6.]
 [ 6.  6.]
 [ 5.  5.]
 [ 4. 17.]
 [ 2. 17.]
 [ 7.  6.]
 [ 6.  6.]
 [ 5.  5.]
 [ 3. 17.]
 [ 1. 17.]
 [ 7.  6.]
 [ 6.  6.]
 [ 5.  5.]
 [ 2. 17.]
 [ 0. 17.]
 [ 7.  6.]
 [ 6.  6.]
 [ 5.  5.]
 [ 1. 17.]
 [-1. 17.]
 [ 7.  6.]
 [ 6.  6.]
 [ 5.  5.]
 [ 0. 17.]
 [-2. 17.]
 [ 7.  6.]
 [ 6.  6.]
 [ 5.  5.]
 [-1. 17.]
 [-3. 17.]
 [ 7.  6.]
 [ 6.  6.]
 [ 5.  5.]
 [-2. 17.]
 [-4. 17.]
 [ 7.  6.]
 [ 6.  6.]
 [ 5.  5.]
 [-3. 17.]
 [-5. 17.]
 [ 7.  6.]
 [ 6.  6.]
 [ 5.  5.]
 [-4. 17.]
 [-5. 17.]
 [ 7.  6.]
 [ 6.  6.]
 [ 5.  5.]
 [-4. 17.]
 [-5. 17.]
 [ 7.  6.]]
