Maze:
##########################
#                        #
#                        #
#                        #
#                        #
#                        #
#     ##############     #
#     #         C  #     #
#     #            #     #
#     #    D       #     #
#     #      B     #     #
#     #           S#     #
#     #     A      #     #
#     #            #     #
#     #            #     #
#     #            #     #
#     #            #     #
#     #            #     #
#     #            #     #
#     ##############     #
#                        #
#                        #
#                        #
#                        #
#                        #
##########################
[[12.  5.]
 [ 6.  6.]
 [ 7.  4.]
 [10.  1.]
 [ 5.  3.]
 [11.  5.]
 [ 6.  6.]
 [ 8.  4.]
 [10.  0.]
 [ 6.  3.]
 [10.  5.]
 [ 6.  6.]
 [ 9.  4.]
 [10. -1.]
 [ 7.  3.]
 [ 9.  4.]
 [ 6.  6.]
 [ 9.  3.]
 [10. -2.]
 [ 8.  3.]
 [ 9.  4.]
 [ 6.  6.]
 [10.  2.]
 [10. -3.]
 [ 8.  3.]
 [ 8.  3.]
 [ 6.  6.]
 [11.  1.]
 [10. -4.]
 [ 9.  3.]
 [ 9.  3.]
 [ 6.  6.]
 [12.  0.]
 [10. -5.]
 [ 8.  3.]
 [ 8.  3.]
 [ 6.  6.]
 [12. -1.]
 [10. -5.]
 [ 9.  3.]
 [ 9.  3.]
 [ 6.  6.]
 [12. -2.]
 [10. -5.]
 [ 8.  3.]
 [ 8.  3.]
 [ 6.  6.]
 [12. -3.]
 [10. -5.]
 [ 9.  3.]
 [ 9.  3.]
 [ 6.  6.]
 [11. -4.]
 [10. -5.]
 [ 8.  3.]
 [ 8.  3.]
 [ 6.  6.]
 [10. -5.]
 [ 9. -5.]
 [ 9.  3.]
 [ 9.  3.]
 [ 6.  6.]
 [ 9. -5.]
 [ 8. -5.]
 [ 8.  3.]
 [ 8.  3.]
 [ 6.  6.]
 [ 8. -5.]
 [ 7. -5.]
 [ 9.  3.]
 [ 9.  3.]
 [ 6.  6.]
 [ 7. -5.]
 [ 6. -5.]
 [ 8.  3.]
 [ 8.  3.]
 [ 6.  6.]
 [ 6. -5.]
 [ 5. -5.]
 [ 9.  3.]
 [ 9.  3.]
 [ 6.  6.]
 [ 5. -5.]
 [ 4. -5.]
 [ 8.  3.]
 [ 8.  3.]
 [ 6.  6.]
 [ 4. -5.]
 [ 3. -5.]
 [ 9.  3.]
 [ 9.  3.]
 [ 6.  6.]
 [ 3. -5.]
 [ 2. -5.]
 [ 8.  3.]
 [ 8.  3.]
 [ 6.  6.]
 [ 2. -5.]
 [ 1. -5.]
 [ 9.  3.]
 [ 8.  3.]
 [ 6.  6.]
 [ 2. -5.]
 [ 1. -5.]
 [ 9.  3.]
 [ 9.  3.]
 [ 6.  6.]
 [ 1. -5.]
 [ 0. -5.]
 [ 8.  3.]]
