Maze:
##########################
#                        #
#                        #
#                        #
#                        #
#                        #
#     ##############     #
#     #           S#     #
#     #          B #     #
#     #            #     #
#     #            #     #
#     #            #     #
#     #     D      #     #
#     #            #     #
#     #            #     #
#     #            #     #
#     #     A      #     #
#     #            #     #
#     #      C     #     #
#     ##############     #
#                        #
#                        #
#                        #
#                        #
#                        #
##########################
[[12.  1.]
 [ 6. 10.]
 [11.  2.]
 [ 7. 12.]
 [ 6.  6.]
 [11.  2.]
 [ 6.  9.]
 [10.  3.]
 [ 7. 13.]
 [ 6.  6.]
 [10.  3.]
 [ 6.  8.]
 [ 9.  4.]
 [ 7. 14.]
 [ 6.  6.]
 [ 9.  4.]
 [ 6.  7.]
 [ 8.  5.]
 [ 7. 15.]
 [ 6.  6.]
 [ 8.  5.]
 [ 6.  7.]
 [ 8.  6.]
 [ 7. 16.]
 [ 6.  6.]
 [ 8.  6.]
 [ 6.  7.]
 [ 8.  7.]
 [ 7. 17.]
 [ 6.  6.]
 [ 7.  7.]
 [ 6.  7.]
 [ 8.  8.]
 [ 7. 17.]
 [ 6.  6.]
 [ 6.  7.]
 [ 7.  6.]
 [ 9.  9.]
 [ 7. 17.]
 [ 6.  6.]
 [ 6.  7.]
 [ 7.  6.]
 [10. 10.]
 [ 7. 17.]
 [ 6.  6.]
 [ 6.  7.]
 [ 7.  6.]
 [11. 11.]
 [ 7. 17.]
 [ 6.  6.]
 [ 6.  7.]
 [ 7.  6.]
 [11. 12.]
 [ 7. 17.]
 [ 6.  6.]
 [ 6.  7.]
 [ 7.  6.]
 [11. 13.]
 [ 7. 17.]
 [ 6.  6.]
 [ 6.  7.]
 [ 7.  6.]
 [11. 14.]
 [ 7. 17.]
 [ 6.  6.]
 [ 6.  7.]
 [ 7.  6.]
 [11. 15.]
 [ 7. 17.]
 [ 6.  6.]
 [ 6.  7.]
 [ 7.  6.]
 [10. 16.]
 [ 7. 17.]
 [ 6.  6.]
 [ 6.  7.]
 [ 7.  6.]
 [ 9. 16.]
 [ 6. 17.]
 [ 6.  6.]
 [ 6.  7.]
 [ 7.  6.]
 [ 8. 16.]
 [ 5. 17.]
 [ 6.  6.]
 [ 6.  7.]
 [ 7.  6.]
 [ 7. 16.]
 [ 4. 17.]
 [ 6.  6.]
 [ 6.  7.]
 [ 7.  6.]
 [ 6. 16.]
 [ 3. 17.]
 [ 6.  6.]
 [ 6.  7.]
 [ 7.  6.]
 [ 5. 16.]
 [ 2. 17.]
 [ 6.  6.]
 [ 6.  7.]
 [ 7.  6.]
 [ 5. 16.]
 [ 2. 17.]
 [ 6.  6.]
 [ 6.  7.]
 [ 7.  6.]
 [ 4. 16.]
 [ 1. 17.]
 [ 6.  6.]]
