Maze:
##########################
#                        #
#                        #
#                        #
#                        #
#                        #
#     ##############     #
#     #            #     #
#     #  AD        #     #
#     #            #     #
#     #         B  #     #
#     #            #     #
#     #     S      #     #
#     #            #     #
#     #            #     #
#     #           C#     #
#     #            #     #
#     #            #     #
#     #            #     #
#     ##############     #
#                        #
#                        #
#                        #
#                        #
#                        #
##########################
[[ 6.  6.]
 [ 3.  2.]
 [10.  4.]
 [12.  9.]
 [ 4.  2.]
 [ 6.  6.]
 [ 4.  2.]
 [11.  4.]
 [13. 10.]
 [ 5.  2.]
 [ 6.  6.]
 [ 5.  2.]
 [12.  4.]
 [14. 11.]
 [ 6.  2.]
 [ 6.  6.]
 [ 6.  2.]
 [13.  4.]
 [14. 11.]
 [ 7.  2.]
 [ 6.  6.]
 [ 7.  2.]
 [14.  5.]
 [14. 12.]
 [ 8.  2.]
 [ 6.  6.]
 [ 8.  2.]
 [15.  6.]
 [14. 13.]
 [ 9.  2.]
 [ 6.  6.]
 [ 9.  2.]
 [16.  7.]
 [14. 14.]
 [10.  2.]
 [ 6.  6.]
 [10.  2.]
 [16.  8.]
 [14. 15.]
 [11.  2.]
 [ 6.  6.]
 [11.  2.]
 [16.  9.]
 [14. 16.]
 [12.  2.]
 [ 6.  6.]
 [12.  2.]
 [16. 10.]
 [14. 16.]
 [13.  2.]
 [ 6.  6.]
 [13.  2.]
 [16. 11.]
 [14. 17.]
 [14.  2.]
 [ 6.  6.]
 [14.  2.]
 [16. 12.]
 [14. 17.]
 [15.  2.]
 [ 6.  6.]
 [15.  2.]
 [16. 13.]
 [14. 17.]
 [16.  2.]
 [ 6.  6.]
 [16.  2.]
 [16. 14.]
 [14. 17.]
 [17.  2.]
 [ 6.  6.]
 [16.  2.]
 [16. 15.]
 [14. 17.]
 [17.  2.]
 [ 6.  6.]
 [16.  2.]
 [15. 16.]
 [13. 17.]
 [17.  2.]
 [ 6.  6.]
 [16.  2.]
 [14. 16.]
 [12. 17.]
 [17.  2.]
 [ 6.  6.]
 [16.  2.]
 [13. 16.]
 [11. 17.]
 [17.  2.]
 [ 6.  6.]
 [16.  2.]
 [12. 16.]
 [10. 17.]
 [17.  2.]
 [ 6.  6.]
 [16.  2.]
 [11. 16.]
 [ 9. 17.]
 [17.  2.]
 [ 6.  6.]
 [16.  2.]
 [11. 16.]
 [ 9. 17.]
 [17.  2.]
 [ 6.  6.]
 [16.  2.]
 [10. 16.]
 [ 8. 17.]
 [17.  2.]]
