Maze:
##########################
#                        #
#                        #
#                        #
#                        #
#                        #
#     ##############     #
#     #    A       #     #
#     #            #     #
#     #            #     #
#     #            #     #
#     #            #     #
#     #     S      #     #
#     #            #     #
#     #       B    #     #
#     #           C#     #
#     #            #     #
#     #        D   #     #
#     #            #     #
#     ##############     #
#                        #
#                        #
#                        #
#                        #
#                        #
##########################
[[ 6.  6.]
 [ 5.  1.]
 [ 8.  8.]
 [12.  9.]
 [ 9. 11.]
 [ 6.  6.]
 [ 5.  2.]
 [ 9.  8.]
 [13.  9.]
 [ 9. 10.]
 [ 6.  6.]
 [ 5.  3.]
 [10.  7.]
 [14.  9.]
 [ 9.  9.]
 [ 6.  6.]
 [ 5.  4.]
 [11.  6.]
 [15.  9.]
 [ 9.  8.]
 [ 6.  6.]
 [ 5.  5.]
 [12.  6.]
 [16.  9.]
 [ 9.  7.]
 [ 6.  6.]
 [ 5.  5.]
 [13.  6.]
 [17.  9.]
 [ 9.  6.]
 [ 6.  6.]
 [ 5.  5.]
 [14.  6.]
 [17.  9.]
 [ 8.  6.]
 [ 6.  6.]
 [ 5.  5.]
 [15.  6.]
 [17.  9.]
 [ 7.  6.]
 [ 6.  6.]
 [ 5.  5.]
 [16.  7.]
 [17. 10.]
 [ 7.  6.]
 [ 6.  6.]
 [ 5.  5.]
 [16.  8.]
 [17. 11.]
 [ 7.  6.]
 [ 6.  6.]
 [ 5.  5.]
 [16.  9.]
 [17. 12.]
 [ 7.  6.]
 [ 6.  6.]
 [ 5.  5.]
 [16. 10.]
 [17. 13.]
 [ 7.  6.]
 [ 6.  6.]
 [ 5.  5.]
 [16. 11.]
 [17. 14.]
 [ 7.  6.]
 [ 6.  6.]
 [ 5.  5.]
 [16. 12.]
 [17. 15.]
 [ 7.  6.]
 [ 6.  6.]
 [ 5.  5.]
 [16. 13.]
 [17. 16.]
 [ 7.  6.]
 [ 6.  6.]
 [ 5.  5.]
 [16. 14.]
 [17. 17.]
 [ 7.  6.]
 [ 6.  6.]
 [ 5.  5.]
 [16. 15.]
 [17. 17.]
 [ 7.  6.]
 [ 6.  6.]
 [ 5.  5.]
 [16. 16.]
 [17. 17.]
 [ 7.  6.]
 [ 6.  6.]
 [ 5.  5.]
 [16. 16.]
 [17. 17.]
 [ 7.  6.]]
