Maze:
##########################
#                        #
#                        #
#                        #
#                        #
#                        #
#     ##############     #
#     #            #     #
#     #            #     #
#     #            #     #
#     #            #     #
#     #            #     #
#     #     B      #     #
#     #          A #     #
#     #        C   #     #
#     #S           #     #
#     #            #     #
#     #            #     #
#     #   D        #     #
#     ##############     #
#                        #
#                        #
#                        #
#                        #
#                        #
##########################
[[ 1.  9.]
 [11.  7.]
 [ 6.  6.]
 [ 9.  8.]
 [ 4. 12.]
 [ 0.  9.]
 [12.  7.]
 [ 6.  6.]
 [10.  8.]
 [ 4. 13.]
 [-1.  9.]
 [13.  7.]
 [ 6.  6.]
 [11.  8.]
 [ 4. 13.]
 [-2.  9.]
 [14.  7.]
 [ 6.  6.]
 [12.  8.]
 [ 4. 13.]
 [-3.  9.]
 [15.  7.]
 [ 6.  6.]
 [13.  8.]
 [ 4. 13.]
 [-4.  9.]
 [16.  7.]
 [ 6.  6.]
 [14.  8.]
 [ 4. 13.]
 [-5.  9.]
 [17.  7.]
 [ 6.  6.]
 [15.  8.]
 [ 4. 13.]
 [-5.  9.]
 [17.  7.]
 [ 6.  6.]
 [16.  8.]
 [ 4. 13.]
 [-5.  9.]
 [17.  6.]
 [ 6.  6.]
 [17.  7.]
 [ 4. 13.]
 [-5.  9.]
 [17.  5.]
 [ 6.  6.]
 [17.  6.]
 [ 4. 13.]
 [-5.  9.]
 [17.  4.]
 [ 6.  6.]
 [17.  5.]
 [ 4. 13.]
 [-5.  9.]
 [17.  3.]
 [ 6.  6.]
 [17.  4.]
 [ 4. 13.]
 [-5.  9.]
 [17.  2.]
 [ 6.  6.]
 [17.  3.]
 [ 4. 13.]
 [-5.  9.]
 [17.  1.]
 [ 6.  6.]
 [17.  2.]
 [ 4. 13.]
 [-5.  9.]
 [17.  0.]
 [ 6.  6.]
 [17.  1.]
 [ 4. 13.]
 [-5.  9.]
 [17. -1.]
 [ 6.  6.]
 [17.  0.]
 [ 4. 13.]
 [-5.  9.]
 [17. -2.]
 [ 6.  6.]
 [17. -1.]
 [ 4. 13.]
 [-5.  9.]
 [17. -3.]
 [ 6.  6.]
 [17. -2.]
 [ 4. 13.]
 [-5.  9.]
 [17. -4.]
 [ 6.  6.]
 [17. -3.]
 [ 4. 13.]
 [-5.  9.]
 [17. -5.]
 [ 6.  6.]
 [17. -4.]
 [ 4. 13.]
 [-5.  9.]
 [17. -5.]
 [ 6.  6.]
 [17. -4.]
 [ 4. 13.]]
