Maze:
##########################
#                        #
#                        #
#                        #
#                        #
#                        #
#     ##############     #
#     #            #     #
#     #            #     #
#     #            #     #
#     #            #     #
#     #       B    #     #
#     #   C D      #     #
#     # A          #     #
#     #            #     #
#     #            #     #
#     #            #     #
#     #S           #     #
#     #            #     #
#     ##############     #
#                        #
#                        #
#                        #
#                        #
#                        #
##########################
[[ 1. 11.]
 [ 2.  7.]
 [ 8.  5.]
 [ 4.  6.]
 [ 6.  6.]
 [ 1. 12.]
 [ 1.  7.]
 [ 9.  5.]
 [ 3.  6.]
 [ 6.  6.]
 [ 1. 13.]
 [ 0.  7.]
 [ 9.  5.]
 [ 2.  6.]
 [ 6.  6.]
 [ 1. 14.]
 [-1.  7.]
 [ 9.  5.]
 [ 1.  6.]
 [ 6.  6.]
 [ 1. 15.]
 [-2.  7.]
 [ 9.  5.]
 [ 0.  6.]
 [ 6.  6.]
 [ 1. 16.]
 [-3.  7.]
 [ 9.  5.]
 [-1.  6.]
 [ 6.  6.]
 [ 1. 17.]
 [-4.  7.]
 [ 9.  5.]
 [-2.  6.]
 [ 6.  6.]
 [ 1. 17.]
 [-5.  7.]
 [ 9.  5.]
 [-3.  6.]
 [ 6.  6.]
 [ 1. 17.]
 [-5.  7.]
 [ 9.  5.]
 [-4.  6.]
 [ 6.  6.]
 [ 1. 17.]
 [-5.  8.]
 [ 9.  5.]
 [-5.  7.]
 [ 6.  6.]
 [ 1. 17.]
 [-5.  9.]
 [ 9.  5.]
 [-5.  8.]
 [ 6.  6.]
 [ 1. 17.]
 [-5. 10.]
 [ 9.  5.]
 [-5.  9.]
 [ 6.  6.]
 [ 1. 17.]
 [-5. 11.]
 [ 9.  5.]
 [-5. 10.]
 [ 6.  6.]
 [ 1. 17.]
 [-5. 12.]
 [ 9.  5.]
 [-5. 11.]
 [ 6.  6.]
 [ 1. 17.]
 [-5. 13.]
 [ 9.  5.]
 [-5. 12.]
 [ 6.  6.]
 [ 1. 17.]
 [-5. 14.]
 [ 9.  5.]
 [-5. 13.]
 [ 6.  6.]
 [ 1. 17.]
 [-5. 15.]
 [ 9.  5.]
 [-5. 14.]
 [ 6.  6.]
 [ 2. 17.]
 [-5. 16.]
 [ 9.  5.]
 [-5. 15.]
 [ 6.  6.]
 [ 2. 17.]
 [-5. 17.]
 [ 9.  5.]
 [-5. 16.]
 [ 6.  6.]
 [ 3. 17.]
 [-5. 17.]
 [ 9.  5.]
 [-5. 16.]
 [ 6.  6.]
 [ 3. 17.]
 [-5. 17.]
 [ 9.  5.]
 [-5. 16.]
 [ 6.  6.]]
