Maze:
##########################
#                        #
#                        #
#                        #
#                        #
#                        #
#     ##############     #
#     #           B#     #
#     #            #     #
#     #  D         #     #
#     #            #     #
#     #            #     #
#     #     A      #     #
#     #            #     #
#     #            #     #
#     #     S      #     #
#     #            #     #
#     #      C     #     #
#     #            #     #
#     ##############     #
#                        #
#                        #
#                        #
#                        #
#                        #
##########################
[[ 6.  9.]
 [ 6.  6.]
 [12.  1.]
 [ 7. 11.]
 [ 3.  3.]
 [ 5.  9.]
 [ 6.  6.]
 [12.  1.]
 [ 7. 10.]
 [ 3.  3.]
 [ 4.  9.]
 [ 6.  6.]
 [12.  1.]
 [ 6. 10.]
 [ 3.  3.]
 [ 3.  9.]
 [ 6.  6.]
 [12.  1.]
 [ 5. 10.]
 [ 3.  2.]
 [ 2.  9.]
 [ 6.  6.]
 [12.  1.]
 [ 4. 10.]
 [ 3.  2.]
 [ 1.  9.]
 [ 6.  6.]
 [12.  1.]
 [ 3. 10.]
 [ 3.  2.]
 [ 0.  9.]
 [ 6.  6.]
 [12.  1.]
 [ 2. 10.]
 [ 3.  2.]
 [-1.  9.]
 [ 6.  6.]
 [12.  1.]
 [ 1. 10.]
 [ 3.  2.]
 [-2.  9.]
 [ 6.  6.]
 [12.  1.]
 [ 0. 10.]
 [ 3.  2.]
 [-3.  9.]
 [ 6.  6.]
 [12.  1.]
 [-1. 10.]
 [ 3.  2.]
 [-4.  9.]
 [ 6.  6.]
 [12.  1.]
 [-2. 10.]
 [ 3.  2.]
 [-5.  9.]
 [ 6.  6.]
 [12.  1.]
 [-3. 10.]
 [ 3.  2.]
 [-5.  9.]
 [ 6.  6.]
 [12.  1.]
 [-4. 10.]
 [ 3.  2.]
 [-5.  8.]
 [ 6.  6.]
 [12.  1.]
 [-5.  9.]
 [ 3.  2.]
 [-5.  7.]
 [ 6.  6.]
 [12.  1.]
 [-5.  8.]
 [ 3.  2.]
 [-5.  6.]
 [ 6.  6.]
 [12.  1.]
 [-5.  7.]
 [ 3.  2.]
 [-5.  5.]
 [ 6.  6.]
 [12.  1.]
 [-5.  6.]
 [ 3.  2.]
 [-5.  4.]
 [ 6.  6.]
 [12.  1.]
 [-5.  5.]
 [ 3.  2.]
 [-5.  3.]
 [ 6.  6.]
 [12.  1.]
 [-5.  4.]
 [ 3.  2.]
 [-5.  2.]
 [ 6.  6.]
 [12.  1.]
 [-5.  3.]
 [ 3.  2.]
 [-5.  2.]
 [ 6.  6.]
 [12.  1.]
 [-5.  3.]
 [ 3.  2.]
 [-5.  1.]
 [ 6.  6.]
 [12.  1.]
 [-5.  2.]
 [ 3.  2.]]
