Maze:
##########################
#                        #
#                        #
#                        #
#                        #
#                        #
#     ##############     #
#     #            #     #
#     #            #     #
#     #            #     #
#     #  S         #     #
#     #            #     #
#     #     D      #     #
#     #            #     #
#     #            #     #
#     #    C       #     #
#     #       A    #     #
#     #   B        #     #
#     #            #     #
#     ##############     #
#                        #
#                        #
#                        #
#                        #
#                        #
##########################
[[ 3.  4.]
 [ 8. 10.]
 [ 4. 11.]
 [ 5.  9.]
 [ 6.  6.]
 [ 2.  3.]
 [ 9. 11.]
 [ 3. 11.]
 [ 5. 10.]
 [ 6.  6.]
 [ 1.  2.]
 [10. 12.]
 [ 2. 11.]
 [ 6. 11.]
 [ 6.  6.]
 [ 0.  1.]
 [11. 12.]
 [ 2. 11.]
 [ 7. 12.]
 [ 6.  6.]
 [ 0.  0.]
 [12. 12.]
 [ 2. 11.]
 [ 8. 13.]
 [ 6.  6.]
 [ 0. -1.]
 [13. 12.]
 [ 2. 11.]
 [ 9. 13.]
 [ 6.  6.]
 [ 0. -1.]
 [14. 12.]
 [ 2. 11.]
 [10. 13.]
 [ 6.  6.]
 [ 0. -1.]
 [15. 12.]
 [ 2. 11.]
 [11. 13.]
 [ 6.  6.]
 [ 0. -1.]
 [16. 12.]
 [ 2. 11.]
 [12. 13.]
 [ 6.  6.]
 [ 0. -1.]
 [17. 12.]
 [ 2. 11.]
 [13. 13.]
 [ 6.  6.]
 [ 0. -1.]
 [17. 12.]
 [ 2. 11.]
 [14. 13.]
 [ 6.  6.]
 [ 0. -1.]
 [17. 12.]
 [ 2. 11.]
 [15. 13.]
 [ 6.  6.]
 [ 0. -1.]
 [17. 12.]
 [ 2. 11.]
 [16. 13.]
 [ 6.  6.]
 [ 0. -1.]
 [17. 11.]
 [ 2. 11.]
 [17. 12.]
 [ 6.  6.]
 [ 0. -1.]
 [17. 10.]
 [ 2. 11.]
 [17. 11.]
 [ 6.  6.]
 [ 0. -1.]
 [17.  9.]
 [ 2. 11.]
 [17. 10.]
 [ 6.  6.]
 [ 0. -1.]
 [17.  8.]
 [ 2. 11.]
 [17.  9.]
 [ 6.  6.]
 [ 0. -1.]
 [17.  7.]
 [ 2. 11.]
 [17.  8.]
 [ 6.  6.]
 [ 0. -1.]
 [17.  6.]
 [ 2. 11.]
 [17.  7.]
 [ 6.  6.]
 [ 0. -1.]
 [17.  5.]
 [ 2. 11.]
 [17.  6.]
 [ 6.  6.]
 [ 0. -1.]
 [17.  5.]
 [ 2. 11.]
 [17.  6.]
 [ 6.  6.]
 [ 0. -1.]
 [17.  4.]
 [ 2. 11.]
 [17.  5.]
 [ 6.  6.]]
