Maze:
##########################
#                        #
#                        #
#                        #
#                        #
#                        #
#     ##############     #
#     #            #     #
#     #    S       #     #
#     #            #     #
#     #            #     #
#     #            #     #
#     #     B      #     #
#     #     C      #     #
#     # A          #     #
#     #            #     #
#     #      D     #     #
#     #            #     #
#     #            #     #
#     ##############     #
#                        #
#                        #
#                        #
#                        #
#                        #
##########################
[[ 5.  2.]
 [ 2.  8.]
 [ 6.  6.]
 [ 6.  7.]
 [ 7. 10.]
 [ 5.  1.]
 [ 1.  8.]
 [ 6.  6.]
 [ 6.  8.]
 [ 7. 11.]
 [ 5.  0.]
 [ 0.  8.]
 [ 6.  6.]
 [ 5.  7.]
 [ 7. 12.]
 [ 5. -1.]
 [-1.  8.]
 [ 6.  6.]
 [ 4.  7.]
 [ 7. 12.]
 [ 5. -2.]
 [-2.  8.]
 [ 6.  6.]
 [ 3.  7.]
 [ 7. 12.]
 [ 5. -3.]
 [-3.  8.]
 [ 6.  6.]
 [ 2.  7.]
 [ 7. 12.]
 [ 5. -4.]
 [-4.  8.]
 [ 6.  6.]
 [ 1.  7.]
 [ 7. 12.]
 [ 5. -4.]
 [-5.  8.]
 [ 6.  6.]
 [ 0.  7.]
 [ 7. 12.]
 [ 5. -4.]
 [-5.  8.]
 [ 6.  6.]
 [-1.  7.]
 [ 7. 12.]
 [ 5. -4.]
 [-5.  8.]
 [ 6.  6.]
 [-2.  7.]
 [ 7. 12.]
 [ 5. -4.]
 [-5.  8.]
 [ 6.  6.]
 [-3.  7.]
 [ 7. 12.]
 [ 5. -4.]
 [-5.  8.]
 [ 6.  6.]
 [-4.  7.]
 [ 7. 12.]
 [ 5. -4.]
 [-5.  9.]
 [ 6.  6.]
 [-5.  8.]
 [ 7. 12.]
 [ 5. -4.]
 [-5. 10.]
 [ 6.  6.]
 [-5.  9.]
 [ 7. 12.]
 [ 5. -4.]
 [-5. 11.]
 [ 6.  6.]
 [-5. 10.]
 [ 7. 12.]
 [ 5. -4.]
 [-5. 12.]
 [ 6.  6.]
 [-5. 11.]
 [ 7. 12.]
 [ 5. -4.]
 [-5. 13.]
 [ 6.  6.]
 [-5. 12.]
 [ 7. 12.]
 [ 5. -4.]
 [-5. 14.]
 [ 6.  6.]
 [-5. 13.]
 [ 7. 12.]
 [ 5. -4.]
 [-5. 15.]
 [ 6.  6.]
 [-5. 14.]
 [ 7. 12.]
 [ 5. -4.]
 [-5. 16.]
 [ 6.  6.]
 [-5. 15.]
 [ 7. 12.]
 [ 5. -4.]
 [-5. 16.]
 [ 6.  6.]
 [-5. 15.]
 [ 7. 12.]
 [ 5. -4.]
 [-5. 17.]
 [ 6.  6.]
 [-5. 16.]
 [ 7. 12.]]
