Maze:
##########################
#                        #
#                        #
#                        #
#                        #
#                        #
#     ##############     #
#     #            #     #
#     #            #     #
#     #            #     #
#     #  D         #     #
#     #            #     #
#     #     A      #     #
#     # S          #     #
#     #            #     #
#     #           B#     #
#     #C           #     #
#     #            #     #
#     #            #     #
#     ##############     #
#                        #
#                        #
#                        #
#                        #
#                        #
##########################
[[ 2.  7.]
 [ 6.  6.]
 [12.  9.]
 [ 1. 10.]
 [ 3.  4.]
 [ 1.  8.]
 [ 6.  6.]
 [12.  9.]
 [ 1. 10.]
 [ 3.  3.]
 [ 1.  7.]
 [ 6.  6.]
 [12.  9.]
 [ 1.  9.]
 [ 3.  2.]
 [ 1.  6.]
 [ 6.  6.]
 [12.  9.]
 [ 1.  8.]
 [ 3.  1.]
 [ 1.  5.]
 [ 6.  6.]
 [12.  9.]
 [ 1.  7.]
 [ 3.  0.]
 [ 1.  4.]
 [ 6.  6.]
 [12.  9.]
 [ 1.  6.]
 [ 3. -1.]
 [ 1.  3.]
 [ 6.  6.]
 [12.  9.]
 [ 1.  5.]
 [ 3. -2.]
 [ 1.  2.]
 [ 6.  6.]
 [12.  9.]
 [ 1.  4.]
 [ 3. -2.]
 [ 1.  1.]
 [ 6.  6.]
 [12.  9.]
 [ 1.  3.]
 [ 3. -3.]
 [ 1.  0.]
 [ 6.  6.]
 [12.  9.]
 [ 1.  2.]
 [ 3. -4.]
 [ 1. -1.]
 [ 6.  6.]
 [12.  9.]
 [ 1.  1.]
 [ 3. -5.]
 [ 1. -2.]
 [ 6.  6.]
 [12.  9.]
 [ 1.  0.]
 [ 3. -5.]
 [ 1. -3.]
 [ 6.  6.]
 [12.  9.]
 [ 1. -1.]
 [ 4. -5.]
 [ 1. -4.]
 [ 6.  6.]
 [12.  9.]
 [ 0. -2.]
 [ 5. -5.]
 [ 1. -5.]
 [ 6.  6.]
 [12.  9.]
 [ 0. -3.]
 [ 6. -5.]
 [ 1. -5.]
 [ 6.  6.]
 [12.  9.]
 [ 0. -4.]
 [ 7. -5.]
 [ 2. -5.]
 [ 6.  6.]
 [12.  9.]
 [ 1. -5.]
 [ 7. -5.]
 [ 3. -5.]
 [ 6.  6.]
 [12.  9.]
 [ 2. -5.]
 [ 8. -5.]
 [ 4. -5.]
 [ 6.  6.]
 [12.  9.]
 [ 3. -5.]
 [ 9. -5.]
 [ 5. -5.]
 [ 6.  6.]
 [12.  9.]
 [ 4. -5.]
 [10. -5.]
 [ 5. -5.]
 [ 6.  6.]
 [12.  9.]
 [ 4. -5.]
 [10. -5.]
 [ 6. -5.]
 [ 6.  6.]
 [12.  9.]
 [ 5. -5.]
 [11. -5.]]
