Maze:
##########################
#                        #
#                        #
#                        #
#                        #
#                        #
#     ##############     #
#     #            #     #
#     #            #     #
#     #      A     #     #
#     #            #     #
#     #            #     #
#     #     B     D#     #
#     #            #     #
#     # S          #     #
#     #            #     #
#     #C           #     #
#     #            #     #
#     #            #     #
#     ##############     #
#                        #
#                        #
#                        #
#                        #
#                        #
##########################
[[ 2.  8.]
 [ 7.  3.]
 [ 6.  6.]
 [ 1. 10.]
 [12.  6.]
 [ 2.  7.]
 [ 7.  2.]
 [ 6.  6.]
 [ 1.  9.]
 [12.  6.]
 [ 2.  6.]
 [ 7.  1.]
 [ 6.  6.]
 [ 1.  8.]
 [12.  6.]
 [ 2.  5.]
 [ 7.  0.]
 [ 6.  6.]
 [ 1.  7.]
 [12.  6.]
 [ 2.  4.]
 [ 7. -1.]
 [ 6.  6.]
 [ 1.  6.]
 [12.  6.]
 [ 2.  3.]
 [ 7. -2.]
 [ 6.  6.]
 [ 1.  5.]
 [12.  6.]
 [ 2.  2.]
 [ 7. -3.]
 [ 6.  6.]
 [ 1.  4.]
 [12.  6.]
 [ 2.  1.]
 [ 7. -4.]
 [ 6.  6.]
 [ 1.  3.]
 [12.  6.]
 [ 2.  0.]
 [ 7. -5.]
 [ 6.  6.]
 [ 1.  2.]
 [12.  6.]
 [ 2. -1.]
 [ 7. -5.]
 [ 6.  6.]
 [ 1.  1.]
 [12.  6.]
 [ 2. -2.]
 [ 7. -5.]
 [ 6.  6.]
 [ 1.  0.]
 [12.  6.]
 [ 2. -3.]
 [ 8. -5.]
 [ 6.  6.]
 [ 1. -1.]
 [12.  6.]
 [ 2. -4.]
 [ 9. -5.]
 [ 6.  6.]
 [ 1. -2.]
 [12.  6.]
 [ 2. -5.]
 [10. -5.]
 [ 6.  6.]
 [ 1. -3.]
 [12.  6.]
 [ 2. -5.]
 [10. -5.]
 [ 6.  6.]
 [ 1. -4.]
 [12.  6.]
 [ 3. -5.]
 [10. -5.]
 [ 6.  6.]
 [ 2. -5.]
 [12.  6.]
 [ 4. -5.]
 [11. -5.]
 [ 6.  6.]
 [ 3. -5.]
 [12.  6.]
 [ 5. -5.]
 [12. -5.]
 [ 6.  6.]
 [ 4. -5.]
 [12.  6.]
 [ 6. -5.]
 [13. -5.]
 [ 6.  6.]
 [ 5. -5.]
 [12.  6.]
 [ 7. -5.]
 [14. -5.]
 [ 6.  6.]
 [ 6. -5.]
 [12.  6.]
 [ 7. -5.]
 [14. -5.]
 [ 6.  6.]
 [ 6. -5.]
 [12.  6.]
 [ 8. -5.]
 [15. -5.]
 [ 6.  6.]
 [ 7. -5.]
 [12.  6.]]
