Maze:
##########################
#                        #
#                        #
#                        #
#                        #
#                        #
#     ##############     #
#     #            #     #
#     #    S       #     #
#     #            #     #
#     #            #     #
#     #         C  #     #
#     #     B     A#     #
#     #            #     #
#     # D          #     #
#     #            #     #
#     #            #     #
#     #            #     #
#     #            #     #
#     ##############     #
#                        #
#                        #
#                        #
#                        #
#                        #
##########################
[[ 5.  2.]
 [12.  6.]
 [ 6.  6.]
 [10.  5.]
 [ 2.  8.]
 [ 5.  1.]
 [13.  6.]
 [ 6.  6.]
 [11.  5.]
 [ 2.  8.]
 [ 5.  0.]
 [14.  6.]
 [ 6.  6.]
 [12.  5.]
 [ 2.  8.]
 [ 5. -1.]
 [15.  6.]
 [ 6.  6.]
 [13.  5.]
 [ 2.  8.]
 [ 5. -2.]
 [16.  6.]
 [ 6.  6.]
 [14.  5.]
 [ 2.  8.]
 [ 5. -3.]
 [17.  6.]
 [ 6.  6.]
 [15.  5.]
 [ 2.  8.]
 [ 5. -4.]
 [17.  6.]
 [ 6.  6.]
 [16.  5.]
 [ 2.  8.]
 [ 5. -4.]
 [17.  7.]
 [ 6.  6.]
 [17.  6.]
 [ 2.  8.]
 [ 5. -4.]
 [17.  8.]
 [ 6.  6.]
 [17.  7.]
 [ 2.  8.]
 [ 5. -4.]
 [17.  9.]
 [ 6.  6.]
 [17.  8.]
 [ 2.  8.]
 [ 5. -4.]
 [17. 10.]
 [ 6.  6.]
 [17.  9.]
 [ 2.  8.]
 [ 5. -4.]
 [17. 11.]
 [ 6.  6.]
 [17. 10.]
 [ 2.  8.]
 [ 5. -4.]
 [17. 12.]
 [ 6.  6.]
 [17. 11.]
 [ 2.  8.]
 [ 5. -4.]
 [17. 13.]
 [ 6.  6.]
 [17. 12.]
 [ 2.  8.]
 [ 5. -4.]
 [17. 14.]
 [ 6.  6.]
 [17. 13.]
 [ 2.  8.]
 [ 5. -4.]
 [17. 15.]
 [ 6.  6.]
 [17. 14.]
 [ 2.  8.]
 [ 5. -4.]
 [17. 16.]
 [ 6.  6.]
 [17. 15.]
 [ 2.  8.]
 [ 5. -4.]
 [17. 17.]
 [ 6.  6.]
 [17. 16.]
 [ 2.  8.]
 [ 5. -4.]
 [17. 17.]
 [ 6.  6.]
 [17. 16.]
 [ 2.  8.]]
