Maze:
##########################
#                        #
#                        #
#                        #
#                        #
#                        #
#     ##############     #
#     #            #     #
#     #            #     #
#     #            #     #
#     #            #     #
#     #            #     #
#     #     B      #     #
#     #  S         #     #
#     #            #     #
#     #     C      #     #
#     #      D     #     #
#     #            #     #
#     #           A#     #
#     ##############     #
#                        #
#                        #
#                        #
#                        #
#                        #
##########################
[[ 3.  7.]
 [12. 12.]
 [ 6.  6.]
 [ 6.  9.]
 [ 7. 10.]
 [ 2.  7.]
 [13. 12.]
 [ 6.  6.]
 [ 5.  8.]
 [ 8. 11.]
 [ 1.  7.]
 [14. 12.]
 [ 6.  6.]
 [ 4.  8.]
 [ 8. 11.]
 [ 0.  7.]
 [15. 12.]
 [ 6.  6.]
 [ 3.  8.]
 [ 8. 11.]
 [-1.  7.]
 [16. 12.]
 [ 6.  6.]
 [ 2.  8.]
 [ 8. 11.]
 [-2.  7.]
 [16. 12.]
 [ 6.  6.]
 [ 1.  8.]
 [ 8. 11.]
 [-3.  7.]
 [16. 12.]
 [ 6.  6.]
 [ 0.  8.]
 [ 8. 11.]
 [-4.  7.]
 [16. 12.]
 [ 6.  6.]
 [-1.  8.]
 [ 8. 11.]
 [-5.  7.]
 [16. 12.]
 [ 6.  6.]
 [-2.  8.]
 [ 8. 11.]
 [-5.  7.]
 [16. 12.]
 [ 6.  6.]
 [-3.  8.]
 [ 8. 11.]
 [-5.  7.]
 [16. 12.]
 [ 6.  6.]
 [-4.  8.]
 [ 8. 11.]
 [-5.  6.]
 [16. 12.]
 [ 6.  6.]
 [-5.  7.]
 [ 8. 11.]
 [-5.  5.]
 [16. 12.]
 [ 6.  6.]
 [-5.  6.]
 [ 8. 11.]
 [-5.  4.]
 [16. 12.]
 [ 6.  6.]
 [-5.  5.]
 [ 8. 11.]
 [-5.  3.]
 [16. 12.]
 [ 6.  6.]
 [-5.  4.]
 [ 8. 11.]
 [-5.  2.]
 [16. 12.]
 [ 6.  6.]
 [-5.  3.]
 [ 8. 11.]
 [-5.  1.]
 [16. 12.]
 [ 6.  6.]
 [-5.  2.]
 [ 8. 11.]
 [-5.  0.]
 [16. 12.]
 [ 6.  6.]
 [-5.  1.]
 [ 8. 11.]
 [-5. -1.]
 [16. 12.]
 [ 6.  6.]
 [-5.  0.]
 [ 8. 11.]
 [-5. -2.]
 [16. 12.]
 [ 6.  6.]
 [-5. -1.]
 [ 8. 11.]
 [-5. -2.]
 [16. 12.]
 [ 6.  6.]
 [-5. -1.]
 [ 8. 11.]
 [-5. -3.]
 [16. 12.]
 [ 6.  6.]
 [-5. -2.]
 [ 8. 11.]]
