Maze:
##########################
#                        #
#                        #
#                        #
#                        #
#                        #
#     ##############     #
#     #            #     #
#     #            #     #
#     #            #     #
#     #            #     #
#     #            #     #
#     #     D      #     #
#     #         A  #     #
#     #       C    #     #
#     #B           #     #
#     #  S         #     #
#     #            #     #
#     #            #     #
#     ##############     #
#                        #
#                        #
#                        #
#                        #
#                        #
##########################
[[ 3. 10.]
 [10.  7.]
 [ 1.  9.]
 [ 8.  8.]
 [ 6.  6.]
 [ 4. 11.]
 [11.  7.]
 [ 0.  9.]
 [ 9.  8.]
 [ 6.  6.]
 [ 4. 12.]
 [12.  7.]
 [ 0.  9.]
 [10.  8.]
 [ 6.  6.]
 [ 4. 13.]
 [13.  7.]
 [ 0.  9.]
 [11.  8.]
 [ 6.  6.]
 [ 4. 14.]
 [14.  7.]
 [ 0.  9.]
 [12.  8.]
 [ 6.  6.]
 [ 4. 15.]
 [15.  7.]
 [ 0.  9.]
 [13.  8.]
 [ 6.  6.]
 [ 4. 16.]
 [16.  7.]
 [ 0.  9.]
 [14.  8.]
 [ 6.  6.]
 [ 4. 17.]
 [17.  7.]
 [ 0.  9.]
 [15.  8.]
 [ 6.  6.]
 [ 4. 17.]
 [17.  7.]
 [ 0.  9.]
 [16.  8.]
 [ 6.  6.]
 [ 4. 17.]
 [17.  6.]
 [ 0.  9.]
 [17.  7.]
 [ 6.  6.]
 [ 4. 17.]
 [17.  5.]
 [ 0.  9.]
 [17.  6.]
 [ 6.  6.]
 [ 4. 17.]
 [17.  4.]
 [ 0.  9.]
 [17.  5.]
 [ 6.  6.]
 [ 4. 17.]
 [17.  3.]
 [ 0.  9.]
 [17.  4.]
 [ 6.  6.]
 [ 4. 17.]
 [17.  2.]
 [ 0.  9.]
 [17.  3.]
 [ 6.  6.]
 [ 4. 17.]
 [17.  1.]
 [ 0.  9.]
 [17.  2.]
 [ 6.  6.]
 [ 4. 17.]
 [17.  0.]
 [ 0.  9.]
 [17.  1.]
 [ 6.  6.]
 [ 4. 17.]
 [17. -1.]
 [ 0.  9.]
 [17.  0.]
 [ 6.  6.]
 [ 4. 17.]
 [17. -2.]
 [ 0.  9.]
 [17. -1.]
 [ 6.  6.]
 [ 4. 17.]
 [17. -3.]
 [ 0.  9.]
 [17. -2.]
 [ 6.  6.]
 [ 4. 17.]
 [17. -4.]
 [ 0.  9.]
 [17. -3.]
 [ 6.  6.]
 [ 4. 17.]
 [17. -4.]
 [ 0.  9.]
 [17. -3.]
 [ 6.  6.]
 [ 4. 17.]
 [17. -5.]
 [ 0.  9.]
 [17. -4.]
 [ 6.  6.]]
