Maze:
##########################
#                        #
#                        #
#                        #
#                        #
#                        #
#     ##############     #
#     #            #     #
#     #            #     #
#     #           B#     #
#     #            #     #
#     #            #     #
#     #     S    D #     #
#     #            #     #
#     #            #     #
#     #            #     #
#     # C          #     #
#     #            #     #
#     #  A         #     #
#     ##############     #
#                        #
#                        #
#                        #
#                        #
#                        #
##########################
[[ 6.  6.]
 [ 3. 12.]
 [12.  3.]
 [ 2. 10.]
 [11.  6.]
 [ 6.  6.]
 [ 3. 13.]
 [12.  3.]
 [ 2. 11.]
 [11.  6.]
 [ 6.  6.]
 [ 3. 14.]
 [12.  3.]
 [ 2. 12.]
 [11.  6.]
 [ 6.  6.]
 [ 3. 15.]
 [12.  3.]
 [ 2. 13.]
 [11.  6.]
 [ 6.  6.]
 [ 3. 16.]
 [12.  3.]
 [ 2. 14.]
 [11.  6.]
 [ 6.  6.]
 [ 3. 17.]
 [12.  3.]
 [ 2. 15.]
 [11.  6.]
 [ 6.  6.]
 [ 3. 17.]
 [12.  3.]
 [ 2. 16.]
 [11.  6.]
 [ 6.  6.]
 [ 4. 17.]
 [12.  3.]
 [ 3. 17.]
 [11.  6.]
 [ 6.  6.]
 [ 5. 17.]
 [12.  3.]
 [ 4. 17.]
 [11.  6.]
 [ 6.  6.]
 [ 6. 17.]
 [12.  3.]
 [ 5. 17.]
 [11.  6.]
 [ 6.  6.]
 [ 7. 17.]
 [12.  3.]
 [ 6. 17.]
 [11.  6.]
 [ 6.  6.]
 [ 8. 17.]
 [12.  3.]
 [ 7. 17.]
 [11.  6.]
 [ 6.  6.]
 [ 9. 17.]
 [12.  3.]
 [ 8. 17.]
 [11.  6.]
 [ 6.  6.]
 [10. 17.]
 [12.  3.]
 [ 9. 17.]
 [11.  6.]
 [ 6.  6.]
 [11. 17.]
 [12.  3.]
 [10. 17.]
 [11.  6.]
 [ 6.  6.]
 [12. 17.]
 [12.  3.]
 [11. 17.]
 [11.  6.]
 [ 6.  6.]
 [13. 17.]
 [12.  3.]
 [12. 17.]
 [11.  6.]
 [ 6.  6.]
 [14. 17.]
 [12.  3.]
 [13. 17.]
 [11.  6.]
 [ 6.  6.]
 [15. 17.]
 [12.  3.]
 [14. 17.]
 [11.  6.]
 [ 6.  6.]
 [16. 17.]
 [12.  3.]
 [15. 17.]
 [11.  6.]
 [ 6.  6.]
 [16. 17.]
 [12.  3.]
 [15. 17.]
 [11.  6.]
 [ 6.  6.]
 [17. 17.]
 [12.  3.]
 [16. 17.]
 [11.  6.]]
