Maze:
##########################
#                        #
#                        #
#                        #
#                        #
#                        #
#     ##############     #
#     # S          #     #
#     #            #     #
#     #            #     #
#     #            #     #
#     #            #     #
#     #     B      #     #
#     #   C        #     #
#     #           A#     #
#     #  D         #     #
#     #            #     #
#     #            #     #
#     #            #     #
#     ##############     #
#                        #
#                        #
#                        #
#                        #
#                        #
##########################
[[ 2.  1.]
 [12.  8.]
 [ 6.  6.]
 [ 4.  7.]
 [ 3.  9.]
 [ 2.  0.]
 [13.  8.]
 [ 6.  6.]
 [ 4.  6.]
 [ 3. 10.]
 [ 2. -1.]
 [13.  8.]
 [ 6.  6.]
 [ 3.  5.]
 [ 3. 10.]
 [ 2. -2.]
 [13.  8.]
 [ 6.  6.]
 [ 3.  4.]
 [ 3. 10.]
 [ 2. -3.]
 [13.  8.]
 [ 6.  6.]
 [ 3.  3.]
 [ 3. 10.]
 [ 2. -4.]
 [13.  8.]
 [ 6.  6.]
 [ 3.  2.]
 [ 3. 10.]
 [ 2. -5.]
 [13.  8.]
 [ 6.  6.]
 [ 3.  1.]
 [ 3. 10.]
 [ 2. -5.]
 [13.  8.]
 [ 6.  6.]
 [ 3.  0.]
 [ 3. 10.]
 [ 2. -5.]
 [13.  8.]
 [ 6.  6.]
 [ 3. -1.]
 [ 3. 10.]
 [ 2. -5.]
 [13.  8.]
 [ 6.  6.]
 [ 3. -2.]
 [ 3. 10.]
 [ 2. -5.]
 [13.  8.]
 [ 6.  6.]
 [ 3. -3.]
 [ 3. 10.]
 [ 2. -5.]
 [13.  8.]
 [ 6.  6.]
 [ 3. -4.]
 [ 3. 10.]
 [ 1. -5.]
 [13.  8.]
 [ 6.  6.]
 [ 2. -5.]
 [ 3. 10.]
 [ 0. -5.]
 [13.  8.]
 [ 6.  6.]
 [ 1. -5.]
 [ 3. 10.]
 [-1. -5.]
 [13.  8.]
 [ 6.  6.]
 [ 0. -5.]
 [ 3. 10.]
 [-2. -5.]
 [13.  8.]
 [ 6.  6.]
 [-1. -5.]
 [ 3. 10.]
 [-3. -5.]
 [13.  8.]
 [ 6.  6.]
 [-2. -5.]
 [ 3. 10.]
 [-4. -5.]
 [13.  8.]
 [ 6.  6.]
 [-3. -5.]
 [ 3. 10.]
 [-5. -5.]
 [13.  8.]
 [ 6.  6.]
 [-4. -5.]
 [ 3. 10.]
 [-5. -5.]
 [13.  8.]
 [ 6.  6.]
 [-4. -5.]
 [ 3. 10.]]
