Maze:
##########################
#                        #
#                        #
#                        #
#                        #
#                        #
#     ##############     #
#     #            #     #
#     #    B       #     #
#     #            #     #
#     #S           #     #
#     #            #     #
#     #     DC     #     #
#     #          A #     #
#     #            #     #
#     #            #     #
#     #            #     #
#     #            #     #
#     #            #     #
#     ##############     #
#                        #
#                        #
#                        #
#                        #
#                        #
##########################
[[ 1.  4.]
 [11.  7.]
 [ 5.  2.]
 [ 7.  6.]
 [ 6.  6.]
 [ 0.  4.]
 [12.  7.]
 [ 5.  2.]
 [ 8.  6.]
 [ 6.  6.]
 [-1.  4.]
 [13.  7.]
 [ 5.  2.]
 [ 9.  6.]
 [ 6.  6.]
 [-2.  4.]
 [14.  7.]
 [ 5.  2.]
 [10.  6.]
 [ 6.  6.]
 [-3.  4.]
 [15.  7.]
 [ 5.  2.]
 [11.  6.]
 [ 6.  6.]
 [-4.  4.]
 [16.  7.]
 [ 5.  2.]
 [12.  6.]
 [ 6.  6.]
 [-5.  4.]
 [17.  7.]
 [ 5.  2.]
 [13.  6.]
 [ 6.  6.]
 [-5.  4.]
 [17.  7.]
 [ 5.  2.]
 [14.  6.]
 [ 6.  6.]
 [-5.  4.]
 [17.  7.]
 [ 5.  2.]
 [15.  6.]
 [ 6.  6.]
 [-5.  4.]
 [17.  7.]
 [ 5.  2.]
 [16.  6.]
 [ 6.  6.]
 [-5.  4.]
 [17.  8.]
 [ 5.  2.]
 [17.  7.]
 [ 6.  6.]
 [-5.  4.]
 [17.  9.]
 [ 5.  2.]
 [17.  8.]
 [ 6.  6.]
 [-5.  4.]
 [17. 10.]
 [ 5.  2.]
 [17.  9.]
 [ 6.  6.]
 [-5.  4.]
 [17. 11.]
 [ 5.  2.]
 [17. 10.]
 [ 6.  6.]
 [-5.  4.]
 [17. 12.]
 [ 5.  2.]
 [17. 11.]
 [ 6.  6.]
 [-5.  4.]
 [17. 13.]
 [ 5.  2.]
 [17. 12.]
 [ 6.  6.]
 [-5.  4.]
 [17. 14.]
 [ 5.  2.]
 [17. 13.]
 [ 6.  6.]
 [-5.  4.]
 [17. 15.]
 [ 5.  2.]
 [17. 14.]
 [ 6.  6.]
 [-5.  4.]
 [17. 16.]
 [ 5.  2.]
 [17. 15.]
 [ 6.  6.]
 [-5.  4.]
 [17. 17.]
 [ 5.  2.]
 [17. 16.]
 [ 6.  6.]
 [-5.  4.]
 [17. 17.]
 [ 5.  2.]
 [17. 16.]
 [ 6.  6.]]
