Maze:
##########################
#                        #
#                        #
#                        #
#                        #
#                        #
#     ##############     #
#     #            #     #
#     #            #     #
#     #            #     #
#     #            #     #
#     #            #     #
#     #     A      #     #
#     #            #     #
#     #         D  #     #
#     #     S      #     #
#     #            #     #
#     #  C         #     #
#     #      B     #     #
#     ##############     #
#                        #
#                        #
#                        #
#                        #
#                        #
##########################
[[ 6.  9.]
 [ 6.  6.]
 [ 7. 12.]
 [ 3. 11.]
 [10.  8.]
 [ 5.  9.]
 [ 6.  6.]
 [ 7. 13.]
 [ 3. 11.]
 [11.  8.]
 [ 5.  8.]
 [ 6.  6.]
 [ 7. 14.]
 [ 3. 10.]
 [12.  8.]
 [ 4.  9.]
 [ 6.  6.]
 [ 7. 14.]
 [ 3.  9.]
 [12.  8.]
 [ 5.  9.]
 [ 6.  6.]
 [ 7. 14.]
 [ 4.  9.]
 [12.  8.]
 [ 6.  9.]
 [ 6.  6.]
 [ 7. 14.]
 [ 5.  9.]
 [12.  8.]
 [ 7.  9.]
 [ 6.  6.]
 [ 7. 15.]
 [ 6.  9.]
 [12.  8.]
 [ 8.  9.]
 [ 6.  6.]
 [ 7. 15.]
 [ 7.  9.]
 [13.  8.]
 [ 9.  9.]
 [ 6.  6.]
 [ 7. 15.]
 [ 8.  9.]
 [14.  8.]
 [10.  9.]
 [ 6.  6.]
 [ 7. 15.]
 [ 9.  9.]
 [15.  8.]
 [11.  9.]
 [ 6.  6.]
 [ 7. 15.]
 [10.  9.]
 [16.  8.]
 [12.  9.]
 [ 6.  6.]
 [ 7. 15.]
 [11.  9.]
 [17.  8.]
 [13.  9.]
 [ 6.  6.]
 [ 7. 15.]
 [12.  9.]
 [17.  8.]
 [14.  9.]
 [ 6.  6.]
 [ 7. 15.]
 [13.  9.]
 [17.  8.]
 [15.  9.]
 [ 6.  6.]
 [ 7. 15.]
 [14.  9.]
 [17.  8.]
 [16.  9.]
 [ 6.  6.]
 [ 7. 15.]
 [15.  9.]
 [17.  8.]
 [17. 10.]
 [ 6.  6.]
 [ 7. 15.]
 [15. 10.]
 [17.  7.]
 [17. 11.]
 [ 6.  6.]
 [ 7. 15.]
 [15. 11.]
 [17.  6.]
 [17. 11.]
 [ 6.  6.]
 [ 7. 15.]
 [16. 12.]
 [17.  5.]
 [17. 10.]
 [ 6.  6.]
 [ 7. 15.]
 [17. 11.]
 [17.  5.]
 [17. 10.]
 [ 6.  6.]
 [ 7. 15.]
 [17. 11.]
 [17.  5.]
 [17.  9.]
 [ 6.  6.]
 [ 7. 15.]
 [17. 10.]
 [17.  4.]]
