Maze:
##########################
#                        #
#                        #
#                        #
#                        #
#                        #
#     ##############     #
#     #   D        #     #
#     #            #     #
#     #            #     #
#     #           C#     #
#     #          S #     #
#     #     B      #     #
#     #            #     #
#     #            #     #
#     #       A    #     #
#     #            #     #
#     #            #     #
#     #            #     #
#     ##############     #
#                        #
#                        #
#                        #
#                        #
#                        #
##########################
[[11.  5.]
 [ 8.  9.]
 [ 6.  6.]
 [12.  4.]
 [ 4.  1.]
 [10.  6.]
 [ 7. 10.]
 [ 6.  6.]
 [11.  5.]
 [ 4.  1.]
 [ 9.  7.]
 [ 6. 11.]
 [ 6.  6.]
 [10.  6.]
 [ 4.  1.]
 [ 9.  8.]
 [ 5. 12.]
 [ 6.  6.]
 [10.  7.]
 [ 4.  1.]
 [ 8.  9.]
 [ 4. 13.]
 [ 6.  6.]
 [ 9.  8.]
 [ 4.  1.]
 [ 7. 10.]
 [ 3. 14.]
 [ 6.  6.]
 [ 9.  9.]
 [ 4.  1.]
 [ 6. 11.]
 [ 2. 15.]
 [ 6.  6.]
 [ 8. 10.]
 [ 4.  1.]
 [ 5. 12.]
 [ 1. 16.]
 [ 6.  6.]
 [ 7. 11.]
 [ 4.  1.]
 [ 4. 13.]
 [ 0. 17.]
 [ 6.  6.]
 [ 6. 12.]
 [ 4.  1.]
 [ 3. 14.]
 [-1. 17.]
 [ 6.  6.]
 [ 5. 13.]
 [ 4.  1.]
 [ 2. 15.]
 [-2. 17.]
 [ 6.  6.]
 [ 4. 14.]
 [ 4.  1.]
 [ 1. 16.]
 [-3. 17.]
 [ 6.  6.]
 [ 3. 15.]
 [ 4.  1.]
 [ 0. 17.]
 [-4. 17.]
 [ 6.  6.]
 [ 2. 16.]
 [ 4.  1.]
 [-1. 17.]
 [-5. 17.]
 [ 6.  6.]
 [ 1. 17.]
 [ 4.  1.]
 [-2. 17.]
 [-5. 17.]
 [ 6.  6.]
 [ 0. 17.]
 [ 4.  1.]
 [-3. 17.]
 [-5. 17.]
 [ 6.  6.]
 [-1. 17.]
 [ 4.  1.]
 [-3. 17.]
 [-5. 17.]
 [ 6.  6.]
 [-2. 17.]
 [ 4.  1.]
 [-4. 17.]
 [-5. 17.]
 [ 6.  6.]
 [-3. 17.]
 [ 4.  1.]
 [-4. 17.]
 [-5. 17.]
 [ 6.  6.]
 [-3. 17.]
 [ 4.  1.]]
