Maze:
##########################
#                        #
#                        #
#                        #
#                        #
#                        #
#     ##############     #
#     #            #     #
#     #         D  #     #
#     #            #     #
#     #            #     #
#     # A          #     #
#     #     B      #     #
#     #C           #     #
#     #            #     #
#     #            #     #
#     #            #     #
#     #        S   #     #
#     #            #     #
#     ##############     #
#                        #
#                        #
#                        #
#                        #
#                        #
##########################
[[ 9. 11.]
 [ 2.  5.]
 [ 6.  6.]
 [ 1.  7.]
 [10.  2.]
 [10. 12.]
 [ 2.  4.]
 [ 6.  6.]
 [ 1.  6.]
 [10.  2.]
 [10. 13.]
 [ 2.  3.]
 [ 6.  6.]
 [ 1.  5.]
 [10.  2.]
 [10. 14.]
 [ 2.  2.]
 [ 6.  6.]
 [ 1.  4.]
 [10.  2.]
 [10. 15.]
 [ 2.  1.]
 [ 6.  6.]
 [ 1.  3.]
 [10.  2.]
 [10. 15.]
 [ 2.  0.]
 [ 6.  6.]
 [ 1.  2.]
 [10.  2.]
 [10. 15.]
 [ 2. -1.]
 [ 6.  6.]
 [ 1.  1.]
 [10.  2.]
 [10. 15.]
 [ 2. -2.]
 [ 6.  6.]
 [ 1.  0.]
 [10.  2.]
 [10. 15.]
 [ 2. -3.]
 [ 6.  6.]
 [ 1. -1.]
 [10.  2.]
 [10. 15.]
 [ 2. -4.]
 [ 6.  6.]
 [ 1. -2.]
 [10.  2.]
 [10. 15.]
 [ 2. -5.]
 [ 6.  6.]
 [ 1. -3.]
 [10.  2.]
 [10. 15.]
 [ 2. -5.]
 [ 6.  6.]
 [ 1. -4.]
 [10.  2.]
 [10. 15.]
 [ 3. -5.]
 [ 6.  6.]
 [ 2. -5.]
 [10.  2.]
 [10. 15.]
 [ 4. -5.]
 [ 6.  6.]
 [ 3. -5.]
 [10.  2.]
 [10. 15.]
 [ 5. -5.]
 [ 6.  6.]
 [ 4. -5.]
 [10.  2.]
 [10. 15.]
 [ 6. -5.]
 [ 6.  6.]
 [ 5. -5.]
 [10.  2.]
 [10. 15.]
 [ 7. -5.]
 [ 6.  6.]
 [ 6. -5.]
 [10.  2.]
 [10. 15.]
 [ 8. -5.]
 [ 6.  6.]
 [ 7. -5.]
 [10.  2.]
 [10. 15.]
 [ 9. -5.]
 [ 6.  6.]
 [ 8. -5.]
 [10.  2.]
 [10. 15.]
 [10. -5.]
 [ 6.  6.]
 [ 9. -5.]
 [10.  2.]
 [10. 15.]
 [10. -5.]
 [ 6.  6.]
 [ 9. -5.]
 [10.  2.]
 [10. 15.]
 [11. -5.]
 [ 6.  6.]
 [10. -5.]
 [10.  2.]]
