Maze:
##########################
#                        #
#                        #
#                        #
#                        #
#                        #
#     ##############     #
#     #            #     #
#     #           A#     #
#     #            #     #
#     #       C    #     #
#     #            #     #
#     #     D      #     #
#     #            #     #
#     #S           #     #
#     #            #     #
#     #    B       #     #
#     #            #     #
#     #            #     #
#     ##############     #
#                        #
#                        #
#                        #
#                        #
#                        #
##########################
[[ 1.  8.]
 [12.  2.]
 [ 5. 10.]
 [ 8.  4.]
 [ 6.  6.]
 [ 0.  8.]
 [13.  2.]
 [ 5. 10.]
 [ 9.  3.]
 [ 6.  6.]
 [-1.  8.]
 [14.  2.]
 [ 5. 10.]
 [10.  2.]
 [ 6.  6.]
 [-2.  8.]
 [15.  2.]
 [ 5. 10.]
 [11.  1.]
 [ 6.  6.]
 [-3.  8.]
 [16.  2.]
 [ 5. 10.]
 [12.  1.]
 [ 6.  6.]
 [-4.  8.]
 [17.  2.]
 [ 5. 10.]
 [13.  1.]
 [ 6.  6.]
 [-5.  8.]
 [17.  2.]
 [ 5. 10.]
 [14.  1.]
 [ 6.  6.]
 [-5.  8.]
 [17.  2.]
 [ 5. 10.]
 [15.  1.]
 [ 6.  6.]
 [-5.  8.]
 [17.  2.]
 [ 5. 10.]
 [16.  1.]
 [ 6.  6.]
 [-5.  8.]
 [17.  3.]
 [ 5. 10.]
 [17.  2.]
 [ 6.  6.]
 [-5.  8.]
 [17.  4.]
 [ 5. 10.]
 [17.  3.]
 [ 6.  6.]
 [-5.  8.]
 [17.  5.]
 [ 5. 10.]
 [17.  4.]
 [ 6.  6.]
 [-5.  8.]
 [17.  6.]
 [ 5. 10.]
 [17.  5.]
 [ 6.  6.]
 [-5.  8.]
 [17.  7.]
 [ 5. 10.]
 [17.  6.]
 [ 6.  6.]
 [-5.  8.]
 [17.  8.]
 [ 5. 10.]
 [17.  7.]
 [ 6.  6.]
 [-5.  8.]
 [17.  9.]
 [ 5. 10.]
 [17.  8.]
 [ 6.  6.]
 [-5.  8.]
 [17. 10.]
 [ 5. 10.]
 [17.  9.]
 [ 6.  6.]
 [-5.  8.]
 [17. 11.]
 [ 5. 10.]
 [17. 10.]
 [ 6.  6.]
 [-5.  8.]
 [17. 12.]
 [ 5. 10.]
 [17. 11.]
 [ 6.  6.]
 [-5.  8.]
 [17. 13.]
 [ 5. 10.]
 [17. 12.]
 [ 6.  6.]
 [-5.  8.]
 [17. 13.]
 [ 5. 10.]
 [17. 12.]
 [ 6.  6.]
 [-5.  8.]
 [17. 14.]
 [ 5. 10.]
 [17. 13.]
 [ 6.  6.]]
