Maze:
##########################
#                        #
#                        #
#                        #
#                        #
#                        #
#     ##############     #
#     #            #     #
#     #        C   #     #
#     #         D  #     #
#     #     A      #     #
#     #            #     #
#     #     S      #     #
#     #            #     #
#     #            #     #
#     #            #     #
#     #           B#     #
#     #            #     #
#     #            #     #
#     ##############     #
#                        #
#                        #
#                        #
#                        #
#                        #
##########################
[[ 6.  6.]
 [ 6.  4.]
 [12. 10.]
 [ 9.  2.]
 [10.  3.]
 [ 6.  6.]
 [ 6.  3.]
 [12. 10.]
 [ 8.  1.]
 [11.  3.]
 [ 6.  6.]
 [ 5.  3.]
 [12. 10.]
 [ 7.  1.]
 [12.  3.]
 [ 6.  6.]
 [ 4.  3.]
 [12. 10.]
 [ 6.  1.]
 [12.  3.]
 [ 6.  6.]
 [ 3.  3.]
 [12. 10.]
 [ 5.  1.]
 [12.  3.]
 [ 6.  6.]
 [ 2.  3.]
 [12. 10.]
 [ 4.  1.]
 [12.  3.]
 [ 6.  6.]
 [ 1.  3.]
 [12. 10.]
 [ 3.  2.]
 [12.  3.]
 [ 6.  6.]
 [ 0.  3.]
 [12. 10.]
 [ 2.  2.]
 [12.  3.]
 [ 6.  6.]
 [-1.  3.]
 [12. 10.]
 [ 1.  2.]
 [12.  3.]
 [ 6.  6.]
 [-2.  3.]
 [12. 10.]
 [ 0.  2.]
 [12.  3.]
 [ 6.  6.]
 [-3.  3.]
 [12. 10.]
 [-1.  2.]
 [12.  3.]
 [ 6.  6.]
 [-4.  3.]
 [12. 10.]
 [-2.  2.]
 [12.  3.]
 [ 6.  6.]
 [-5.  3.]
 [12. 10.]
 [-3.  2.]
 [12.  3.]
 [ 6.  6.]
 [-5.  3.]
 [12. 10.]
 [-4.  2.]
 [12.  3.]
 [ 6.  6.]
 [-5.  4.]
 [12. 10.]
 [-5.  3.]
 [12.  3.]
 [ 6.  6.]
 [-5.  5.]
 [12. 10.]
 [-5.  4.]
 [12.  3.]
 [ 6.  6.]
 [-5.  6.]
 [12. 10.]
 [-5.  5.]
 [12.  3.]
 [ 6.  6.]
 [-5.  7.]
 [12. 10.]
 [-5.  6.]
 [12.  3.]
 [ 6.  6.]
 [-5.  8.]
 [12. 10.]
 [-5.  7.]
 [12.  3.]
 [ 6.  6.]
 [-5.  9.]
 [12. 10.]
 [-5.  8.]
 [12.  3.]
 [ 6.  6.]
 [-5.  9.]
 [12. 10.]
 [-5.  8.]
 [12.  3.]
 [ 6.  6.]
 [-5. 10.]
 [12. 10.]
 [-5.  9.]
 [12.  3.]]
