Maze:
##########################
#                        #
#                        #
#                        #
#                        #
#                        #
#     ##############     #
#     #            #     #
#     #            #     #
#     #            #     #
#     #            #     #
#     #          B #     #
#     #     S      #     #
#     # D          #     #
#     #           A#     #
#     #         C  #     #
#     #            #     #
#     #            #     #
#     #            #     #
#     ##############     #
#                        #
#                        #
#                        #
#                        #
#                        #
##########################
[[ 6.  6.]
 [12.  8.]
 [11.  5.]
 [10.  9.]
 [ 2.  7.]
 [ 6.  6.]
 [13.  8.]
 [11.  4.]
 [11.  9.]
 [ 1.  7.]
 [ 6.  6.]
 [14.  8.]
 [11.  3.]
 [12.  9.]
 [ 0.  7.]
 [ 6.  6.]
 [15.  8.]
 [11.  2.]
 [13.  9.]
 [ 0.  7.]
 [ 6.  6.]
 [16.  8.]
 [11.  2.]
 [14.  9.]
 [ 0.  7.]
 [ 6.  6.]
 [17.  8.]
 [11.  2.]
 [15.  9.]
 [ 0.  7.]
 [ 6.  6.]
 [17.  8.]
 [11.  2.]
 [16.  9.]
 [ 0.  7.]
 [ 6.  6.]
 [17.  7.]
 [11.  2.]
 [17.  8.]
 [ 0.  7.]
 [ 6.  6.]
 [17.  6.]
 [11.  2.]
 [17.  7.]
 [ 0.  7.]
 [ 6.  6.]
 [17.  5.]
 [11.  2.]
 [17.  6.]
 [ 0.  7.]
 [ 6.  6.]
 [17.  4.]
 [11.  2.]
 [17.  5.]
 [ 0.  7.]
 [ 6.  6.]
 [17.  3.]
 [11.  2.]
 [17.  4.]
 [ 0.  7.]
 [ 6.  6.]
 [17.  2.]
 [11.  2.]
 [17.  3.]
 [ 0.  7.]
 [ 6.  6.]
 [17.  1.]
 [11.  2.]
 [17.  2.]
 [ 0.  7.]
 [ 6.  6.]
 [17.  0.]
 [11.  2.]
 [17.  1.]
 [ 0.  7.]
 [ 6.  6.]
 [17. -1.]
 [11.  2.]
 [17.  0.]
 [ 0.  7.]
 [ 6.  6.]
 [17. -2.]
 [11.  2.]
 [17. -1.]
 [ 0.  7.]
 [ 6.  6.]
 [17. -3.]
 [11.  2.]
 [17. -2.]
 [ 0.  7.]
 [ 6.  6.]
 [17. -4.]
 [11.  2.]
 [17. -3.]
 [ 0.  7.]
 [ 6.  6.]
 [17. -5.]
 [11.  2.]
 [17. -4.]
 [ 0.  7.]
 [ 6.  6.]
 [17. -5.]
 [11.  2.]
 [17. -4.]
 [ 0.  7.]]
