Maze:
##########################
#                        #
#                        #
#                        #
#                        #
#                        #
#     ##############     #
#     #            #     #
#     #            #     #
#     #            #     #
#     # D          #     #
#     #            #     #
#     #     B      #     #
#     #  C         #     #
#     #            #     #
#     #            #     #
#     #    S       #     #
#     #            #     #
#     #           A#     #
#     ##############     #
#                        #
#                        #
#                        #
#                        #
#                        #
##########################
[[ 5. 10.]
 [12. 12.]
 [ 6.  6.]
 [ 3.  7.]
 [ 2.  4.]
 [ 5. 11.]
 [13. 12.]
 [ 6.  6.]
 [ 3.  8.]
 [ 2.  3.]
 [ 5. 12.]
 [14. 12.]
 [ 6.  6.]
 [ 3.  9.]
 [ 2.  3.]
 [ 5. 13.]
 [14. 12.]
 [ 6.  6.]
 [ 3. 10.]
 [ 2.  3.]
 [ 5. 14.]
 [14. 12.]
 [ 6.  6.]
 [ 3. 11.]
 [ 2.  3.]
 [ 5. 15.]
 [14. 12.]
 [ 6.  6.]
 [ 3. 12.]
 [ 2.  3.]
 [ 5. 16.]
 [14. 12.]
 [ 6.  6.]
 [ 3. 13.]
 [ 2.  3.]
 [ 5. 17.]
 [14. 12.]
 [ 6.  6.]
 [ 3. 14.]
 [ 2.  3.]
 [ 5. 17.]
 [14. 12.]
 [ 6.  6.]
 [ 3. 15.]
 [ 2.  3.]
 [ 6. 17.]
 [14. 12.]
 [ 6.  6.]
 [ 4. 16.]
 [ 2.  3.]
 [ 7. 17.]
 [14. 12.]
 [ 6.  6.]
 [ 5. 17.]
 [ 2.  3.]
 [ 8. 17.]
 [14. 12.]
 [ 6.  6.]
 [ 6. 17.]
 [ 2.  3.]
 [ 9. 17.]
 [14. 12.]
 [ 6.  6.]
 [ 7. 17.]
 [ 2.  3.]
 [10. 17.]
 [15. 12.]
 [ 6.  6.]
 [ 8. 17.]
 [ 2.  3.]
 [11. 17.]
 [16. 12.]
 [ 6.  6.]
 [ 9. 17.]
 [ 2.  3.]
 [12. 17.]
 [17. 12.]
 [ 6.  6.]
 [10. 17.]
 [ 2.  3.]
 [13. 17.]
 [17. 12.]
 [ 6.  6.]
 [11. 17.]
 [ 2.  3.]
 [14. 17.]
 [17. 11.]
 [ 6.  6.]
 [12. 17.]
 [ 2.  3.]
 [15. 17.]
 [17. 10.]
 [ 6.  6.]
 [13. 17.]
 [ 2.  3.]
 [16. 17.]
 [17.  9.]
 [ 6.  6.]
 [14. 17.]
 [ 2.  3.]
 [16. 17.]
 [17.  9.]
 [ 6.  6.]
 [14. 17.]
 [ 2.  3.]
 [17. 17.]
 [17.  8.]
 [ 6.  6.]
 [15. 17.]
 [ 2.  3.]]
