Maze:
##########################
#                        #
#                        #
#                        #
#                        #
#                        #
#     ##############     #
#     #            #     #
#     #        S   #     #
#     #            #     #
#     #            #     #
#     #  D         #     #
#     #     B      #     #
#     #            #     #
#     #            #     #
#     #            #     #
#     #            #     #
#     #         A  #     #
#     #      C     #     #
#     ##############     #
#                        #
#                        #
#                        #
#                        #
#                        #
##########################
[[ 9.  2.]
 [10. 11.]
 [ 6.  6.]
 [ 7. 12.]
 [ 3.  5.]
 [10.  1.]
 [11. 11.]
 [ 6.  6.]
 [ 8. 12.]
 [ 3.  5.]
 [11.  0.]
 [12. 11.]
 [ 6.  6.]
 [ 9. 12.]
 [ 3.  5.]
 [11. -1.]
 [13. 11.]
 [ 6.  6.]
 [10. 12.]
 [ 3.  5.]
 [11. -2.]
 [14. 11.]
 [ 6.  6.]
 [11. 12.]
 [ 3.  5.]
 [11. -3.]
 [15. 11.]
 [ 6.  6.]
 [12. 12.]
 [ 3.  5.]
 [11. -3.]
 [16. 11.]
 [ 6.  6.]
 [13. 12.]
 [ 3.  5.]
 [11. -3.]
 [17. 11.]
 [ 6.  6.]
 [14. 12.]
 [ 3.  5.]
 [11. -3.]
 [17. 11.]
 [ 6.  6.]
 [15. 12.]
 [ 3.  5.]
 [11. -3.]
 [17. 11.]
 [ 6.  6.]
 [16. 12.]
 [ 3.  5.]
 [11. -3.]
 [17. 10.]
 [ 6.  6.]
 [17. 11.]
 [ 3.  5.]
 [11. -3.]
 [17.  9.]
 [ 6.  6.]
 [17. 10.]
 [ 3.  5.]
 [11. -3.]
 [17.  8.]
 [ 6.  6.]
 [17.  9.]
 [ 3.  5.]
 [11. -3.]
 [17.  7.]
 [ 6.  6.]
 [17.  8.]
 [ 3.  5.]
 [11. -3.]
 [17.  6.]
 [ 6.  6.]
 [17.  7.]
 [ 3.  5.]
 [11. -4.]
 [17.  5.]
 [ 6.  6.]
 [17.  6.]
 [ 3.  5.]
 [11. -4.]
 [17.  4.]
 [ 6.  6.]
 [17.  5.]
 [ 3.  5.]
 [11. -5.]
 [17.  3.]
 [ 6.  6.]
 [17.  4.]
 [ 3.  5.]
 [11. -5.]
 [17.  2.]
 [ 6.  6.]
 [17.  3.]
 [ 3.  5.]
 [11. -5.]
 [17.  1.]
 [ 6.  6.]
 [17.  2.]
 [ 3.  5.]
 [11. -5.]
 [17.  1.]
 [ 6.  6.]
 [17.  2.]
 [ 3.  5.]
 [11. -5.]
 [17.  0.]
 [ 6.  6.]
 [17.  1.]
 [ 3.  5.]]
