Maze:
##########################
#                        #
#                        #
#                        #
#                        #
#                        #
#     ##############     #
#     #            #     #
#     #    B       #     #
#     #          S #     #
#     #     A      #     #
#     #            #     #
#     #     C      #     #
#     #            #     #
#     #            #     #
#     #            #     #
#     #            #     #
#     #         D  #     #
#     #            #     #
#     ##############     #
#                        #
#                        #
#                        #
#                        #
#                        #
##########################
[[11.  3.]
 [ 6.  4.]
 [ 5.  2.]
 [ 6.  6.]
 [10. 11.]
 [12.  3.]
 [ 6.  3.]
 [ 5.  1.]
 [ 6.  6.]
 [10. 11.]
 [13.  3.]
 [ 6.  2.]
 [ 5.  0.]
 [ 6.  6.]
 [10. 11.]
 [14.  3.]
 [ 6.  1.]
 [ 5. -1.]
 [ 6.  6.]
 [10. 11.]
 [15.  3.]
 [ 6.  0.]
 [ 5. -2.]
 [ 6.  6.]
 [10. 11.]
 [16.  3.]
 [ 6. -1.]
 [ 5. -3.]
 [ 6.  6.]
 [10. 11.]
 [17.  3.]
 [ 6. -2.]
 [ 5. -4.]
 [ 6.  6.]
 [10. 11.]
 [17.  3.]
 [ 6. -3.]
 [ 5. -5.]
 [ 6.  6.]
 [10. 11.]
 [17.  3.]
 [ 6. -4.]
 [ 5. -5.]
 [ 6.  6.]
 [10. 11.]
 [17.  3.]
 [ 5. -5.]
 [ 4. -5.]
 [ 6.  6.]
 [10. 11.]
 [17.  3.]
 [ 4. -5.]
 [ 3. -5.]
 [ 6.  6.]
 [10. 11.]
 [17.  3.]
 [ 3. -5.]
 [ 2. -5.]
 [ 6.  6.]
 [10. 11.]
 [17.  3.]
 [ 2. -5.]
 [ 1. -5.]
 [ 6.  6.]
 [10. 11.]
 [17.  3.]
 [ 1. -5.]
 [ 0. -5.]
 [ 6.  6.]
 [10. 11.]
 [17.  3.]
 [ 0. -5.]
 [-1. -5.]
 [ 6.  6.]
 [10. 11.]
 [17.  3.]
 [-1. -5.]
 [-2. -5.]
 [ 6.  6.]
 [10. 11.]
 [17.  3.]
 [-2. -5.]
 [-3. -5.]
 [ 6.  6.]
 [10. 11.]
 [17.  3.]
 [-3. -5.]
 [-4. -5.]
 [ 6.  6.]
 [10. 11.]
 [17.  3.]
 [-4. -5.]
 [-5. -5.]
 [ 6.  6.]
 [10. 11.]
 [17.  3.]
 [-4. -5.]
 [-5. -5.]
 [ 6.  6.]
 [10. 11.]]
