Maze:
##########################
#                        #
#                        #
#                        #
#                        #
#                        #
#     ##############     #
#     #  D         #     #
#     #S           #     #
#     #            #     #
#     #            #     #
#     #            #     #
#     #     B     C#     #
#     #            #     #
#     #            #     #
#     #          A #     #
#     #            #     #
#     #            #     #
#     #            #     #
#     ##############     #
#                        #
#                        #
#                        #
#                        #
#                        #
##########################
[[ 1.  2.]
 [11.  9.]
 [ 6.  6.]
 [12.  6.]
 [ 3.  1.]
 [ 0.  2.]
 [11. 10.]
 [ 6.  6.]
 [12.  7.]
 [ 4.  1.]
 [-1.  2.]
 [11. 11.]
 [ 6.  6.]
 [12.  8.]
 [ 5.  1.]
 [-2.  2.]
 [11. 12.]
 [ 6.  6.]
 [12.  9.]
 [ 5.  1.]
 [-3.  2.]
 [11. 13.]
 [ 6.  6.]
 [12. 10.]
 [ 5.  1.]
 [-4.  2.]
 [11. 14.]
 [ 6.  6.]
 [12. 11.]
 [ 5.  1.]
 [-5.  2.]
 [11. 15.]
 [ 6.  6.]
 [12. 12.]
 [ 5.  1.]
 [-5.  2.]
 [11. 16.]
 [ 6.  6.]
 [12. 13.]
 [ 5.  1.]
 [-5.  2.]
 [11. 17.]
 [ 6.  6.]
 [12. 14.]
 [ 5.  1.]
 [-5.  2.]
 [11. 17.]
 [ 6.  6.]
 [12. 15.]
 [ 5.  1.]
 [-5.  2.]
 [11. 17.]
 [ 6.  6.]
 [12. 16.]
 [ 5.  1.]
 [-5.  2.]
 [10. 17.]
 [ 6.  6.]
 [11. 17.]
 [ 5.  1.]
 [-5.  2.]
 [ 9. 17.]
 [ 6.  6.]
 [10. 17.]
 [ 5.  1.]
 [-5.  2.]
 [ 8. 17.]
 [ 6.  6.]
 [ 9. 17.]
 [ 5.  1.]
 [-5.  2.]
 [ 7. 17.]
 [ 6.  6.]
 [ 8. 17.]
 [ 5.  1.]
 [-5.  2.]
 [ 6. 17.]
 [ 6.  6.]
 [ 7. 17.]
 [ 5.  1.]
 [-5.  2.]
 [ 5. 17.]
 [ 6.  6.]
 [ 6. 17.]
 [ 5.  1.]
 [-5.  2.]
 [ 4. 17.]
 [ 6.  6.]
 [ 5. 17.]
 [ 5.  1.]
 [-5.  2.]
 [ 3. 17.]
 [ 6.  6.]
 [ 4. 17.]
 [ 5.  1.]
 [-5.  2.]
 [ 2. 17.]
 [ 6.  6.]
 [ 3. 17.]
 [ 5.  1.]
 [-5.  2.]
 [ 2. 17.]
 [ 6.  6.]
 [ 3. 17.]
 [ 5.  1.]
 [-5.  2.]
 [ 1. 17.]
 [ 6.  6.]
 [ 2. 17.]
 [ 5.  1.]]
