Maze:
##########################
#                        #
#                        #
#                        #
#                        #
#                        #
#     ##############     #
#     #         S  #     #
#     #            #     #
#     #            #     #
#     #            #     #
#     #          C #     #
#     #     AB     #     #
#     #            #     #
#     #           D#     #
#     #            #     #
#     #            #     #
#     #            #     #
#     #            #     #
#     ##############     #
#                        #
#                        #
#                        #
#                        #
#                        #
##########################
[[10.  1.]
 [ 6.  6.]
 [ 7.  6.]
 [11.  5.]
 [12.  8.]
 [10.  0.]
 [ 6.  6.]
 [ 8.  6.]
 [11.  4.]
 [12.  9.]
 [10. -1.]
 [ 6.  6.]
 [ 9.  6.]
 [11.  3.]
 [12.  9.]
 [10. -2.]
 [ 6.  6.]
 [10.  6.]
 [11.  2.]
 [12.  9.]
 [10. -3.]
 [ 6.  6.]
 [11.  6.]
 [11.  1.]
 [12.  9.]
 [10. -4.]
 [ 6.  6.]
 [12.  6.]
 [11.  0.]
 [12.  9.]
 [10. -5.]
 [ 6.  6.]
 [13.  6.]
 [11. -1.]
 [12.  9.]
 [10. -5.]
 [ 6.  6.]
 [13.  6.]
 [11. -2.]
 [12.  9.]
 [10. -5.]
 [ 6.  6.]
 [13.  6.]
 [11. -3.]
 [12.  9.]
 [10. -5.]
 [ 6.  6.]
 [13.  6.]
 [11. -4.]
 [12.  9.]
 [ 9. -5.]
 [ 6.  6.]
 [13.  6.]
 [10. -5.]
 [12.  9.]
 [ 8. -5.]
 [ 6.  6.]
 [13.  6.]
 [ 9. -5.]
 [12.  9.]
 [ 7. -5.]
 [ 6.  6.]
 [13.  6.]
 [ 8. -5.]
 [12.  9.]
 [ 6. -5.]
 [ 6.  6.]
 [13.  6.]
 [ 7. -5.]
 [12.  9.]
 [ 5. -5.]
 [ 6.  6.]
 [13.  6.]
 [ 6. -5.]
 [12.  9.]
 [ 4. -5.]
 [ 6.  6.]
 [13.  6.]
 [ 5. -5.]
 [12.  9.]
 [ 3. -5.]
 [ 6.  6.]
 [13.  6.]
 [ 4. -5.]
 [12.  9.]
 [ 2. -5.]
 [ 6.  6.]
 [13.  6.]
 [ 3. -5.]
 [12.  9.]
 [ 1. -5.]
 [ 6.  6.]
 [13.  6.]
 [ 2. -5.]
 [12.  9.]
 [ 0. -5.]
 [ 6.  6.]
 [13.  6.]
 [ 1. -5.]
 [12.  9.]
 [ 0. -5.]
 [ 6.  6.]
 [13.  6.]
 [ 1. -5.]
 [12.  9.]
 [-1. -5.]
 [ 6.  6.]
 [13.  6.]
 [ 0. -5.]
 [12.  9.]]
