Maze:
##########################
#                        #
#                        #
#                        #
#                        #
#                        #
#     ##############     #
#     #            #     #
#     #            #     #
#     #            #     #
#     # S          #     #
#     #            #     #
#     #     B      #     #
#     #           D#     #
#     #        C   #     #
#     #            #     #
#     #            #     #
#     #   A        #     #
#     #            #     #
#     ##############     #
#                        #
#                        #
#                        #
#                        #
#                        #
##########################
[[ 2.  4.]
 [ 4. 11.]
 [ 6.  6.]
 [ 9.  8.]
 [12.  7.]
 [ 1.  3.]
 [ 4. 12.]
 [ 6.  6.]
 [ 8.  8.]
 [13.  7.]
 [ 0.  2.]
 [ 4. 13.]
 [ 6.  6.]
 [ 7.  9.]
 [13.  7.]
 [-1.  2.]
 [ 4. 14.]
 [ 6.  6.]
 [ 6. 10.]
 [13.  7.]
 [-2.  2.]
 [ 4. 15.]
 [ 6.  6.]
 [ 5. 11.]
 [13.  7.]
 [-2.  2.]
 [ 4. 16.]
 [ 6.  6.]
 [ 5. 12.]
 [13.  7.]
 [-2.  2.]
 [ 4. 17.]
 [ 6.  6.]
 [ 5. 13.]
 [13.  7.]
 [-2.  2.]
 [ 4. 17.]
 [ 6.  6.]
 [ 5. 14.]
 [13.  7.]
 [-2.  2.]
 [ 4. 17.]
 [ 6.  6.]
 [ 5. 15.]
 [13.  7.]
 [-2.  2.]
 [ 4. 17.]
 [ 6.  6.]
 [ 5. 16.]
 [13.  7.]
 [-2.  2.]
 [ 3. 17.]
 [ 6.  6.]
 [ 4. 17.]
 [13.  7.]
 [-2.  2.]
 [ 2. 17.]
 [ 6.  6.]
 [ 3. 17.]
 [13.  7.]
 [-2.  2.]
 [ 1. 17.]
 [ 6.  6.]
 [ 2. 17.]
 [13.  7.]
 [-2.  2.]
 [ 0. 17.]
 [ 6.  6.]
 [ 1. 17.]
 [13.  7.]
 [-2.  2.]
 [-1. 17.]
 [ 6.  6.]
 [ 0. 17.]
 [13.  7.]
 [-2.  2.]
 [-2. 17.]
 [ 6.  6.]
 [-1. 17.]
 [13.  7.]
 [-2.  2.]
 [-3. 17.]
 [ 6.  6.]
 [-2. 17.]
 [13.  7.]
 [-2.  2.]
 [-4. 17.]
 [ 6.  6.]
 [-3. 17.]
 [13.  7.]
 [-2.  2.]
 [-5. 17.]
 [ 6.  6.]
 [-4. 17.]
 [13.  7.]
 [-2.  2.]
 [-5. 17.]
 [ 6.  6.]
 [-4. 17.]
 [13.  7.]]
