Maze:
##########################
#                        #
#                        #
#                        #
#                        #
#                        #
#     ##############     #
#     #            #     #
#     #  D         #     #
#     #   C        #     #
#     #            #     #
#     #       S    #     #
#     #     B    A #     #
#     #            #     #
#     #            #     #
#     #            #     #
#     #            #     #
#     #            #     #
#     #            #     #
#     ##############     #
#                        #
#                        #
#                        #
#                        #
#                        #
##########################
[[ 8.  5.]
 [11.  6.]
 [ 6.  6.]
 [ 4.  3.]
 [ 3.  2.]
 [ 9.  5.]
 [12.  6.]
 [ 6.  6.]
 [ 5.  4.]
 [ 2.  1.]
 [10.  5.]
 [13.  6.]
 [ 6.  6.]
 [ 6.  4.]
 [ 2.  1.]
 [11.  5.]
 [14.  6.]
 [ 6.  6.]
 [ 7.  3.]
 [ 2.  1.]
 [11.  5.]
 [15.  6.]
 [ 6.  6.]
 [ 8.  3.]
 [ 2.  1.]
 [12.  5.]
 [16.  6.]
 [ 6.  6.]
 [ 9.  3.]
 [ 2.  1.]
 [13.  5.]
 [17.  6.]
 [ 6.  6.]
 [10.  3.]
 [ 2.  1.]
 [14.  5.]
 [17.  6.]
 [ 6.  6.]
 [11.  3.]
 [ 2.  1.]
 [14.  5.]
 [17.  6.]
 [ 6.  6.]
 [12.  3.]
 [ 2.  1.]
 [14.  6.]
 [17.  6.]
 [ 6.  6.]
 [13.  3.]
 [ 2.  1.]
 [14.  7.]
 [17.  6.]
 [ 6.  6.]
 [14.  4.]
 [ 2.  1.]
 [14.  8.]
 [17.  6.]
 [ 6.  6.]
 [15.  5.]
 [ 2.  1.]
 [14.  9.]
 [17.  6.]
 [ 6.  6.]
 [16.  6.]
 [ 2.  1.]
 [14. 10.]
 [17.  6.]
 [ 6.  6.]
 [16.  6.]
 [ 2.  1.]
 [14. 11.]
 [17.  6.]
 [ 6.  6.]
 [16.  6.]
 [ 2.  1.]
 [14. 12.]
 [17.  6.]
 [ 6.  6.]
 [16.  6.]
 [ 2.  1.]
 [14. 13.]
 [17.  6.]
 [ 6.  6.]
 [16.  6.]
 [ 2.  1.]
 [14. 14.]
 [17.  6.]
 [ 6.  6.]
 [16.  6.]
 [ 2.  1.]
 [14. 15.]
 [17.  6.]
 [ 6.  6.]
 [16.  6.]
 [ 2.  1.]
 [14. 16.]
 [17.  6.]
 [ 6.  6.]
 [16.  6.]
 [ 2.  1.]
 [14. 16.]
 [17.  6.]
 [ 6.  6.]
 [16.  6.]
 [ 2.  1.]]
