Maze:
##########################
#                        #
#                        #
#                        #
#                        #
#                        #
#     ##############     #
#     #            #     #
#     #            #     #
#     #            #     #
#     #            #     #
#     #A           #     #
#     #     C      #     #
#     #     S      #     #
#     #            #     #
#     #         D  #     #
#     #            #     #
#     #            #     #
#     #           B#     #
#     ##############     #
#                        #
#                        #
#                        #
#                        #
#                        #
##########################
[[ 6.  7.]
 [ 1.  5.]
 [12. 12.]
 [ 6.  6.]
 [10.  9.]
 [ 6.  8.]
 [ 1.  5.]
 [11. 11.]
 [ 6.  6.]
 [11. 10.]
 [ 6.  9.]
 [ 1.  5.]
 [11. 10.]
 [ 6.  6.]
 [11. 11.]
 [ 7. 10.]
 [ 1.  5.]
 [11. 11.]
 [ 6.  6.]
 [11. 10.]
 [ 8. 11.]
 [ 1.  5.]
 [11. 10.]
 [ 6.  6.]
 [11. 11.]
 [ 9. 11.]
 [ 1.  5.]
 [11. 11.]
 [ 6.  6.]
 [12. 10.]
 [10. 11.]
 [ 1.  5.]
 [12. 10.]
 [ 6.  6.]
 [13. 11.]
 [11. 11.]
 [ 1.  5.]
 [13. 11.]
 [ 6.  6.]
 [14. 10.]
 [12. 11.]
 [ 1.  5.]
 [14. 10.]
 [ 6.  6.]
 [15. 11.]
 [13. 11.]
 [ 1.  5.]
 [15. 11.]
 [ 6.  6.]
 [16. 10.]
 [14. 11.]
 [ 1.  5.]
 [16. 10.]
 [ 6.  6.]
 [17. 11.]
 [15. 11.]
 [ 1.  5.]
 [17. 11.]
 [ 6.  6.]
 [17. 10.]
 [16. 11.]
 [ 1.  5.]
 [17. 11.]
 [ 6.  6.]
 [17. 10.]
 [17. 11.]
 [ 1.  5.]
 [17. 11.]
 [ 6.  6.]
 [17. 10.]
 [17. 11.]
 [ 1.  5.]
 [17. 11.]
 [ 6.  6.]
 [17.  9.]
 [17. 11.]
 [ 1.  5.]
 [17. 11.]
 [ 6.  6.]
 [17.  8.]
 [17. 11.]
 [ 1.  5.]
 [17. 11.]
 [ 6.  6.]
 [17.  7.]
 [17. 11.]
 [ 1.  5.]
 [17. 11.]
 [ 6.  6.]
 [17.  6.]
 [17. 11.]
 [ 1.  5.]
 [17. 11.]
 [ 6.  6.]
 [17.  5.]
 [17. 11.]
 [ 1.  5.]
 [17. 11.]
 [ 6.  6.]
 [17.  4.]
 [17. 11.]
 [ 1.  5.]
 [17. 11.]
 [ 6.  6.]
 [17.  4.]]
