Maze:
##########################
#                        #
#                        #
#                        #
#                        #
#                        #
#     ##############     #
#     #            #     #
#     #            #     #
#     #            #     #
#     #S           #     #
#     #            #     #
#     #    CA      #     #
#     #            #     #
#     #            #     #
#     #         B  #     #
#     #            #     #
#     #            #     #
#     #       D    #     #
#     ##############     #
#                        #
#                        #
#                        #
#                        #
#                        #
##########################
[[ 1.  4.]
 [ 6.  6.]
 [10.  9.]
 [ 5.  6.]
 [ 8. 12.]
 [ 0.  4.]
 [ 6.  6.]
 [ 9. 10.]
 [ 4.  6.]
 [ 8. 12.]
 [-1.  4.]
 [ 6.  6.]
 [ 9. 11.]
 [ 3.  6.]
 [ 9. 12.]
 [-2.  4.]
 [ 6.  6.]
 [ 9. 12.]
 [ 2.  6.]
 [ 9. 11.]
 [-3.  4.]
 [ 6.  6.]
 [ 9. 11.]
 [ 1.  6.]
 [ 9. 12.]
 [-4.  4.]
 [ 6.  6.]
 [ 9. 12.]
 [ 0.  6.]
 [ 9. 11.]
 [-5.  4.]
 [ 6.  6.]
 [ 9. 11.]
 [-1.  6.]
 [ 9. 12.]
 [-5.  4.]
 [ 6.  6.]
 [ 9. 12.]
 [-2.  6.]
 [ 9. 11.]
 [-5.  4.]
 [ 6.  6.]
 [ 9. 11.]
 [-3.  6.]
 [ 9. 12.]
 [-5.  3.]
 [ 6.  6.]
 [ 9. 12.]
 [-4.  5.]
 [ 9. 11.]
 [-5.  2.]
 [ 6.  6.]
 [ 9. 11.]
 [-4.  4.]
 [ 9. 12.]
 [-5.  1.]
 [ 6.  6.]
 [ 9. 12.]
 [-4.  3.]
 [ 9. 11.]
 [-5.  0.]
 [ 6.  6.]
 [ 9. 11.]
 [-4.  2.]
 [ 9. 12.]
 [-5. -1.]
 [ 6.  6.]
 [ 9. 12.]
 [-4.  1.]
 [ 9. 11.]
 [-5. -2.]
 [ 6.  6.]
 [ 9. 11.]
 [-4.  0.]
 [ 9. 12.]
 [-5. -3.]
 [ 6.  6.]
 [ 9. 12.]
 [-4. -1.]
 [ 9. 11.]
 [-5. -4.]
 [ 6.  6.]
 [ 9. 11.]
 [-4. -2.]
 [ 9. 12.]
 [-5. -5.]
 [ 6.  6.]
 [ 9. 12.]
 [-4. -3.]
 [ 9. 11.]
 [-5. -5.]
 [ 6.  6.]
 [ 9. 11.]
 [-4. -4.]
 [ 9. 12.]
 [-5. -5.]
 [ 6.  6.]
 [ 9. 12.]
 [-4. -4.]
 [ 9. 11.]
 [-5. -5.]
 [ 6.  6.]
 [ 9. 11.]
 [-4. -4.]
 [ 9. 12.]]
