Maze:
##########################
#                        #
#                        #
#                        #
#                        #
#                        #
#     ##############     #
#     #            #     #
#     #            #     #
#     #   B        #     #
#     #            #     #
#     #            #     #
#     #     A      #     #
#     #           D#     #
#     #            #     #
#     #            #     #
#     # C          #     #
#     #            #     #
#     #     S      #     #
#     ##############     #
#                        #
#                        #
#                        #
#                        #
#                        #
##########################
[[ 6. 12.]
 [ 6.  6.]
 [ 4.  3.]
 [ 2. 10.]
 [12.  7.]
 [ 6. 13.]
 [ 6.  6.]
 [ 4.  3.]
 [ 2. 11.]
 [12.  7.]
 [ 6. 14.]
 [ 6.  6.]
 [ 4.  3.]
 [ 2. 12.]
 [12.  7.]
 [ 6. 14.]
 [ 6.  6.]
 [ 4.  3.]
 [ 2. 13.]
 [12.  7.]
 [ 7. 14.]
 [ 6.  6.]
 [ 4.  3.]
 [ 3. 14.]
 [12.  7.]
 [ 8. 14.]
 [ 6.  6.]
 [ 4.  3.]
 [ 4. 14.]
 [12.  7.]
 [ 9. 14.]
 [ 6.  6.]
 [ 4.  3.]
 [ 5. 14.]
 [12.  7.]
 [10. 14.]
 [ 6.  6.]
 [ 4.  3.]
 [ 6. 14.]
 [12.  7.]
 [11. 14.]
 [ 6.  6.]
 [ 4.  3.]
 [ 7. 14.]
 [12.  6.]
 [12. 14.]
 [ 6.  6.]
 [ 4.  3.]
 [ 8. 14.]
 [12.  6.]
 [13. 14.]
 [ 6.  6.]
 [ 4.  3.]
 [ 9. 14.]
 [12.  5.]
 [14. 14.]
 [ 6.  6.]
 [ 4.  3.]
 [10. 14.]
 [12.  5.]
 [15. 14.]
 [ 6.  6.]
 [ 4.  3.]
 [11. 14.]
 [12.  5.]
 [16. 14.]
 [ 6.  6.]
 [ 4.  3.]
 [12. 14.]
 [12.  5.]
 [17. 14.]
 [ 6.  6.]
 [ 4.  3.]
 [13. 14.]
 [12.  5.]
 [17. 14.]
 [ 6.  6.]
 [ 4.  2.]
 [14. 14.]
 [12.  5.]
 [17. 14.]
 [ 6.  6.]
 [ 4.  2.]
 [15. 14.]
 [12.  5.]
 [17. 14.]
 [ 6.  6.]
 [ 4.  2.]
 [16. 14.]
 [12.  5.]
 [17. 14.]
 [ 6.  6.]
 [ 4.  2.]
 [16. 14.]
 [12.  5.]]
