Maze:
##########################
#                        #
#                        #
#                        #
#                        #
#                        #
#     ##############     #
#     #      D     #     #
#     #            #     #
#     #    B       #     #
#     #            #     #
#     #            #     #
#     #     A      #     #
#     #            #     #
#     #            #     #
#     #            #     #
#     #     S      #     #
#     #  C         #     #
#     #            #     #
#     ##############     #
#                        #
#                        #
#                        #
#                        #
#                        #
##########################
[[ 6. 10.]
 [ 6.  6.]
 [ 5.  3.]
 [ 3. 11.]
 [ 7.  1.]
 [ 7. 10.]
 [ 6.  6.]
 [ 6.  2.]
 [ 4. 11.]
 [ 7.  1.]
 [ 8. 10.]
 [ 6.  6.]
 [ 7.  1.]
 [ 5. 11.]
 [ 6.  2.]
 [ 9. 10.]
 [ 6.  6.]
 [ 6.  2.]
 [ 6. 11.]
 [ 7.  1.]
 [10. 10.]
 [ 6.  6.]
 [ 7.  1.]
 [ 7. 11.]
 [ 6.  2.]
 [11. 10.]
 [ 6.  6.]
 [ 6.  2.]
 [ 8. 11.]
 [ 7.  1.]
 [12. 10.]
 [ 6.  6.]
 [ 7.  1.]
 [ 9. 11.]
 [ 6.  2.]
 [13. 10.]
 [ 6.  6.]
 [ 6.  2.]
 [10. 11.]
 [ 7.  1.]
 [14. 10.]
 [ 6.  6.]
 [ 7.  1.]
 [11. 11.]
 [ 6.  2.]
 [15. 10.]
 [ 6.  6.]
 [ 6.  2.]
 [12. 11.]
 [ 7.  1.]
 [16. 10.]
 [ 6.  6.]
 [ 7.  1.]
 [13. 11.]
 [ 6.  2.]
 [17. 10.]
 [ 6.  6.]
 [ 6.  2.]
 [14. 11.]
 [ 7.  1.]
 [17. 10.]
 [ 6.  6.]
 [ 7.  1.]
 [15. 11.]
 [ 6.  2.]
 [17. 10.]
 [ 6.  6.]
 [ 6.  2.]
 [16. 11.]
 [ 7.  1.]
 [17.  9.]
 [ 6.  6.]
 [ 7.  1.]
 [17. 10.]
 [ 6.  2.]
 [17.  8.]
 [ 6.  6.]
 [ 6.  2.]
 [17.  9.]
 [ 7.  1.]
 [17.  7.]
 [ 6.  6.]
 [ 7.  1.]
 [17.  8.]
 [ 6.  2.]
 [17.  6.]
 [ 6.  6.]
 [ 6.  2.]
 [17.  7.]
 [ 7.  1.]
 [17.  5.]
 [ 6.  6.]
 [ 7.  1.]
 [17.  6.]
 [ 6.  2.]
 [17.  4.]
 [ 6.  6.]
 [ 6.  2.]
 [17.  5.]
 [ 7.  1.]
 [17.  4.]
 [ 6.  6.]
 [ 6.  2.]
 [17.  5.]
 [ 7.  1.]
 [17.  3.]
 [ 6.  6.]
 [ 7.  1.]
 [17.  4.]
 [ 6.  2.]]
