Maze:
##########################
#                        #
#                        #
#                        #
#                        #
#                        #
#     ##############     #
#     #           C#     #
#     #            #     #
#     #            #     #
#     #            #     #
#     #            #     #
#     #     A      #     #
#     #         B  #     #
#     #            #     #
#     #    S       #     #
#     #      D     #     #
#     #            #     #
#     #            #     #
#     ##############     #
#                        #
#                        #
#                        #
#                        #
#                        #
##########################
[[ 5.  9.]
 [ 6.  6.]
 [10.  7.]
 [12.  1.]
 [ 7. 10.]
 [ 4. 10.]
 [ 6.  6.]
 [ 9.  8.]
 [12.  1.]
 [ 8. 10.]
 [ 4. 11.]
 [ 6.  6.]
 [ 9.  9.]
 [12.  1.]
 [ 9. 10.]
 [ 4. 11.]
 [ 6.  6.]
 [ 9. 10.]
 [12.  1.]
 [ 9.  9.]
 [ 5. 12.]
 [ 6.  6.]
 [ 9.  9.]
 [12.  1.]
 [ 9. 10.]
 [ 6. 12.]
 [ 6.  6.]
 [ 9. 10.]
 [12.  1.]
 [ 9.  9.]
 [ 7. 12.]
 [ 6.  6.]
 [ 9.  9.]
 [12.  1.]
 [ 9. 10.]
 [ 8. 11.]
 [ 6.  6.]
 [ 9. 10.]
 [12.  1.]
 [ 9.  9.]
 [ 9. 10.]
 [ 6.  6.]
 [ 9.  9.]
 [12.  1.]
 [10.  9.]
 [ 9.  9.]
 [ 6.  6.]
 [10.  9.]
 [12.  1.]
 [10.  8.]
 [10.  9.]
 [ 6.  6.]
 [10.  8.]
 [12.  1.]
 [11.  8.]
 [10.  8.]
 [ 6.  6.]
 [11.  8.]
 [12.  1.]
 [11.  7.]
 [11.  8.]
 [ 6.  6.]
 [11.  7.]
 [12.  1.]
 [12.  7.]
 [11.  7.]
 [ 6.  6.]
 [12.  7.]
 [12.  1.]
 [12.  6.]
 [12.  7.]
 [ 6.  6.]
 [12.  6.]
 [12.  1.]
 [13.  6.]
 [12.  6.]
 [ 6.  6.]
 [13.  6.]
 [12.  1.]
 [13.  5.]
 [13.  6.]
 [ 6.  6.]
 [13.  5.]
 [12.  1.]
 [14.  5.]
 [13.  5.]
 [ 6.  6.]
 [14.  5.]
 [12.  1.]
 [14.  4.]
 [14.  5.]
 [ 6.  6.]
 [14.  4.]
 [12.  1.]
 [15.  4.]
 [14.  4.]
 [ 6.  6.]
 [15.  4.]
 [12.  1.]
 [16.  3.]
 [14.  4.]
 [ 6.  6.]
 [15.  4.]
 [12.  1.]
 [16.  3.]
 [15.  4.]
 [ 6.  6.]
 [15.  3.]
 [12.  1.]
 [17.  3.]]
