Maze:
##########################
#                        #
#                        #
#                        #
#                        #
#                        #
#     ##############     #
#     #            #     #
#     #            #     #
#     #            #     #
#     #            #     #
#     #            #     #
#     #     A      #     #
#     #          D #     #
#     #            #     #
#     #       B    #     #
#     #  S         #     #
#     #            #     #
#     #C           #     #
#     ##############     #
#                        #
#                        #
#                        #
#                        #
#                        #
##########################
[[ 3. 10.]
 [ 6.  6.]
 [ 8.  9.]
 [ 1. 12.]
 [11.  7.]
 [ 4. 10.]
 [ 6.  6.]
 [ 9.  9.]
 [ 2. 11.]
 [11.  7.]
 [ 5. 10.]
 [ 6.  6.]
 [10.  8.]
 [ 3. 11.]
 [11.  7.]
 [ 6. 10.]
 [ 6.  6.]
 [11.  7.]
 [ 4. 11.]
 [10.  8.]
 [ 7. 10.]
 [ 6.  6.]
 [10.  8.]
 [ 5. 11.]
 [11.  7.]
 [ 8. 10.]
 [ 6.  6.]
 [11.  7.]
 [ 6. 11.]
 [10.  8.]
 [ 9. 10.]
 [ 6.  6.]
 [10.  8.]
 [ 7. 11.]
 [11.  7.]
 [10.  9.]
 [ 6.  6.]
 [10.  8.]
 [ 8. 11.]
 [11.  7.]
 [10.  8.]
 [ 6.  6.]
 [11.  8.]
 [ 9. 11.]
 [11.  6.]
 [11.  8.]
 [ 6.  6.]
 [10.  7.]
 [10. 11.]
 [12.  5.]
 [10.  7.]
 [ 6.  6.]
 [11.  7.]
 [11. 10.]
 [12.  4.]
 [11.  7.]
 [ 6.  6.]
 [10.  7.]
 [11.  9.]
 [13.  3.]
 [10.  7.]
 [ 6.  6.]
 [11.  7.]
 [11.  8.]
 [13.  2.]
 [11.  7.]
 [ 6.  6.]
 [11.  8.]
 [10.  8.]
 [13.  1.]
 [11.  8.]
 [ 6.  6.]
 [10.  7.]
 [11.  7.]
 [13.  0.]
 [10.  8.]
 [ 6.  6.]
 [11.  7.]
 [11.  8.]
 [13.  0.]
 [10.  7.]
 [ 6.  6.]
 [11.  8.]
 [10.  8.]
 [13.  0.]
 [11.  7.]
 [ 6.  6.]
 [10.  8.]
 [10.  7.]
 [13.  0.]
 [11.  8.]
 [ 6.  6.]
 [10.  7.]
 [11.  7.]
 [13. -1.]
 [10.  8.]
 [ 6.  6.]
 [11.  7.]
 [11.  8.]
 [13. -1.]
 [10.  8.]
 [ 6.  6.]
 [11.  7.]
 [11.  8.]
 [13. -1.]
 [10.  7.]
 [ 6.  6.]
 [11.  8.]
 [10.  8.]
 [13. -1.]]
