Maze:
##########################
#                        #
#                        #
#                        #
#                        #
#                        #
#     ##############     #
#     #            #     #
#     #            #     #
#     #            #     #
#     #    D       #     #
#     #          S #     #
#     #     A      #     #
#     #            #     #
#     #            #     #
#     #           C#     #
#     #            #     #
#     #   B        #     #
#     #            #     #
#     ##############     #
#                        #
#                        #
#                        #
#                        #
#                        #
##########################
[[11.  5.]
 [ 6.  6.]
 [ 4. 11.]
 [12.  9.]
 [ 5.  4.]
 [12.  4.]
 [ 6.  6.]
 [ 4. 11.]
 [12.  8.]
 [ 4.  4.]
 [12.  3.]
 [ 6.  6.]
 [ 4. 11.]
 [13.  7.]
 [ 4.  4.]
 [12.  2.]
 [ 6.  6.]
 [ 4. 11.]
 [13.  6.]
 [ 4.  4.]
 [12.  1.]
 [ 6.  6.]
 [ 4. 11.]
 [13.  5.]
 [ 4.  4.]
 [12.  0.]
 [ 6.  6.]
 [ 4. 11.]
 [13.  4.]
 [ 4.  4.]
 [12. -1.]
 [ 6.  6.]
 [ 4. 11.]
 [13.  3.]
 [ 4.  4.]
 [12. -2.]
 [ 6.  6.]
 [ 4. 11.]
 [13.  2.]
 [ 4.  4.]
 [12. -3.]
 [ 6.  6.]
 [ 4. 11.]
 [13.  1.]
 [ 4.  4.]
 [12. -4.]
 [ 6.  6.]
 [ 4. 11.]
 [13.  0.]
 [ 4.  4.]
 [12. -5.]
 [ 6.  6.]
 [ 4. 11.]
 [13. -1.]
 [ 4.  4.]
 [12. -5.]
 [ 6.  6.]
 [ 4. 11.]
 [13. -2.]
 [ 4.  4.]
 [12. -5.]
 [ 6.  6.]
 [ 4. 11.]
 [13. -3.]
 [ 4.  4.]
 [12. -5.]
 [ 6.  6.]
 [ 4. 11.]
 [13. -4.]
 [ 4.  4.]
 [11. -5.]
 [ 6.  6.]
 [ 4. 11.]
 [12. -5.]
 [ 4.  4.]
 [10. -5.]
 [ 6.  6.]
 [ 4. 11.]
 [11. -5.]
 [ 4.  4.]
 [ 9. -5.]
 [ 6.  6.]
 [ 4. 11.]
 [10. -5.]
 [ 4.  4.]
 [ 8. -5.]
 [ 6.  6.]
 [ 4. 11.]
 [ 9. -5.]
 [ 4.  5.]
 [ 7. -5.]
 [ 6.  6.]
 [ 4. 10.]
 [ 8. -5.]
 [ 4.  6.]
 [ 6. -5.]
 [ 6.  6.]
 [ 4.  9.]
 [ 7. -5.]
 [ 4.  7.]
 [ 6. -5.]
 [ 6.  6.]
 [ 4.  9.]
 [ 7. -5.]
 [ 4.  7.]
 [ 5. -5.]
 [ 6.  6.]
 [ 4.  9.]
 [ 6. -5.]
 [ 4.  7.]]
