Maze:
##########################
#                        #
#                        #
#                        #
#                        #
#                        #
#     ##############     #
#     #            #     #
#     #            #     #
#     #          S #     #
#     #    D       #     #
#     #            #     #
#     #     A      #     #
#     #            #     #
#     #     C      #     #
#     # B          #     #
#     #            #     #
#     #            #     #
#     #            #     #
#     ##############     #
#                        #
#                        #
#                        #
#                        #
#                        #
##########################
[[11.  3.]
 [ 6.  6.]
 [ 2.  9.]
 [ 6.  8.]
 [ 5.  4.]
 [12.  3.]
 [ 6.  6.]
 [ 3.  8.]
 [ 6.  9.]
 [ 4.  4.]
 [12.  3.]
 [ 6.  6.]
 [ 4.  8.]
 [ 6. 10.]
 [ 4.  4.]
 [12.  3.]
 [ 6.  6.]
 [ 5.  9.]
 [ 6. 11.]
 [ 4.  4.]
 [12.  3.]
 [ 6.  6.]
 [ 5. 10.]
 [ 6. 12.]
 [ 4.  4.]
 [12.  3.]
 [ 6.  6.]
 [ 5. 11.]
 [ 6. 13.]
 [ 4.  4.]
 [12.  3.]
 [ 6.  6.]
 [ 5. 12.]
 [ 6. 14.]
 [ 4.  4.]
 [12.  3.]
 [ 6.  6.]
 [ 5. 13.]
 [ 6. 15.]
 [ 4.  4.]
 [12.  3.]
 [ 6.  6.]
 [ 5. 14.]
 [ 6. 16.]
 [ 4.  4.]
 [12.  3.]
 [ 6.  6.]
 [ 5. 15.]
 [ 6. 17.]
 [ 4.  4.]
 [12.  3.]
 [ 6.  6.]
 [ 5. 16.]
 [ 6. 17.]
 [ 4.  4.]
 [13.  3.]
 [ 6.  6.]
 [ 6. 17.]
 [ 7. 17.]
 [ 4.  4.]
 [13.  3.]
 [ 6.  6.]
 [ 7. 17.]
 [ 8. 17.]
 [ 4.  4.]
 [13.  3.]
 [ 6.  6.]
 [ 8. 17.]
 [ 9. 17.]
 [ 4.  4.]
 [13.  3.]
 [ 6.  6.]
 [ 9. 17.]
 [10. 17.]
 [ 4.  4.]
 [13.  3.]
 [ 6.  6.]
 [10. 17.]
 [11. 17.]
 [ 4.  4.]
 [13.  3.]
 [ 6.  6.]
 [11. 17.]
 [12. 17.]
 [ 4.  4.]
 [13.  3.]
 [ 6.  6.]
 [12. 17.]
 [13. 17.]
 [ 4.  4.]
 [13.  3.]
 [ 6.  6.]
 [13. 17.]
 [14. 17.]
 [ 4.  4.]
 [13.  3.]
 [ 6.  6.]
 [14. 17.]
 [15. 17.]
 [ 4.  4.]
 [13.  3.]
 [ 6.  6.]
 [14. 17.]
 [15. 17.]
 [ 4.  4.]
 [13.  3.]
 [ 6.  6.]
 [15. 17.]
 [16. 17.]
 [ 4.  4.]]
