Maze:
##########################
#                        #
#                        #
#                        #
#                        #
#                        #
#     ##############     #
#     #           B#     #
#     #            #     #
#     #          D #     #
#     #            #     #
#     #            #     #
#     #     A      #     #
#     #            #     #
#     #            #     #
#     #            #     #
#     #  S         #     #
#     #      C     #     #
#     #            #     #
#     ##############     #
#                        #
#                        #
#                        #
#                        #
#                        #
##########################
[[ 3. 10.]
 [ 6.  6.]
 [12.  1.]
 [ 7. 11.]
 [11.  3.]
 [ 2. 10.]
 [ 6.  6.]
 [12.  2.]
 [ 6. 12.]
 [11.  2.]
 [ 1. 10.]
 [ 6.  6.]
 [11.  2.]
 [ 5. 12.]
 [12.  2.]
 [ 0. 10.]
 [ 6.  6.]
 [12.  2.]
 [ 4. 12.]
 [11.  2.]
 [-1. 10.]
 [ 6.  6.]
 [11.  2.]
 [ 3. 12.]
 [12.  2.]
 [-2. 10.]
 [ 6.  6.]
 [12.  2.]
 [ 2. 12.]
 [11.  2.]
 [-3. 10.]
 [ 6.  6.]
 [11.  2.]
 [ 1. 12.]
 [12.  2.]
 [-4. 10.]
 [ 6.  6.]
 [12.  2.]
 [ 0. 12.]
 [11.  2.]
 [-5. 10.]
 [ 6.  6.]
 [11.  2.]
 [-1. 12.]
 [12.  2.]
 [-5. 10.]
 [ 6.  6.]
 [12.  2.]
 [-2. 12.]
 [11.  2.]
 [-5. 10.]
 [ 6.  6.]
 [11.  2.]
 [-3. 12.]
 [12.  2.]
 [-5.  9.]
 [ 6.  6.]
 [12.  2.]
 [-4. 11.]
 [11.  2.]
 [-5.  8.]
 [ 6.  6.]
 [11.  2.]
 [-5. 10.]
 [12.  2.]
 [-5.  7.]
 [ 6.  6.]
 [12.  2.]
 [-5.  9.]
 [11.  2.]
 [-5.  6.]
 [ 6.  6.]
 [11.  2.]
 [-5.  8.]
 [12.  2.]
 [-5.  5.]
 [ 6.  6.]
 [12.  2.]
 [-5.  7.]
 [11.  2.]
 [-5.  4.]
 [ 6.  6.]
 [11.  2.]
 [-5.  6.]
 [12.  2.]
 [-5.  3.]
 [ 6.  6.]
 [12.  2.]
 [-5.  5.]
 [11.  2.]
 [-5.  2.]
 [ 6.  6.]
 [11.  2.]
 [-5.  4.]
 [12.  2.]
 [-5.  1.]
 [ 6.  6.]
 [12.  2.]
 [-5.  3.]
 [11.  2.]
 [-5.  1.]
 [ 6.  6.]
 [12.  2.]
 [-5.  3.]
 [11.  2.]
 [-5.  0.]
 [ 6.  6.]
 [11.  2.]
 [-5.  2.]
 [12.  2.]]
