Maze:
##########################
#                        #
#                        #
#                        #
#                        #
#                        #
#     ##############     #
#     #            #     #
#     #            #     #
#     #            #     #
#     #            #     #
#     #S           #     #
#     #     D      #     #
#     #          A #     #
#     #            #     #
#     #            #     #
#     #    C       #     #
#     #            #     #
#     #     B      #     #
#     ##############     #
#                        #
#                        #
#                        #
#                        #
#                        #
##########################
[[ 1.  5.]
 [11.  7.]
 [ 6. 12.]
 [ 5. 10.]
 [ 6.  6.]
 [ 1.  5.]
 [11.  7.]
 [ 6. 13.]
 [ 5. 11.]
 [ 6.  6.]
 [ 1.  5.]
 [11.  7.]
 [ 6. 14.]
 [ 5. 12.]
 [ 6.  6.]
 [ 1.  5.]
 [12.  7.]
 [ 6. 15.]
 [ 5. 13.]
 [ 6.  6.]
 [ 1.  5.]
 [12.  7.]
 [ 6. 16.]
 [ 5. 14.]
 [ 6.  6.]
 [ 1.  5.]
 [12.  7.]
 [ 6. 17.]
 [ 5. 15.]
 [ 6.  6.]
 [ 1.  5.]
 [12.  7.]
 [ 6. 17.]
 [ 5. 16.]
 [ 6.  6.]
 [ 1.  5.]
 [12.  7.]
 [ 7. 17.]
 [ 6. 17.]
 [ 6.  6.]
 [ 1.  5.]
 [12.  7.]
 [ 8. 17.]
 [ 7. 17.]
 [ 6.  6.]
 [ 1.  5.]
 [12.  7.]
 [ 9. 17.]
 [ 8. 17.]
 [ 6.  6.]
 [ 1.  5.]
 [12.  7.]
 [10. 17.]
 [ 9. 17.]
 [ 6.  6.]
 [ 1.  5.]
 [13.  7.]
 [11. 17.]
 [10. 17.]
 [ 6.  6.]
 [ 1.  5.]
 [13.  7.]
 [12. 17.]
 [11. 17.]
 [ 6.  6.]
 [ 1.  5.]
 [13.  7.]
 [13. 17.]
 [12. 17.]
 [ 6.  6.]
 [ 1.  5.]
 [13.  7.]
 [14. 17.]
 [13. 17.]
 [ 6.  6.]
 [ 1.  5.]
 [13.  7.]
 [15. 17.]
 [14. 17.]
 [ 6.  6.]
 [ 1.  5.]
 [13.  7.]
 [16. 17.]
 [15. 17.]
 [ 6.  6.]
 [ 1.  5.]
 [13.  7.]
 [17. 17.]
 [16. 17.]
 [ 6.  6.]
 [ 1.  5.]
 [13.  7.]
 [17. 17.]
 [16. 17.]
 [ 6.  6.]]
