Maze:
##########################
#                        #
#                        #
#                        #
#                        #
#                        #
#     ##############     #
#     #   A        #     #
#     #    B       #     #
#     #            #     #
#     #            #     #
#     #            #     #
#     #     S D    #     #
#     #            #     #
#     #            #     #
#     #            #     #
#     #            #     #
#     #            #     #
#     #  C         #     #
#     ##############     #
#                        #
#                        #
#                        #
#                        #
#                        #
##########################
[[ 6.  6.]
 [ 4.  1.]
 [ 5.  2.]
 [ 3. 12.]
 [ 8.  6.]
 [ 6.  6.]
 [ 4.  2.]
 [ 6.  3.]
 [ 3. 12.]
 [ 9.  6.]
 [ 6.  6.]
 [ 4.  2.]
 [ 6.  4.]
 [ 3. 12.]
 [10.  5.]
 [ 6.  6.]
 [ 4.  3.]
 [ 6.  5.]
 [ 3. 12.]
 [10.  4.]
 [ 6.  6.]
 [ 4.  4.]
 [ 6.  5.]
 [ 3. 12.]
 [ 9.  4.]
 [ 6.  6.]
 [ 4.  5.]
 [ 6.  5.]
 [ 3. 12.]
 [ 8.  4.]
 [ 6.  6.]
 [ 4.  6.]
 [ 6.  5.]
 [ 3. 12.]
 [ 7.  4.]
 [ 6.  6.]
 [ 4.  7.]
 [ 6.  5.]
 [ 3. 12.]
 [ 7.  4.]
 [ 6.  6.]
 [ 4.  8.]
 [ 6.  5.]
 [ 3. 12.]
 [ 7.  4.]
 [ 6.  6.]
 [ 4.  9.]
 [ 6.  5.]
 [ 3. 12.]
 [ 7.  4.]
 [ 6.  6.]
 [ 4. 10.]
 [ 6.  5.]
 [ 3. 13.]
 [ 7.  4.]
 [ 6.  6.]
 [ 4. 11.]
 [ 6.  5.]
 [ 3. 14.]
 [ 7.  4.]
 [ 6.  6.]
 [ 4. 12.]
 [ 6.  5.]
 [ 3. 15.]
 [ 7.  4.]
 [ 6.  6.]
 [ 4. 13.]
 [ 6.  5.]
 [ 3. 16.]
 [ 7.  4.]
 [ 6.  6.]
 [ 4. 14.]
 [ 6.  5.]
 [ 3. 17.]
 [ 7.  4.]
 [ 6.  6.]
 [ 4. 15.]
 [ 6.  5.]
 [ 3. 17.]
 [ 7.  4.]
 [ 6.  6.]
 [ 4. 16.]
 [ 6.  5.]
 [ 3. 17.]
 [ 7.  4.]
 [ 6.  6.]
 [ 3. 17.]
 [ 6.  5.]
 [ 2. 17.]
 [ 7.  4.]
 [ 6.  6.]
 [ 2. 17.]
 [ 6.  5.]
 [ 1. 17.]
 [ 7.  4.]
 [ 6.  6.]
 [ 1. 17.]
 [ 6.  5.]
 [ 0. 17.]
 [ 7.  4.]
 [ 6.  6.]
 [ 1. 17.]
 [ 6.  5.]
 [ 0. 17.]
 [ 7.  4.]
 [ 6.  6.]
 [ 0. 17.]
 [ 6.  5.]
 [-1. 17.]
 [ 7.  4.]]
