Maze:
##########################
#                        #
#                        #
#                        #
#                        #
#                        #
#     ##############     #
#     #            #     #
#     #            #     #
#     #            #     #
#     #            #     #
#     #       A    #     #
#     #     D      #     #
#     #            #     #
#     #            #     #
#     #            #     #
#     #     B      #     #
#     #         C  #     #
#     #          S #     #
#     ##############     #
#                        #
#                        #
#                        #
#                        #
#                        #
##########################
[[11. 12.]
 [ 8.  5.]
 [ 6. 10.]
 [10. 11.]
 [ 6.  6.]
 [10. 11.]
 [ 9.  5.]
 [ 6. 11.]
 [11. 12.]
 [ 6.  6.]
 [11. 12.]
 [10.  5.]
 [ 6. 12.]
 [10. 11.]
 [ 6.  6.]
 [10. 11.]
 [11.  5.]
 [ 6. 13.]
 [10. 12.]
 [ 6.  6.]
 [10. 12.]
 [12.  6.]
 [ 6. 13.]
 [10. 11.]
 [ 6.  6.]
 [10. 11.]
 [12.  7.]
 [ 6. 14.]
 [10. 12.]
 [ 6.  6.]
 [10. 12.]
 [12.  8.]
 [ 6. 14.]
 [10. 11.]
 [ 6.  6.]
 [10. 11.]
 [12.  9.]
 [ 6. 14.]
 [10. 12.]
 [ 6.  6.]
 [10. 12.]
 [12. 10.]
 [ 6. 14.]
 [10. 11.]
 [ 6.  6.]
 [10. 11.]
 [11. 11.]
 [ 6. 14.]
 [10. 12.]
 [ 6.  6.]
 [ 9. 12.]
 [10. 11.]
 [ 6. 14.]
 [ 9. 11.]
 [ 6.  6.]
 [ 9. 12.]
 [10. 11.]
 [ 6. 14.]
 [ 8. 12.]
 [ 6.  6.]
 [ 8. 12.]
 [ 9. 12.]
 [ 6. 15.]
 [ 9. 13.]
 [ 6.  6.]
 [ 7. 13.]
 [ 9. 13.]
 [ 5. 15.]
 [ 9. 14.]
 [ 6.  6.]
 [ 8. 14.]
 [ 9. 14.]
 [ 5. 14.]
 [ 9. 15.]
 [ 6.  6.]
 [ 7. 15.]
 [ 9. 15.]
 [ 5. 14.]
 [ 9. 16.]
 [ 6.  6.]
 [ 8. 16.]
 [ 9. 16.]
 [ 6. 15.]
 [ 9. 17.]
 [ 6.  6.]
 [ 8. 16.]
 [ 9. 16.]
 [ 7. 16.]
 [ 9. 17.]
 [ 6.  6.]
 [ 8. 16.]
 [ 9. 16.]
 [ 7. 16.]
 [ 8. 17.]
 [ 6.  6.]
 [ 8. 16.]
 [ 9. 16.]
 [ 7. 16.]
 [ 8. 17.]
 [ 6.  6.]]
