Maze:
##########################
#                        #
#                        #
#                        #
#                        #
#                        #
#     ##############     #
#     #       C    #     #
#     #            #     #
#     #            #     #
#     #            #     #
#     #            #     #
#     #     B      #     #
#     #            #     #
#     #            #     #
#     #      A     #     #
#     #          D #     #
#     #           S#     #
#     #            #     #
#     ##############     #
#                        #
#                        #
#                        #
#                        #
#                        #
##########################
[[12. 11.]
 [ 7.  9.]
 [ 6.  6.]
 [ 8.  1.]
 [11. 10.]
 [12. 10.]
 [ 6.  8.]
 [ 6.  6.]
 [ 8.  1.]
 [10.  9.]
 [12. 10.]
 [ 5.  7.]
 [ 6.  6.]
 [ 8.  1.]
 [ 9.  9.]
 [12. 10.]
 [ 5.  6.]
 [ 6.  6.]
 [ 8.  1.]
 [ 8.  9.]
 [12. 10.]
 [ 6.  5.]
 [ 6.  6.]
 [ 8.  1.]
 [ 7.  8.]
 [12. 10.]
 [ 6.  4.]
 [ 6.  6.]
 [ 8.  1.]
 [ 7.  7.]
 [12. 10.]
 [ 6.  3.]
 [ 6.  6.]
 [ 8.  1.]
 [ 7.  7.]
 [12. 10.]
 [ 6.  2.]
 [ 6.  6.]
 [ 9.  1.]
 [ 7.  7.]
 [12. 10.]
 [ 7.  1.]
 [ 6.  6.]
 [10.  1.]
 [ 7.  7.]
 [12. 10.]
 [ 8.  1.]
 [ 6.  6.]
 [11.  1.]
 [ 7.  7.]
 [12. 10.]
 [ 9.  1.]
 [ 6.  6.]
 [12.  1.]
 [ 7.  7.]
 [12. 10.]
 [10.  1.]
 [ 6.  6.]
 [13.  1.]
 [ 7.  7.]
 [12. 10.]
 [11.  1.]
 [ 6.  6.]
 [14.  1.]
 [ 7.  7.]
 [12. 10.]
 [12.  1.]
 [ 6.  6.]
 [15.  1.]
 [ 7.  7.]
 [12. 10.]
 [13.  1.]
 [ 6.  6.]
 [16.  1.]
 [ 7.  7.]
 [12. 10.]
 [14.  1.]
 [ 6.  6.]
 [17.  1.]
 [ 7.  7.]
 [12. 10.]
 [15.  1.]
 [ 6.  6.]
 [17.  1.]
 [ 7.  7.]
 [12. 10.]
 [16.  1.]
 [ 6.  6.]
 [17.  1.]
 [ 7.  7.]
 [12. 10.]
 [16.  1.]
 [ 6.  6.]
 [17.  1.]
 [ 7.  7.]]
