Maze:
##########################
#                        #
#                        #
#                        #
#                        #
#                        #
#     ##############     #
#     #            #     #
#     #      C     #     #
#     #            #     #
#     #            #     #
#     #D           #     #
#     #     S      #     #
#     #            #     #
#     # B          #     #
#     #    A       #     #
#     #            #     #
#     #            #     #
#     #            #     #
#     ##############     #
#                        #
#                        #
#                        #
#                        #
#                        #
##########################
[[ 6.  6.]
 [ 5.  9.]
 [ 2.  8.]
 [ 7.  2.]
 [ 1.  5.]
 [ 6.  6.]
 [ 6.  8.]
 [ 2.  9.]
 [ 7.  2.]
 [ 1.  6.]
 [ 6.  6.]
 [ 6.  7.]
 [ 2. 10.]
 [ 7.  2.]
 [ 1.  7.]
 [ 6.  6.]
 [ 6.  7.]
 [ 2. 11.]
 [ 7.  2.]
 [ 1.  8.]
 [ 6.  6.]
 [ 6.  7.]
 [ 2. 12.]
 [ 7.  2.]
 [ 1.  9.]
 [ 6.  6.]
 [ 6.  7.]
 [ 2. 13.]
 [ 7.  2.]
 [ 1. 10.]
 [ 6.  6.]
 [ 6.  7.]
 [ 2. 14.]
 [ 7.  2.]
 [ 1. 11.]
 [ 6.  6.]
 [ 6.  7.]
 [ 2. 15.]
 [ 7.  2.]
 [ 1. 12.]
 [ 6.  6.]
 [ 6.  7.]
 [ 2. 16.]
 [ 7.  2.]
 [ 1. 13.]
 [ 6.  6.]
 [ 6.  7.]
 [ 2. 17.]
 [ 7.  2.]
 [ 1. 14.]
 [ 6.  6.]
 [ 6.  7.]
 [ 2. 17.]
 [ 7.  2.]
 [ 1. 15.]
 [ 6.  6.]
 [ 6.  7.]
 [ 2. 17.]
 [ 7.  2.]
 [ 1. 16.]
 [ 6.  6.]
 [ 6.  7.]
 [ 3. 17.]
 [ 7.  2.]
 [ 2. 17.]
 [ 6.  6.]
 [ 6.  7.]
 [ 4. 17.]
 [ 7.  2.]
 [ 3. 17.]
 [ 6.  6.]
 [ 6.  7.]
 [ 5. 17.]
 [ 7.  2.]
 [ 4. 17.]
 [ 6.  6.]
 [ 6.  7.]
 [ 6. 17.]
 [ 7.  2.]
 [ 5. 17.]
 [ 6.  6.]
 [ 6.  7.]
 [ 7. 17.]
 [ 7.  2.]
 [ 6. 17.]
 [ 6.  6.]
 [ 6.  7.]
 [ 8. 17.]
 [ 7.  2.]
 [ 7. 17.]
 [ 6.  6.]
 [ 6.  7.]
 [ 9. 17.]
 [ 7.  2.]
 [ 8. 17.]
 [ 6.  6.]
 [ 6.  7.]
 [10. 17.]
 [ 7.  2.]
 [ 9. 17.]
 [ 6.  6.]
 [ 6.  7.]
 [10. 17.]
 [ 7.  2.]
 [ 9. 17.]
 [ 6.  6.]
 [ 6.  7.]
 [11. 17.]
 [ 7.  2.]
 [10. 17.]]
