Maze:
##########################
#                        #
#                        #
#                        #
#                        #
#                        #
#     ##############     #
#     #            #     #
#     #       A    #     #
#     #            #     #
#     #            #     #
#     #            #     #
#     #     S  D   #     #
#     #   B        #     #
#     #            #     #
#     #            #     #
#     #            #     #
#     #C           #     #
#     #            #     #
#     ##############     #
#                        #
#                        #
#                        #
#                        #
#                        #
##########################
[[ 6.  6.]
 [ 8.  2.]
 [ 4.  7.]
 [ 1. 11.]
 [ 9.  6.]
 [ 6.  6.]
 [ 7.  1.]
 [ 5.  6.]
 [ 1. 10.]
 [10.  5.]
 [ 6.  6.]
 [ 6.  1.]
 [ 5.  6.]
 [ 1. 10.]
 [10.  4.]
 [ 6.  6.]
 [ 5.  1.]
 [ 5.  6.]
 [ 1. 10.]
 [10.  3.]
 [ 6.  6.]
 [ 4.  1.]
 [ 5.  6.]
 [ 1. 10.]
 [ 9.  3.]
 [ 6.  6.]
 [ 3.  1.]
 [ 5.  6.]
 [ 1. 10.]
 [ 8.  2.]
 [ 6.  6.]
 [ 2.  1.]
 [ 5.  6.]
 [ 1. 10.]
 [ 7.  2.]
 [ 6.  6.]
 [ 1.  1.]
 [ 5.  6.]
 [ 1. 10.]
 [ 6.  2.]
 [ 6.  6.]
 [ 0.  1.]
 [ 5.  6.]
 [ 1. 10.]
 [ 5.  2.]
 [ 6.  6.]
 [-1.  1.]
 [ 5.  6.]
 [ 1. 10.]
 [ 4.  2.]
 [ 6.  6.]
 [-2.  1.]
 [ 5.  6.]
 [ 1. 10.]
 [ 3.  2.]
 [ 6.  6.]
 [-3.  1.]
 [ 5.  6.]
 [ 2. 10.]
 [ 2.  2.]
 [ 6.  6.]
 [-4.  1.]
 [ 5.  6.]
 [ 3. 10.]
 [ 1.  2.]
 [ 6.  6.]
 [-5.  1.]
 [ 5.  6.]
 [ 4.  9.]
 [ 0.  2.]
 [ 6.  6.]
 [-5.  1.]
 [ 5.  6.]
 [ 4.  8.]
 [-1.  2.]
 [ 6.  6.]
 [-5.  1.]
 [ 5.  6.]
 [ 5.  7.]
 [-2.  2.]
 [ 6.  6.]
 [-5.  1.]
 [ 6.  5.]
 [ 5.  6.]
 [-3.  2.]
 [ 6.  6.]
 [-5.  1.]
 [ 6.  5.]
 [ 5.  6.]
 [-4.  2.]
 [ 6.  6.]
 [-5.  0.]
 [ 6.  5.]
 [ 5.  6.]
 [-5.  1.]
 [ 6.  6.]
 [-5. -1.]
 [ 6.  5.]
 [ 5.  6.]
 [-5.  0.]
 [ 6.  6.]
 [-5. -1.]
 [ 6.  5.]
 [ 5.  6.]
 [-5.  0.]
 [ 6.  6.]
 [-5. -2.]
 [ 6.  5.]
 [ 5.  6.]
 [-5. -1.]]
