Maze:
##########################
#                        #
#                        #
#                        #
#                        #
#                        #
#     ##############     #
#     #        B   #     #
#     #            #     #
#     #            #     #
#     #         D  #     #
#     #            #     #
#     #    CS      #     #
#     #            #     #
#     #            #     #
#     #            #     #
#     #            #     #
#     #   A        #     #
#     #            #     #
#     ##############     #
#                        #
#                        #
#                        #
#                        #
#                        #
##########################
[[ 6.  6.]
 [ 4. 11.]
 [ 9.  1.]
 [ 5.  6.]
 [10.  4.]
 [ 6.  6.]
 [ 4. 10.]
 [ 9.  0.]
 [ 5.  6.]
 [10.  3.]
 [ 6.  6.]
 [ 4.  9.]
 [ 9. -1.]
 [ 5.  6.]
 [10.  2.]
 [ 6.  6.]
 [ 4.  8.]
 [ 9. -2.]
 [ 5.  6.]
 [10.  1.]
 [ 6.  6.]
 [ 4.  7.]
 [ 9. -3.]
 [ 5.  6.]
 [10.  0.]
 [ 6.  6.]
 [ 4.  7.]
 [ 9. -4.]
 [ 5.  6.]
 [10. -1.]
 [ 6.  6.]
 [ 4.  7.]
 [ 9. -5.]
 [ 5.  6.]
 [10. -2.]
 [ 6.  6.]
 [ 4.  7.]
 [ 9. -5.]
 [ 5.  6.]
 [10. -3.]
 [ 6.  6.]
 [ 4.  7.]
 [ 9. -5.]
 [ 5.  6.]
 [10. -4.]
 [ 6.  6.]
 [ 4.  7.]
 [ 8. -5.]
 [ 5.  6.]
 [ 9. -5.]
 [ 6.  6.]
 [ 4.  7.]
 [ 7. -5.]
 [ 5.  6.]
 [ 8. -5.]
 [ 6.  6.]
 [ 4.  7.]
 [ 6. -5.]
 [ 5.  6.]
 [ 7. -5.]
 [ 6.  6.]
 [ 4.  7.]
 [ 5. -5.]
 [ 5.  6.]
 [ 6. -5.]
 [ 6.  6.]
 [ 4.  7.]
 [ 4. -5.]
 [ 5.  6.]
 [ 5. -5.]
 [ 6.  6.]
 [ 4.  7.]
 [ 3. -5.]
 [ 5.  6.]
 [ 4. -5.]
 [ 6.  6.]
 [ 4.  7.]
 [ 2. -5.]
 [ 5.  6.]
 [ 3. -5.]
 [ 6.  6.]
 [ 4.  7.]
 [ 1. -5.]
 [ 5.  6.]
 [ 2. -5.]
 [ 6.  6.]
 [ 4.  7.]
 [ 0. -5.]
 [ 5.  6.]
 [ 1. -5.]
 [ 6.  6.]
 [ 4.  7.]
 [-1. -5.]
 [ 5.  6.]
 [ 0. -5.]
 [ 6.  6.]
 [ 4.  7.]
 [-2. -5.]
 [ 5.  6.]
 [-1. -5.]
 [ 6.  6.]
 [ 4.  7.]
 [-2. -5.]
 [ 5.  6.]
 [-1. -5.]
 [ 6.  6.]
 [ 4.  7.]
 [-3. -5.]
 [ 5.  6.]
 [-2. -5.]]
