Maze:
##########################
#                        #
#                        #
#                        #
#                        #
#                        #
#     ##############     #
#     #            #     #
#     #            #     #
#     #            #     #
#     #            #     #
#     #            #     #
#     #D    A      #     #
#     #        S   #     #
#     # C          #     #
#     #            #     #
#     #          B #     #
#     #            #     #
#     #            #     #
#     ##############     #
#                        #
#                        #
#                        #
#                        #
#                        #
##########################
[[ 9.  7.]
 [ 6.  6.]
 [11. 10.]
 [ 2.  8.]
 [ 1.  6.]
 [10.  7.]
 [ 6.  6.]
 [11.  9.]
 [ 2.  9.]
 [ 2.  6.]
 [10.  6.]
 [ 6.  6.]
 [11.  8.]
 [ 2. 10.]
 [ 3.  6.]
 [10.  5.]
 [ 6.  6.]
 [11.  7.]
 [ 2. 11.]
 [ 4.  6.]
 [10.  4.]
 [ 6.  6.]
 [11.  6.]
 [ 2. 11.]
 [ 5.  6.]
 [10.  3.]
 [ 6.  6.]
 [11.  5.]
 [ 2. 11.]
 [ 5.  6.]
 [10.  2.]
 [ 6.  6.]
 [11.  4.]
 [ 2. 11.]
 [ 5.  6.]
 [10.  1.]
 [ 6.  6.]
 [11.  3.]
 [ 2. 11.]
 [ 5.  6.]
 [10.  0.]
 [ 6.  6.]
 [11.  2.]
 [ 2. 11.]
 [ 5.  6.]
 [10. -1.]
 [ 6.  6.]
 [11.  1.]
 [ 2. 11.]
 [ 5.  6.]
 [10. -2.]
 [ 6.  6.]
 [11.  0.]
 [ 2. 11.]
 [ 5.  6.]
 [10. -3.]
 [ 6.  6.]
 [11. -1.]
 [ 2. 11.]
 [ 5.  6.]
 [10. -4.]
 [ 6.  6.]
 [11. -2.]
 [ 2. 11.]
 [ 5.  6.]
 [10. -5.]
 [ 6.  6.]
 [11. -3.]
 [ 2. 11.]
 [ 5.  6.]
 [10. -5.]
 [ 6.  6.]
 [11. -4.]
 [ 2. 11.]
 [ 5.  6.]
 [ 9. -5.]
 [ 6.  6.]
 [10. -5.]
 [ 2. 11.]
 [ 5.  6.]
 [ 8. -5.]
 [ 6.  6.]
 [ 9. -5.]
 [ 2. 11.]
 [ 5.  6.]
 [ 7. -5.]
 [ 6.  6.]
 [ 8. -5.]
 [ 2. 11.]
 [ 5.  6.]
 [ 6. -5.]
 [ 6.  6.]
 [ 7. -5.]
 [ 2. 11.]
 [ 5.  6.]
 [ 5. -5.]
 [ 6.  6.]
 [ 6. -5.]
 [ 2. 11.]
 [ 5.  6.]
 [ 5. -5.]
 [ 6.  6.]
 [ 6. -5.]
 [ 2. 11.]
 [ 5.  6.]
 [ 4. -5.]
 [ 6.  6.]
 [ 5. -5.]
 [ 2. 11.]
 [ 5.  6.]]
