Maze:
##########################
#                        #
#                        #
#                        #
#                        #
#                        #
#     ##############     #
#     #          C #     #
#     # S          #     #
#     #            #     #
#     #            #     #
#     #            #     #
#     #     D      #     #
#     #            #     #
#     #         A  #     #
#     #            #     #
#     #            #     #
#     #     B      #     #
#     #            #     #
#     ##############     #
#                        #
#                        #
#                        #
#                        #
#                        #
##########################
[[ 2.  2.]
 [10.  8.]
 [ 6. 11.]
 [11.  1.]
 [ 6.  6.]
 [ 2.  3.]
 [10.  9.]
 [ 6. 12.]
 [11.  1.]
 [ 6.  6.]
 [ 3.  4.]
 [10. 10.]
 [ 6. 13.]
 [11.  1.]
 [ 6.  6.]
 [ 4.  5.]
 [ 9. 11.]
 [ 6. 14.]
 [11.  1.]
 [ 6.  6.]
 [ 5.  6.]
 [ 8. 12.]
 [ 6. 15.]
 [11.  1.]
 [ 6.  6.]
 [ 5.  6.]
 [ 7. 13.]
 [ 6. 16.]
 [11.  1.]
 [ 6.  6.]
 [ 5.  6.]
 [ 7. 14.]
 [ 6. 17.]
 [11.  1.]
 [ 6.  6.]
 [ 5.  6.]
 [ 7. 15.]
 [ 6. 17.]
 [11.  1.]
 [ 6.  6.]
 [ 5.  6.]
 [ 7. 16.]
 [ 6. 17.]
 [11.  1.]
 [ 6.  6.]
 [ 5.  6.]
 [ 6. 17.]
 [ 5. 17.]
 [11.  1.]
 [ 6.  6.]
 [ 5.  6.]
 [ 5. 17.]
 [ 4. 17.]
 [11.  1.]
 [ 6.  6.]
 [ 5.  6.]
 [ 4. 17.]
 [ 3. 17.]
 [11.  1.]
 [ 6.  6.]
 [ 5.  6.]
 [ 3. 17.]
 [ 2. 17.]
 [11.  1.]
 [ 6.  6.]
 [ 5.  6.]
 [ 2. 17.]
 [ 1. 17.]
 [11.  1.]
 [ 6.  6.]
 [ 5.  6.]
 [ 1. 17.]
 [ 0. 17.]
 [11.  1.]
 [ 6.  6.]
 [ 5.  6.]
 [ 0. 17.]
 [-1. 17.]
 [11.  1.]
 [ 6.  6.]
 [ 5.  6.]
 [-1. 17.]
 [-2. 17.]
 [11.  1.]
 [ 6.  6.]
 [ 5.  6.]
 [-2. 17.]
 [-3. 17.]
 [11.  1.]
 [ 6.  6.]
 [ 5.  6.]
 [-3. 17.]
 [-4. 17.]
 [11.  1.]
 [ 6.  6.]
 [ 5.  6.]
 [-4. 17.]
 [-5. 17.]
 [11.  1.]
 [ 6.  6.]
 [ 5.  6.]
 [-4. 17.]
 [-5. 17.]
 [11.  1.]
 [ 6.  6.]]
