Maze:
##########################
#                        #
#                        #
#                        #
#                        #
#                        #
#     ##############     #
#     #            #     #
#     #            #     #
#     #            #     #
#     #            #     #
#     #            #     #
#     #     C B    #     #
#     #D           #     #
#     #            #     #
#     # S          #     #
#     #            #     #
#     #           A#     #
#     #            #     #
#     ##############     #
#                        #
#                        #
#                        #
#                        #
#                        #
##########################
[[ 2.  9.]
 [12. 11.]
 [ 8.  6.]
 [ 6.  6.]
 [ 1.  7.]
 [ 2.  8.]
 [12. 11.]
 [ 9.  6.]
 [ 6.  6.]
 [ 1.  8.]
 [ 1.  8.]
 [12. 11.]
 [10.  6.]
 [ 6.  6.]
 [ 2.  8.]
 [ 2.  8.]
 [12. 11.]
 [11.  6.]
 [ 6.  6.]
 [ 1.  8.]
 [ 1.  8.]
 [12. 10.]
 [12.  6.]
 [ 6.  6.]
 [ 2.  8.]
 [ 2.  8.]
 [12.  9.]
 [13.  5.]
 [ 6.  6.]
 [ 1.  8.]
 [ 1.  8.]
 [12.  8.]
 [13.  4.]
 [ 6.  6.]
 [ 2.  8.]
 [ 2.  8.]
 [12.  7.]
 [13.  3.]
 [ 6.  6.]
 [ 1.  8.]
 [ 1.  8.]
 [12.  6.]
 [13.  2.]
 [ 6.  6.]
 [ 2.  8.]
 [ 2.  8.]
 [12.  5.]
 [13.  1.]
 [ 6.  6.]
 [ 1.  8.]
 [ 1.  8.]
 [12.  4.]
 [13.  0.]
 [ 6.  6.]
 [ 2.  8.]
 [ 2.  8.]
 [12.  3.]
 [13. -1.]
 [ 6.  6.]
 [ 1.  8.]
 [ 1.  8.]
 [12.  2.]
 [13. -2.]
 [ 6.  6.]
 [ 2.  8.]
 [ 2.  8.]
 [12.  1.]
 [13. -3.]
 [ 6.  6.]
 [ 1.  8.]
 [ 1.  8.]
 [12.  0.]
 [13. -4.]
 [ 6.  6.]
 [ 2.  8.]
 [ 2.  8.]
 [12. -1.]
 [13. -5.]
 [ 6.  6.]
 [ 1.  8.]
 [ 1.  8.]
 [12. -2.]
 [13. -5.]
 [ 6.  6.]
 [ 2.  8.]
 [ 2.  8.]
 [12. -3.]
 [13. -5.]
 [ 6.  6.]
 [ 1.  8.]
 [ 1.  8.]
 [12. -4.]
 [13. -5.]
 [ 6.  6.]
 [ 2.  8.]
 [ 2.  8.]
 [13. -5.]
 [14. -5.]
 [ 6.  6.]
 [ 1.  8.]
 [ 2.  8.]
 [13. -5.]
 [14. -5.]
 [ 6.  6.]
 [ 1.  8.]
 [ 1.  8.]
 [14. -5.]
 [15. -5.]
 [ 6.  6.]
 [ 2.  8.]]
