Maze:
##########################
#                        #
#                        #
#                        #
#                        #
#                        #
#     ##############     #
#     #            #     #
#     #            #     #
#     #            #     #
#     #            #     #
#     #            #     #
#     #     A      #     #
#     #    S       #     #
#     #C           #     #
#     #       D    #     #
#     #  B         #     #
#     #            #     #
#     #            #     #
#     ##############     #
#                        #
#                        #
#                        #
#                        #
#                        #
##########################
[[ 5.  7.]
 [ 6.  6.]
 [ 3. 10.]
 [ 1.  8.]
 [ 8.  9.]
 [ 6.  7.]
 [ 6.  6.]
 [ 4. 11.]
 [ 1.  9.]
 [ 7.  8.]
 [ 7.  6.]
 [ 6.  6.]
 [ 5. 12.]
 [ 1. 10.]
 [ 6.  7.]
 [ 7.  6.]
 [ 6.  6.]
 [ 6. 13.]
 [ 1. 11.]
 [ 7.  7.]
 [ 6.  7.]
 [ 6.  6.]
 [ 7. 14.]
 [ 1. 12.]
 [ 7.  6.]
 [ 6.  7.]
 [ 6.  6.]
 [ 7. 14.]
 [ 1. 13.]
 [ 7.  7.]
 [ 7.  6.]
 [ 6.  6.]
 [ 7. 14.]
 [ 1. 14.]
 [ 6.  7.]
 [ 7.  6.]
 [ 6.  6.]
 [ 8. 14.]
 [ 1. 14.]
 [ 7.  7.]
 [ 6.  7.]
 [ 6.  6.]
 [ 8. 14.]
 [ 1. 14.]
 [ 7.  6.]
 [ 6.  7.]
 [ 6.  6.]
 [ 8. 14.]
 [ 1. 14.]
 [ 7.  7.]
 [ 7.  6.]
 [ 6.  6.]
 [ 8. 14.]
 [ 1. 14.]
 [ 6.  7.]
 [ 7.  6.]
 [ 6.  6.]
 [ 8. 14.]
 [ 1. 14.]
 [ 7.  7.]
 [ 6.  7.]
 [ 6.  6.]
 [ 8. 14.]
 [ 1. 14.]
 [ 7.  6.]
 [ 6.  7.]
 [ 6.  6.]
 [ 8. 14.]
 [ 1. 14.]
 [ 7.  7.]
 [ 7.  6.]
 [ 6.  6.]
 [ 8. 14.]
 [ 1. 14.]
 [ 6.  7.]
 [ 7.  6.]
 [ 6.  6.]
 [ 8. 14.]
 [ 1. 14.]
 [ 7.  7.]
 [ 6.  7.]
 [ 6.  6.]
 [ 8. 14.]
 [ 1. 14.]
 [ 7.  6.]
 [ 6.  7.]
 [ 6.  6.]
 [ 8. 14.]
 [ 1. 14.]
 [ 7.  7.]
 [ 7.  6.]
 [ 6.  6.]
 [ 8. 14.]
 [ 1. 14.]
 [ 6.  7.]
 [ 7.  6.]
 [ 6.  6.]
 [ 8. 14.]
 [ 1. 14.]
 [ 7.  7.]
 [ 7.  6.]
 [ 6.  6.]
 [ 8. 14.]
 [ 1. 14.]
 [ 7.  7.]
 [ 6.  7.]
 [ 6.  6.]
 [ 8. 14.]
 [ 1. 14.]
 [ 7.  6.]]
