Maze:
##########################
#                        #
#                        #
#                        #
#                        #
#                        #
#     ##############     #
#     #        D   #     #
#     #           S#     #
#     #            #     #
#     #            #     #
#     #            #     #
#     #     A      #     #
#     #            #     #
#     #       B    #     #
#     #C           #     #
#     #            #     #
#     #            #     #
#     #            #     #
#     ##############     #
#                        #
#                        #
#                        #
#                        #
#                        #
##########################
[[12.  2.]
 [ 6.  6.]
 [ 8.  8.]
 [ 1.  9.]
 [ 9.  1.]
 [11.  2.]
 [ 6.  6.]
 [ 7.  7.]
 [ 1.  9.]
 [ 8.  1.]
 [10.  2.]
 [ 6.  6.]
 [ 7.  7.]
 [ 1.  9.]
 [ 7.  1.]
 [ 9.  2.]
 [ 6.  6.]
 [ 7.  7.]
 [ 1.  9.]
 [ 6.  1.]
 [ 8.  2.]
 [ 6.  6.]
 [ 7.  7.]
 [ 1.  9.]
 [ 5.  1.]
 [ 7.  2.]
 [ 6.  6.]
 [ 7.  7.]
 [ 1.  9.]
 [ 4.  1.]
 [ 6.  2.]
 [ 6.  6.]
 [ 7.  7.]
 [ 1.  9.]
 [ 3.  1.]
 [ 5.  2.]
 [ 6.  6.]
 [ 7.  7.]
 [ 1.  9.]
 [ 2.  1.]
 [ 4.  2.]
 [ 6.  6.]
 [ 7.  7.]
 [ 1.  9.]
 [ 1.  1.]
 [ 3.  2.]
 [ 6.  6.]
 [ 7.  7.]
 [ 1.  9.]
 [ 0.  1.]
 [ 2.  2.]
 [ 6.  6.]
 [ 7.  7.]
 [ 1.  9.]
 [-1.  1.]
 [ 1.  2.]
 [ 6.  6.]
 [ 7.  7.]
 [ 1.  9.]
 [-2.  1.]
 [ 0.  2.]
 [ 6.  6.]
 [ 7.  7.]
 [ 1.  9.]
 [-3.  1.]
 [-1.  2.]
 [ 6.  6.]
 [ 7.  7.]
 [ 1.  9.]
 [-4.  1.]
 [-2.  2.]
 [ 6.  6.]
 [ 7.  7.]
 [ 1.  9.]
 [-5.  1.]
 [-3.  2.]
 [ 6.  6.]
 [ 7.  7.]
 [ 1.  9.]
 [-5.  1.]
 [-4.  2.]
 [ 6.  6.]
 [ 7.  7.]
 [ 1.  9.]
 [-5.  1.]
 [-5.  1.]
 [ 6.  6.]
 [ 7.  7.]
 [ 1.  9.]
 [-5.  0.]
 [-5.  0.]
 [ 6.  6.]
 [ 7.  7.]
 [ 1.  9.]
 [-5. -1.]
 [-5. -1.]
 [ 6.  6.]
 [ 7.  7.]
 [ 1.  9.]
 [-5. -2.]
 [-5. -1.]
 [ 6.  6.]
 [ 7.  7.]
 [ 1.  9.]
 [-5. -2.]
 [-5. -2.]
 [ 6.  6.]
 [ 7.  7.]
 [ 1.  9.]
 [-5. -3.]]
