Maze:
##########################
#                        #
#                        #
#                        #
#                        #
#                        #
#     ##############     #
#     #            #     #
#     #     S      #     #
#     #            #     #
#     #           D#     #
#     #            #     #
#     #  B  C      #     #
#     #            #     #
#     #            #     #
#     #            #     #
#     #        A   #     #
#     #            #     #
#     #            #     #
#     ##############     #
#                        #
#                        #
#                        #
#                        #
#                        #
##########################
[[ 6.  2.]
 [ 9. 10.]
 [ 3.  6.]
 [ 6.  6.]
 [12.  4.]
 [ 7.  2.]
 [ 9. 11.]
 [ 2.  6.]
 [ 6.  6.]
 [12.  4.]
 [ 8.  2.]
 [ 9. 12.]
 [ 1.  6.]
 [ 6.  6.]
 [12.  5.]
 [ 9.  3.]
 [ 9. 13.]
 [ 0.  6.]
 [ 6.  6.]
 [12.  6.]
 [10.  4.]
 [ 9. 14.]
 [-1.  6.]
 [ 6.  6.]
 [12.  7.]
 [10.  5.]
 [ 9. 14.]
 [-1.  6.]
 [ 6.  6.]
 [12.  8.]
 [10.  6.]
 [ 9. 15.]
 [-1.  6.]
 [ 6.  6.]
 [12.  9.]
 [10.  7.]
 [ 9. 15.]
 [-1.  6.]
 [ 6.  6.]
 [12. 10.]
 [10.  8.]
 [ 9. 16.]
 [-1.  6.]
 [ 6.  6.]
 [12. 11.]
 [10.  9.]
 [ 9. 17.]
 [-1.  6.]
 [ 6.  6.]
 [12. 12.]
 [11. 10.]
 [ 9. 17.]
 [-1.  6.]
 [ 6.  6.]
 [12. 13.]
 [11. 11.]
 [ 9. 17.]
 [-1.  6.]
 [ 6.  6.]
 [12. 14.]
 [11. 12.]
 [ 8. 17.]
 [-1.  6.]
 [ 6.  6.]
 [12. 15.]
 [11. 13.]
 [ 7. 17.]
 [-1.  6.]
 [ 6.  6.]
 [12. 16.]
 [11. 14.]
 [ 6. 17.]
 [-1.  6.]
 [ 6.  6.]
 [12. 17.]
 [11. 15.]
 [ 6. 17.]
 [-1.  6.]
 [ 6.  6.]
 [12. 17.]
 [11. 16.]
 [ 6. 17.]
 [-1.  6.]
 [ 6.  6.]
 [12. 17.]
 [12. 17.]
 [ 6. 17.]
 [-1.  6.]
 [ 6.  6.]
 [13. 17.]
 [13. 17.]
 [ 6. 17.]
 [-1.  6.]
 [ 6.  6.]
 [14. 17.]
 [14. 17.]
 [ 6. 17.]
 [-1.  6.]
 [ 6.  6.]
 [15. 17.]
 [14. 17.]
 [ 6. 17.]
 [-1.  6.]
 [ 6.  6.]
 [15. 17.]
 [15. 17.]
 [ 6. 17.]
 [-1.  6.]
 [ 6.  6.]
 [16. 17.]]
