Maze:
##########################
#                        #
#                        #
#                        #
#                        #
#                        #
#     ##############     #
#     #            #     #
#     #         A  #     #
#     #            #     #
#     #   D        #     #
#     #      B     #     #
#     #     C      #     #
#     #            #     #
#     #            #     #
#     #            #     #
#     #            #     #
#     #       S    #     #
#     #            #     #
#     ##############     #
#                        #
#                        #
#                        #
#                        #
#                        #
##########################
[[ 8. 11.]
 [10.  2.]
 [ 7.  5.]
 [ 6.  6.]
 [ 4.  4.]
 [ 8. 11.]
 [11.  2.]
 [ 8.  4.]
 [ 6.  6.]
 [ 5.  4.]
 [ 8. 11.]
 [11.  2.]
 [ 9.  4.]
 [ 6.  6.]
 [ 6.  4.]
 [ 8. 11.]
 [11.  3.]
 [10.  4.]
 [ 6.  6.]
 [ 7.  5.]
 [ 8. 11.]
 [10.  4.]
 [11.  3.]
 [ 6.  6.]
 [ 7.  6.]
 [ 8. 10.]
 [11.  3.]
 [10.  4.]
 [ 6.  6.]
 [ 7.  6.]
 [ 8.  9.]
 [10.  4.]
 [11.  3.]
 [ 6.  6.]
 [ 7.  6.]
 [ 8.  8.]
 [11.  3.]
 [10.  4.]
 [ 6.  6.]
 [ 7.  6.]
 [ 7.  7.]
 [10.  4.]
 [11.  3.]
 [ 6.  6.]
 [ 7.  6.]
 [ 7.  6.]
 [11.  3.]
 [10.  4.]
 [ 6.  6.]
 [ 7.  5.]
 [ 7.  5.]
 [10.  4.]
 [11.  3.]
 [ 6.  6.]
 [ 7.  4.]
 [ 7.  4.]
 [11.  3.]
 [10.  4.]
 [ 6.  6.]
 [ 7.  3.]
 [ 7.  3.]
 [10.  4.]
 [11.  4.]
 [ 6.  6.]
 [ 7.  2.]
 [ 7.  2.]
 [11.  4.]
 [10.  4.]
 [ 6.  6.]
 [ 7.  1.]
 [ 7.  1.]
 [10.  4.]
 [11.  4.]
 [ 6.  6.]
 [ 7.  0.]
 [ 7.  0.]
 [11.  4.]
 [10.  4.]
 [ 6.  6.]
 [ 7. -1.]
 [ 7. -1.]
 [10.  4.]
 [11.  4.]
 [ 6.  6.]
 [ 7. -2.]
 [ 7. -2.]
 [11.  4.]
 [10.  4.]
 [ 6.  6.]
 [ 7. -3.]
 [ 7. -3.]
 [10.  4.]
 [11.  4.]
 [ 6.  6.]
 [ 7. -4.]
 [ 7. -4.]
 [11.  4.]
 [10.  4.]
 [ 6.  6.]
 [ 7. -5.]
 [ 7. -4.]
 [11.  4.]
 [10.  4.]
 [ 6.  6.]
 [ 7. -5.]
 [ 7. -4.]
 [10.  4.]
 [11.  4.]
 [ 6.  6.]
 [ 7. -5.]]
