Maze:
##########################
#                        #
#                        #
#                        #
#                        #
#                        #
#     ##############     #
#     #        A   #     #
#     #            #     #
#     #    D       #     #
#     #            #     #
#     #            #     #
#     #     C      #     #
#     #      B     #     #
#     #     S      #     #
#     #            #     #
#     #            #     #
#     #            #     #
#     #            #     #
#     ##############     #
#                        #
#                        #
#                        #
#                        #
#                        #
##########################
[[ 6.  8.]
 [ 9.  1.]
 [ 7.  7.]
 [ 6.  6.]
 [ 5.  3.]
 [ 5.  9.]
 [10.  1.]
 [ 8.  7.]
 [ 6.  6.]
 [ 6.  4.]
 [ 4.  9.]
 [11.  0.]
 [ 9.  7.]
 [ 6.  6.]
 [ 6.  5.]
 [ 4.  8.]
 [11.  0.]
 [10.  7.]
 [ 6.  6.]
 [ 6.  5.]
 [ 4.  7.]
 [11.  0.]
 [11.  7.]
 [ 6.  6.]
 [ 6.  5.]
 [ 5.  6.]
 [11.  0.]
 [12.  7.]
 [ 6.  6.]
 [ 6.  5.]
 [ 5.  6.]
 [11.  0.]
 [13.  7.]
 [ 6.  6.]
 [ 7.  5.]
 [ 5.  6.]
 [12.  0.]
 [14.  7.]
 [ 6.  6.]
 [ 8.  6.]
 [ 5.  6.]
 [12.  0.]
 [15.  7.]
 [ 6.  6.]
 [ 9.  6.]
 [ 5.  6.]
 [12.  0.]
 [16.  7.]
 [ 6.  6.]
 [10.  6.]
 [ 5.  6.]
 [12. -1.]
 [17.  7.]
 [ 6.  6.]
 [11.  6.]
 [ 5.  6.]
 [12. -1.]
 [17.  7.]
 [ 6.  6.]
 [12.  6.]
 [ 5.  6.]
 [12. -1.]
 [17.  7.]
 [ 6.  6.]
 [13.  6.]
 [ 5.  6.]
 [12. -1.]
 [17.  7.]
 [ 6.  6.]
 [14.  6.]
 [ 5.  6.]
 [12. -1.]
 [17.  7.]
 [ 6.  6.]
 [15.  6.]
 [ 5.  6.]
 [12. -1.]
 [17.  7.]
 [ 6.  6.]
 [16.  6.]
 [ 5.  6.]
 [12. -1.]
 [17.  8.]
 [ 6.  6.]
 [17.  7.]
 [ 5.  6.]
 [12. -1.]
 [17.  9.]
 [ 6.  6.]
 [17.  8.]
 [ 5.  6.]
 [12. -1.]
 [17. 10.]
 [ 6.  6.]
 [17.  9.]
 [ 5.  6.]
 [12. -1.]
 [17. 11.]
 [ 6.  6.]
 [17. 10.]
 [ 5.  6.]
 [12. -1.]
 [17. 11.]
 [ 6.  6.]
 [17. 10.]
 [ 5.  6.]
 [12. -1.]
 [17. 12.]
 [ 6.  6.]
 [17. 11.]]
