Maze:
##########################
#                        #
#                        #
#                        #
#                        #
#                        #
#     ##############     #
#     #            #     #
#     #            #     #
#     #            #     #
#     #            #     #
#     #            #     #
#     #     A      #     #
#     #           S#     #
#     #            #     #
#     #          B #     #
#     #        D   #     #
#     #            #     #
#     #C           #     #
#     ##############     #
#                        #
#                        #
#                        #
#                        #
#                        #
##########################
[[12.  7.]
 [ 6.  6.]
 [11.  9.]
 [ 1. 12.]
 [ 9. 10.]
 [12.  6.]
 [ 6.  6.]
 [12.  9.]
 [ 1. 12.]
 [10. 10.]
 [12.  5.]
 [ 6.  6.]
 [13.  9.]
 [ 1. 12.]
 [11. 10.]
 [11.  4.]
 [ 6.  6.]
 [14.  9.]
 [ 1. 12.]
 [12. 10.]
 [10.  4.]
 [ 6.  6.]
 [15.  9.]
 [ 1. 12.]
 [13. 10.]
 [ 9.  4.]
 [ 6.  6.]
 [16.  9.]
 [ 1. 12.]
 [14. 10.]
 [ 8.  5.]
 [ 6.  6.]
 [17.  9.]
 [ 1. 12.]
 [15. 10.]
 [ 7.  5.]
 [ 6.  6.]
 [17.  9.]
 [ 1. 12.]
 [16. 10.]
 [ 7.  5.]
 [ 6.  6.]
 [17.  8.]
 [ 1. 12.]
 [17.  9.]
 [ 7.  5.]
 [ 6.  6.]
 [17.  7.]
 [ 1. 12.]
 [17.  8.]
 [ 7.  5.]
 [ 6.  6.]
 [17.  6.]
 [ 1. 12.]
 [17.  7.]
 [ 7.  5.]
 [ 6.  6.]
 [17.  5.]
 [ 1. 12.]
 [17.  6.]
 [ 7.  5.]
 [ 6.  6.]
 [17.  4.]
 [ 1. 12.]
 [17.  5.]
 [ 7.  5.]
 [ 6.  6.]
 [17.  3.]
 [ 1. 12.]
 [17.  4.]
 [ 7.  5.]
 [ 6.  6.]
 [17.  2.]
 [ 1. 12.]
 [17.  3.]
 [ 7.  5.]
 [ 6.  6.]
 [17.  1.]
 [ 1. 12.]
 [17.  2.]
 [ 7.  5.]
 [ 6.  6.]
 [17.  0.]
 [ 1. 12.]
 [17.  1.]
 [ 7.  5.]
 [ 6.  6.]
 [17. -1.]
 [ 1. 12.]
 [17.  0.]
 [ 7.  5.]
 [ 6.  6.]
 [17. -2.]
 [ 1. 12.]
 [17. -1.]
 [ 7.  5.]
 [ 6.  6.]
 [17. -3.]
 [ 1. 12.]
 [17. -2.]
 [ 7.  5.]
 [ 6.  6.]
 [17. -3.]
 [ 1. 12.]
 [17. -2.]
 [ 7.  5.]
 [ 6.  6.]
 [17. -4.]
 [ 1. 12.]
 [17. -3.]]
