Maze:
##########################
#                        #
#                        #
#                        #
#                        #
#                        #
#     ##############     #
#     #            #     #
#     #            #     #
#     #      D     #     #
#     #            #     #
#     #            #     #
#     #     A      #     #
#     #            #     #
#     #S           #     #
#     #   C        #     #
#     #            #     #
#     #            #     #
#     #        B   #     #
#     ##############     #
#                        #
#                        #
#                        #
#                        #
#                        #
##########################
[[ 1.  8.]
 [ 6.  6.]
 [ 9. 12.]
 [ 4.  9.]
 [ 7.  3.]
 [ 2.  8.]
 [ 6.  6.]
 [ 9. 12.]
 [ 5. 10.]
 [ 7.  4.]
 [ 3.  8.]
 [ 6.  6.]
 [10. 12.]
 [ 6. 11.]
 [ 7.  5.]
 [ 4.  7.]
 [ 6.  6.]
 [11. 12.]
 [ 7. 11.]
 [ 7.  6.]
 [ 5.  7.]
 [ 6.  6.]
 [12. 12.]
 [ 8. 11.]
 [ 7.  6.]
 [ 5.  7.]
 [ 6.  6.]
 [13. 12.]
 [ 9. 11.]
 [ 7.  5.]
 [ 5.  7.]
 [ 6.  6.]
 [14. 12.]
 [10. 11.]
 [ 8.  5.]
 [ 5.  7.]
 [ 6.  6.]
 [15. 12.]
 [11. 11.]
 [ 9.  5.]
 [ 5.  7.]
 [ 6.  6.]
 [16. 12.]
 [12. 11.]
 [10.  5.]
 [ 5.  7.]
 [ 6.  6.]
 [17. 12.]
 [13. 11.]
 [11.  5.]
 [ 5.  7.]
 [ 6.  6.]
 [17. 12.]
 [14. 11.]
 [12.  5.]
 [ 5.  7.]
 [ 6.  6.]
 [17. 12.]
 [15. 11.]
 [13.  5.]
 [ 5.  7.]
 [ 6.  6.]
 [17. 13.]
 [16. 11.]
 [14.  6.]
 [ 5.  7.]
 [ 6.  6.]
 [17. 14.]
 [16. 12.]
 [15.  7.]
 [ 5.  7.]
 [ 6.  6.]
 [17. 15.]
 [17. 13.]
 [15.  8.]
 [ 5.  7.]
 [ 6.  6.]
 [17. 16.]
 [17. 14.]
 [15.  9.]
 [ 5.  7.]
 [ 6.  6.]
 [17. 17.]
 [17. 15.]
 [15. 10.]
 [ 5.  7.]
 [ 6.  6.]
 [17. 17.]
 [17. 16.]
 [15. 11.]
 [ 5.  7.]
 [ 6.  6.]
 [17. 17.]
 [17. 16.]
 [15. 12.]
 [ 5.  7.]
 [ 6.  6.]
 [17. 17.]
 [17. 16.]
 [15. 13.]
 [ 5.  7.]
 [ 6.  6.]
 [17. 17.]
 [17. 16.]
 [15. 13.]
 [ 5.  7.]
 [ 6.  6.]
 [17. 17.]
 [17. 16.]
 [16. 14.]]
