Maze:
##########################
#                        #
#                        #
#                        #
#                        #
#                        #
#     ##############     #
#     #            #     #
#     #            #     #
#     #            #     #
#     #            #     #
#     #            #     #
#     #     S D    #     #
#     #            #     #
#     #            #     #
#     #            #     #
#     #B           #     #
#     #    A       #     #
#     #   C        #     #
#     ##############     #
#                        #
#                        #
#                        #
#                        #
#                        #
##########################
[[ 6.  6.]
 [ 5. 11.]
 [ 1. 10.]
 [ 4. 12.]
 [ 8.  6.]
 [ 6.  6.]
 [ 6. 10.]
 [ 1. 10.]
 [ 3. 12.]
 [ 9.  6.]
 [ 6.  6.]
 [ 6.  9.]
 [ 0.  9.]
 [ 2. 11.]
 [10.  6.]
 [ 6.  6.]
 [ 6.  8.]
 [-1.  8.]
 [ 1. 10.]
 [11.  6.]
 [ 6.  6.]
 [ 6.  7.]
 [-2.  7.]
 [ 0.  9.]
 [12.  6.]
 [ 6.  6.]
 [ 6.  7.]
 [-3.  6.]
 [-1.  8.]
 [12.  6.]
 [ 6.  6.]
 [ 6.  7.]
 [-4.  5.]
 [-2.  7.]
 [12.  6.]
 [ 6.  6.]
 [ 6.  7.]
 [-5.  4.]
 [-3.  6.]
 [12.  6.]
 [ 6.  6.]
 [ 6.  7.]
 [-5.  3.]
 [-4.  5.]
 [13.  6.]
 [ 6.  6.]
 [ 6.  7.]
 [-5.  2.]
 [-4.  4.]
 [13.  6.]
 [ 6.  6.]
 [ 6.  7.]
 [-5.  1.]
 [-4.  3.]
 [13.  6.]
 [ 6.  6.]
 [ 6.  7.]
 [-5.  0.]
 [-4.  2.]
 [13.  6.]
 [ 6.  6.]
 [ 6.  7.]
 [-5. -1.]
 [-4.  1.]
 [13.  6.]
 [ 6.  6.]
 [ 6.  7.]
 [-5. -2.]
 [-4.  0.]
 [13.  6.]
 [ 6.  6.]
 [ 6.  7.]
 [-5. -3.]
 [-4. -1.]
 [13.  6.]
 [ 6.  6.]
 [ 6.  7.]
 [-5. -4.]
 [-4. -2.]
 [13.  6.]
 [ 6.  6.]
 [ 6.  7.]
 [-5. -5.]
 [-4. -3.]
 [13.  6.]
 [ 6.  6.]
 [ 6.  7.]
 [-5. -5.]
 [-4. -4.]
 [13.  6.]
 [ 6.  6.]
 [ 6.  7.]
 [-5. -5.]
 [-4. -4.]
 [13.  6.]]
