Maze:
##########################
#                        #
#                        #
#                        #
#                        #
#                        #
#     ##############     #
#     #     B      #     #
#     # D          #     #
#     #            #     #
#     #    A       #     #
#     #            #     #
#     #     C      #     #
#     #            #     #
#     #            #     #
#     #            #     #
#     #            #     #
#     #            #     #
#     #      S     #     #
#     ##############     #
#                        #
#                        #
#                        #
#                        #
#                        #
##########################
[[ 7. 12.]
 [ 5.  4.]
 [ 6.  1.]
 [ 6.  6.]
 [ 2.  2.]
 [ 7. 13.]
 [ 5.  5.]
 [ 6.  1.]
 [ 6.  6.]
 [ 1.  3.]
 [ 7. 14.]
 [ 5.  6.]
 [ 6.  1.]
 [ 6.  6.]
 [ 1.  3.]
 [ 7. 15.]
 [ 5.  6.]
 [ 6.  2.]
 [ 6.  6.]
 [ 0.  3.]
 [ 7. 15.]
 [ 5.  6.]
 [ 6.  3.]
 [ 6.  6.]
 [-1.  3.]
 [ 7. 15.]
 [ 6.  7.]
 [ 6.  4.]
 [ 6.  6.]
 [-1.  3.]
 [ 7. 16.]
 [ 6.  7.]
 [ 6.  5.]
 [ 6.  6.]
 [-1.  3.]
 [ 7. 16.]
 [ 6.  8.]
 [ 6.  5.]
 [ 6.  6.]
 [-1.  3.]
 [ 7. 16.]
 [ 6.  9.]
 [ 6.  5.]
 [ 6.  6.]
 [-1.  3.]
 [ 7. 17.]
 [ 6. 10.]
 [ 6.  5.]
 [ 6.  6.]
 [-2.  3.]
 [ 7. 17.]
 [ 6. 11.]
 [ 6.  5.]
 [ 6.  6.]
 [-2.  3.]
 [ 7. 17.]
 [ 6. 12.]
 [ 6.  5.]
 [ 6.  6.]
 [-2.  3.]
 [ 7. 17.]
 [ 6. 13.]
 [ 6.  5.]
 [ 6.  6.]
 [-2.  3.]
 [ 7. 17.]
 [ 6. 14.]
 [ 6.  5.]
 [ 6.  6.]
 [-2.  3.]
 [ 7. 17.]
 [ 6. 15.]
 [ 6.  5.]
 [ 6.  6.]
 [-2.  3.]
 [ 7. 17.]
 [ 6. 16.]
 [ 6.  5.]
 [ 6.  6.]
 [-2.  3.]
 [ 8. 17.]
 [ 7. 17.]
 [ 6.  5.]
 [ 6.  6.]
 [-2.  3.]
 [ 9. 17.]
 [ 8. 17.]
 [ 6.  5.]
 [ 6.  6.]
 [-2.  3.]
 [10. 17.]
 [ 9. 17.]
 [ 6.  5.]
 [ 6.  6.]
 [-2.  3.]
 [11. 17.]
 [10. 17.]
 [ 6.  5.]
 [ 6.  6.]
 [-2.  3.]
 [11. 17.]
 [10. 17.]
 [ 6.  5.]
 [ 6.  6.]
 [-2.  3.]
 [12. 17.]
 [11. 17.]
 [ 6.  5.]
 [ 6.  6.]
 [-2.  3.]]
