Maze:
##########################
#                        #
#                        #
#                        #
#                        #
#                        #
#     ##############     #
#     #            #     #
#     #D           #     #
#     #       C    #     #
#     #            #     #
#     #            #     #
#     #     B      #     #
#     #            #     #
#     #            #     #
#     #            #     #
#     #            #     #
#     #     S      #     #
#     #         A  #     #
#     ##############     #
#                        #
#                        #
#                        #
#                        #
#                        #
##########################
[[ 6. 11.]
 [10. 12.]
 [ 6.  6.]
 [ 8.  3.]
 [ 1.  2.]
 [ 5. 11.]
 [ 9. 12.]
 [ 6.  6.]
 [ 8.  3.]
 [ 0.  2.]
 [ 4. 11.]
 [ 8. 12.]
 [ 6.  6.]
 [ 8.  3.]
 [-1.  2.]
 [ 3. 11.]
 [ 7. 12.]
 [ 6.  6.]
 [ 8.  3.]
 [-1.  2.]
 [ 2. 11.]
 [ 6. 12.]
 [ 6.  6.]
 [ 8.  3.]
 [-1.  2.]
 [ 1. 11.]
 [ 5. 12.]
 [ 6.  6.]
 [ 8.  3.]
 [-1.  2.]
 [ 0. 11.]
 [ 4. 12.]
 [ 6.  6.]
 [ 8.  3.]
 [-1.  2.]
 [-1. 11.]
 [ 3. 12.]
 [ 6.  6.]
 [ 8.  3.]
 [-1.  2.]
 [-2. 11.]
 [ 2. 12.]
 [ 6.  6.]
 [ 8.  3.]
 [-1.  2.]
 [-3. 11.]
 [ 1. 12.]
 [ 6.  6.]
 [ 8.  3.]
 [-1.  2.]
 [-4. 11.]
 [ 0. 12.]
 [ 6.  6.]
 [ 8.  3.]
 [-1.  2.]
 [-5. 11.]
 [-1. 12.]
 [ 6.  6.]
 [ 8.  3.]
 [-1.  2.]
 [-5. 11.]
 [-2. 12.]
 [ 6.  6.]
 [ 8.  3.]
 [-1.  2.]
 [-5. 11.]
 [-3. 12.]
 [ 6.  6.]
 [ 8.  3.]
 [-2.  2.]
 [-5. 11.]
 [-4. 12.]
 [ 6.  6.]
 [ 8.  3.]
 [-2.  2.]
 [-5. 10.]
 [-5. 11.]
 [ 6.  6.]
 [ 8.  3.]
 [-2.  2.]
 [-5.  9.]
 [-5. 10.]
 [ 6.  6.]
 [ 8.  3.]
 [-2.  2.]
 [-5.  8.]
 [-5.  9.]
 [ 6.  6.]
 [ 8.  3.]
 [-2.  2.]
 [-5.  7.]
 [-5.  8.]
 [ 6.  6.]
 [ 8.  3.]
 [-3.  2.]
 [-5.  6.]
 [-5.  7.]
 [ 6.  6.]
 [ 8.  3.]
 [-3.  2.]
 [-5.  6.]
 [-5.  7.]
 [ 6.  6.]
 [ 8.  3.]
 [-3.  2.]
 [-5.  5.]
 [-5.  6.]
 [ 6.  6.]
 [ 8.  3.]
 [-4.  2.]]
