Maze:
##########################
#                        #
#                        #
#                        #
#                        #
#                        #
#     ##############     #
#     #            #     #
#     #            #     #
#     #            #     #
#     #         B  #     #
#     # S          #     #
#     #     C      #     #
#     #            #     #
#     #            #     #
#     #           A#     #
#     #            #     #
#     #            #     #
#     #  D         #     #
#     ##############     #
#                        #
#                        #
#                        #
#                        #
#                        #
##########################
[[ 2.  5.]
 [12.  9.]
 [10.  4.]
 [ 6.  6.]
 [ 3. 12.]
 [ 2.  5.]
 [12.  8.]
 [10.  3.]
 [ 6.  6.]
 [ 3. 12.]
 [ 2.  5.]
 [12.  7.]
 [10.  3.]
 [ 6.  6.]
 [ 3. 12.]
 [ 2.  5.]
 [12.  6.]
 [10.  2.]
 [ 6.  6.]
 [ 3. 11.]
 [ 2.  4.]
 [12.  5.]
 [10.  1.]
 [ 6.  6.]
 [ 3. 10.]
 [ 2.  4.]
 [12.  4.]
 [10.  0.]
 [ 6.  6.]
 [ 3.  9.]
 [ 2.  3.]
 [12.  3.]
 [10. -1.]
 [ 6.  6.]
 [ 3.  8.]
 [ 2.  2.]
 [12.  2.]
 [10. -2.]
 [ 6.  6.]
 [ 3.  7.]
 [ 2.  1.]
 [12.  1.]
 [10. -3.]
 [ 6.  6.]
 [ 3.  6.]
 [ 2.  0.]
 [12.  0.]
 [10. -4.]
 [ 6.  6.]
 [ 3.  5.]
 [ 2. -1.]
 [12. -1.]
 [10. -5.]
 [ 6.  6.]
 [ 3.  4.]
 [ 2. -2.]
 [12. -2.]
 [10. -5.]
 [ 6.  6.]
 [ 3.  3.]
 [ 2. -3.]
 [11. -3.]
 [10. -5.]
 [ 6.  6.]
 [ 3.  2.]
 [ 2. -4.]
 [11. -4.]
 [10. -5.]
 [ 6.  6.]
 [ 3.  1.]
 [ 2. -5.]
 [10. -5.]
 [ 9. -5.]
 [ 6.  6.]
 [ 3.  0.]
 [ 2. -5.]
 [ 9. -5.]
 [ 8. -5.]
 [ 6.  6.]
 [ 3. -1.]
 [ 2. -5.]
 [ 8. -5.]
 [ 7. -5.]
 [ 6.  6.]
 [ 3. -2.]
 [ 2. -5.]
 [ 7. -5.]
 [ 6. -5.]
 [ 6.  6.]
 [ 3. -3.]
 [ 2. -5.]
 [ 6. -5.]
 [ 5. -5.]
 [ 6.  6.]
 [ 3. -4.]
 [ 1. -5.]
 [ 5. -5.]
 [ 4. -5.]
 [ 6.  6.]
 [ 2. -5.]
 [ 1. -5.]
 [ 5. -5.]
 [ 4. -5.]
 [ 6.  6.]
 [ 2. -5.]
 [ 0. -5.]
 [ 4. -5.]
 [ 3. -5.]
 [ 6.  6.]
 [ 1. -5.]]
