Maze:
##########################
#                        #
#                        #
#                        #
#                        #
#                        #
#     ##############     #
#     #   B        #     #
#     #     C      #     #
#     #        A   #     #
#     #            #     #
#     #          D #     #
#     #     S      #     #
#     #            #     #
#     #            #     #
#     #            #     #
#     #            #     #
#     #            #     #
#     #            #     #
#     ##############     #
#                        #
#                        #
#                        #
#                        #
#                        #
##########################
[[ 6.  6.]
 [ 9.  3.]
 [ 4.  1.]
 [ 6.  2.]
 [11.  5.]
 [ 6.  6.]
 [ 9.  2.]
 [ 4.  1.]
 [ 5.  2.]
 [10.  4.]
 [ 6.  6.]
 [ 8.  1.]
 [ 4.  2.]
 [ 4.  1.]
 [ 9.  3.]
 [ 6.  6.]
 [ 7.  1.]
 [ 4.  1.]
 [ 4.  2.]
 [ 8.  2.]
 [ 6.  6.]
 [ 6.  1.]
 [ 3.  2.]
 [ 4.  1.]
 [ 7.  1.]
 [ 6.  6.]
 [ 5.  1.]
 [ 2.  2.]
 [ 3.  2.]
 [ 6.  1.]
 [ 6.  6.]
 [ 4.  1.]
 [ 3.  3.]
 [ 2.  2.]
 [ 5.  1.]
 [ 6.  6.]
 [ 3.  2.]
 [ 2.  4.]
 [ 3.  3.]
 [ 4.  1.]
 [ 6.  6.]
 [ 3.  3.]
 [ 2.  5.]
 [ 2.  4.]
 [ 3.  2.]
 [ 6.  6.]
 [ 2.  4.]
 [ 1.  5.]
 [ 2.  5.]
 [ 3.  3.]
 [ 6.  6.]
 [ 2.  5.]
 [ 1.  6.]
 [ 1.  5.]
 [ 2.  4.]
 [ 6.  6.]
 [ 1.  5.]
 [ 0.  7.]
 [ 1.  6.]
 [ 2.  5.]
 [ 6.  6.]
 [ 1.  6.]
 [ 0.  8.]
 [ 0.  7.]
 [ 1.  5.]
 [ 6.  6.]
 [ 0.  7.]
 [-1.  8.]
 [ 0.  8.]
 [ 1.  6.]
 [ 6.  6.]
 [ 0.  8.]
 [-1.  9.]
 [-1.  8.]
 [ 0.  7.]
 [ 6.  6.]
 [-1.  8.]
 [-2. 10.]
 [-1.  9.]
 [ 0.  8.]
 [ 6.  6.]
 [-1.  9.]
 [-3. 11.]
 [-2. 10.]
 [-1.  8.]
 [ 6.  6.]
 [-2. 10.]
 [-4. 12.]
 [-3. 11.]
 [-1.  9.]
 [ 6.  6.]
 [-3. 11.]
 [-5. 13.]
 [-4. 12.]
 [-2. 10.]
 [ 6.  6.]
 [-4. 12.]
 [-5. 14.]
 [-5. 13.]
 [-3. 11.]
 [ 6.  6.]
 [-4. 12.]
 [-5. 14.]
 [-5. 13.]
 [-3. 11.]]
