Maze:
##########################
#                        #
#                        #
#                        #
#                        #
#                        #
#     ##############     #
#     #            #     #
#     #            #     #
#     #            #     #
#     #            #     #
#     #           A#     #
#     #     C      #     #
#     #            #     #
#     #D           #     #
#     #        B   #     #
#     #            #     #
#     #  S         #     #
#     #            #     #
#     ##############     #
#                        #
#                        #
#                        #
#                        #
#                        #
##########################
[[ 3. 11.]
 [12.  5.]
 [ 9.  9.]
 [ 6.  6.]
 [ 1.  8.]
 [ 4. 12.]
 [11.  6.]
 [ 9.  9.]
 [ 6.  6.]
 [ 2.  9.]
 [ 5. 13.]
 [10.  7.]
 [ 9. 10.]
 [ 6.  6.]
 [ 3. 10.]
 [ 6. 14.]
 [10.  8.]
 [ 9. 11.]
 [ 6.  6.]
 [ 4. 11.]
 [ 7. 15.]
 [10.  9.]
 [ 9. 12.]
 [ 6.  6.]
 [ 5. 12.]
 [ 8. 16.]
 [10. 10.]
 [ 9. 13.]
 [ 6.  6.]
 [ 5. 13.]
 [ 9. 17.]
 [10. 11.]
 [ 9. 14.]
 [ 6.  6.]
 [ 6. 14.]
 [10. 17.]
 [10. 12.]
 [10. 15.]
 [ 6.  6.]
 [ 6. 14.]
 [11. 17.]
 [10. 13.]
 [10. 16.]
 [ 6.  6.]
 [ 7. 14.]
 [11. 17.]
 [10. 14.]
 [10. 16.]
 [ 6.  6.]
 [ 8. 14.]
 [11. 17.]
 [10. 15.]
 [10. 17.]
 [ 6.  6.]
 [ 9. 14.]
 [10. 17.]
 [ 9. 15.]
 [11. 17.]
 [ 6.  6.]
 [10. 15.]
 [10. 17.]
 [ 9. 14.]
 [11. 17.]
 [ 6.  6.]
 [ 9. 15.]
 [11. 17.]
 [ 9. 14.]
 [10. 17.]
 [ 6.  6.]
 [ 9. 15.]
 [11. 17.]
 [ 9. 15.]
 [10. 17.]
 [ 6.  6.]
 [ 9. 14.]
 [10. 17.]
 [ 9. 16.]
 [11. 17.]
 [ 6.  6.]
 [ 9. 15.]
 [11. 17.]
 [ 9. 15.]
 [10. 17.]
 [ 6.  6.]
 [ 9. 16.]
 [12. 17.]
 [ 9. 16.]
 [11. 17.]
 [ 6.  6.]
 [ 9. 15.]
 [11. 17.]
 [10. 16.]
 [12. 17.]
 [ 6.  6.]
 [ 9. 16.]
 [12. 17.]
 [ 9. 15.]
 [11. 17.]
 [ 6.  6.]
 [10. 16.]
 [12. 17.]
 [ 9. 15.]
 [11. 17.]
 [ 6.  6.]
 [10. 16.]
 [13. 17.]
 [10. 16.]
 [12. 17.]
 [ 6.  6.]
 [ 9. 15.]]
