Maze:
##########################
#                        #
#                        #
#                        #
#                        #
#                        #
#     ##############     #
#     #  D         #     #
#     #            #     #
#     #            #     #
#     # B          #     #
#     #            #     #
#     #     A      #     #
#     #     C      #     #
#     #            #     #
#     #        S   #     #
#     #            #     #
#     #            #     #
#     #            #     #
#     ##############     #
#                        #
#                        #
#                        #
#                        #
#                        #
##########################
[[ 9.  9.]
 [ 6.  6.]
 [ 2.  4.]
 [ 6.  7.]
 [ 3.  1.]
 [10. 10.]
 [ 6.  6.]
 [ 2.  5.]
 [ 6.  8.]
 [ 3.  2.]
 [10. 10.]
 [ 6.  6.]
 [ 2.  6.]
 [ 5.  9.]
 [ 3.  3.]
 [10. 10.]
 [ 6.  6.]
 [ 2.  7.]
 [ 4.  9.]
 [ 3.  4.]
 [10. 10.]
 [ 6.  6.]
 [ 1.  6.]
 [ 3.  9.]
 [ 4.  4.]
 [10. 10.]
 [ 6.  6.]
 [ 0.  5.]
 [ 2.  9.]
 [ 5.  4.]
 [10. 10.]
 [ 6.  6.]
 [ 0.  4.]
 [ 1.  8.]
 [ 6.  5.]
 [10. 10.]
 [ 6.  6.]
 [ 0.  3.]
 [ 0.  7.]
 [ 6.  5.]
 [10. 10.]
 [ 6.  6.]
 [ 0.  2.]
 [ 0.  6.]
 [ 6.  5.]
 [10. 10.]
 [ 6.  6.]
 [ 0.  1.]
 [ 0.  5.]
 [ 6.  5.]
 [10. 10.]
 [ 6.  6.]
 [ 0.  0.]
 [ 0.  4.]
 [ 6.  5.]
 [10. 10.]
 [ 6.  6.]
 [ 0. -1.]
 [ 0.  3.]
 [ 6.  5.]
 [10. 10.]
 [ 6.  6.]
 [ 0. -2.]
 [ 0.  2.]
 [ 6.  5.]
 [10. 10.]
 [ 6.  6.]
 [ 0. -3.]
 [ 0.  1.]
 [ 6.  5.]
 [10. 10.]
 [ 6.  6.]
 [ 0. -4.]
 [ 0.  0.]
 [ 6.  5.]
 [10. 10.]
 [ 6.  6.]
 [ 0. -5.]
 [ 0. -1.]
 [ 6.  5.]
 [10. 10.]
 [ 6.  6.]
 [ 0. -5.]
 [ 0. -2.]
 [ 6.  5.]
 [10. 10.]
 [ 6.  6.]
 [ 0. -5.]
 [ 0. -3.]
 [ 6.  5.]
 [10. 10.]
 [ 6.  6.]
 [ 0. -5.]
 [ 0. -4.]
 [ 6.  5.]
 [10. 10.]
 [ 6.  6.]
 [ 0. -5.]
 [ 0. -4.]
 [ 6.  5.]]
