Maze:
##########################
#                        #
#                        #
#                        #
#                        #
#                        #
#     ##############     #
#     #        S   #     #
#     #            #     #
#     #            #     #
#     #         C  #     #
#     #            #     #
#     #     B    A #     #
#     #            #     #
#     #            #     #
#     #D           #     #
#     #            #     #
#     #            #     #
#     #            #     #
#     ##############     #
#                        #
#                        #
#                        #
#                        #
#                        #
##########################
[[ 9.  1.]
 [11.  6.]
 [ 6.  6.]
 [10.  4.]
 [ 1.  9.]
 [ 9.  0.]
 [10.  5.]
 [ 6.  6.]
 [ 9.  4.]
 [ 1.  9.]
 [ 9. -1.]
 [ 9.  4.]
 [ 6.  6.]
 [ 8.  4.]
 [ 1.  9.]
 [ 9. -2.]
 [ 8.  4.]
 [ 6.  6.]
 [ 7.  4.]
 [ 1.  9.]
 [ 9. -2.]
 [ 7.  4.]
 [ 6.  6.]
 [ 6.  4.]
 [ 1.  9.]
 [ 9. -2.]
 [ 6.  4.]
 [ 6.  6.]
 [ 5.  4.]
 [ 1.  9.]
 [ 9. -2.]
 [ 5.  5.]
 [ 6.  6.]
 [ 4.  4.]
 [ 1.  9.]
 [ 9. -2.]
 [ 5.  5.]
 [ 6.  6.]
 [ 3.  3.]
 [ 1.  9.]
 [ 9. -2.]
 [ 5.  5.]
 [ 6.  6.]
 [ 2.  3.]
 [ 1.  9.]
 [ 9. -2.]
 [ 5.  5.]
 [ 6.  6.]
 [ 1.  3.]
 [ 1.  9.]
 [ 9. -2.]
 [ 5.  5.]
 [ 6.  6.]
 [ 1.  3.]
 [ 2.  9.]
 [ 9. -2.]
 [ 5.  5.]
 [ 6.  6.]
 [ 1.  3.]
 [ 3.  9.]
 [ 9. -2.]
 [ 5.  5.]
 [ 6.  6.]
 [ 1.  3.]
 [ 4.  9.]
 [ 9. -2.]
 [ 5.  5.]
 [ 6.  6.]
 [ 1.  3.]
 [ 5.  8.]
 [ 9. -2.]
 [ 5.  5.]
 [ 6.  6.]
 [ 1.  3.]
 [ 5.  7.]
 [ 9. -2.]
 [ 5.  5.]
 [ 6.  6.]
 [ 1.  3.]
 [ 5.  6.]
 [ 9. -2.]
 [ 6.  4.]
 [ 6.  6.]
 [ 1.  3.]
 [ 6.  5.]
 [ 9. -2.]
 [ 6.  3.]
 [ 6.  6.]
 [ 1.  3.]
 [ 6.  4.]
 [ 9. -2.]
 [ 6.  2.]
 [ 6.  6.]
 [ 1.  3.]
 [ 6.  3.]
 [ 9. -2.]
 [ 6.  1.]
 [ 6.  6.]
 [ 1.  3.]
 [ 6.  2.]
 [ 9. -2.]
 [ 6.  1.]
 [ 6.  6.]
 [ 1.  3.]
 [ 6.  2.]
 [10. -3.]
 [ 6.  0.]
 [ 6.  6.]
 [ 1.  3.]
 [ 6.  1.]]
