Maze:
##########################
#                        #
#                        #
#                        #
#                        #
#                        #
#     ##############     #
#     #            #     #
#     #            #     #
#     # S          #     #
#     #            #     #
#     #            #     #
#     #     A   C  #     #
#     #            #     #
#     #            #     #
#     #            #     #
#     #            #     #
#     #          B #     #
#     #   D        #     #
#     ##############     #
#                        #
#                        #
#                        #
#                        #
#                        #
##########################
[[ 2.  3.]
 [ 6.  6.]
 [11. 11.]
 [10.  6.]
 [ 4. 12.]
 [ 2.  3.]
 [ 6.  6.]
 [11. 12.]
 [11.  7.]
 [ 4. 12.]
 [ 2.  3.]
 [ 6.  6.]
 [11. 13.]
 [12.  8.]
 [ 4. 12.]
 [ 2.  3.]
 [ 6.  6.]
 [11. 14.]
 [12.  9.]
 [ 4. 12.]
 [ 2.  3.]
 [ 6.  6.]
 [11. 15.]
 [12. 10.]
 [ 4. 12.]
 [ 2.  3.]
 [ 6.  6.]
 [11. 16.]
 [12. 11.]
 [ 4. 12.]
 [ 2.  3.]
 [ 6.  6.]
 [11. 17.]
 [12. 12.]
 [ 4. 12.]
 [ 2.  3.]
 [ 6.  6.]
 [11. 17.]
 [12. 13.]
 [ 4. 12.]
 [ 2.  3.]
 [ 6.  6.]
 [11. 17.]
 [12. 14.]
 [ 4. 11.]
 [ 2.  3.]
 [ 6.  6.]
 [11. 17.]
 [12. 15.]
 [ 4. 10.]
 [ 2.  3.]
 [ 6.  6.]
 [11. 17.]
 [12. 16.]
 [ 4.  9.]
 [ 2.  3.]
 [ 6.  6.]
 [10. 17.]
 [11. 17.]
 [ 4.  8.]
 [ 2.  3.]
 [ 6.  6.]
 [ 9. 17.]
 [10. 17.]
 [ 4.  7.]
 [ 2.  3.]
 [ 6.  6.]
 [ 8. 17.]
 [ 9. 17.]
 [ 5.  6.]
 [ 2.  3.]
 [ 6.  6.]
 [ 7. 17.]
 [ 8. 17.]
 [ 5.  6.]
 [ 2.  3.]
 [ 6.  6.]
 [ 6. 17.]
 [ 7. 17.]
 [ 5.  6.]
 [ 2.  3.]
 [ 6.  6.]
 [ 5. 17.]
 [ 6. 17.]
 [ 5.  6.]
 [ 2.  3.]
 [ 6.  6.]
 [ 4. 17.]
 [ 5. 17.]
 [ 5.  6.]
 [ 2.  3.]
 [ 6.  6.]
 [ 3. 17.]
 [ 4. 17.]
 [ 5.  6.]
 [ 2.  3.]
 [ 6.  6.]
 [ 2. 17.]
 [ 3. 17.]
 [ 5.  6.]
 [ 2.  3.]
 [ 6.  6.]
 [ 2. 17.]
 [ 3. 17.]
 [ 5.  6.]
 [ 2.  3.]
 [ 6.  6.]
 [ 1. 17.]
 [ 2. 17.]
 [ 5.  6.]]
