Maze:
##########################
#                        #
#                        #
#                        #
#                        #
#                        #
#     ##############     #
#     #          C #     #
#     #            #     #
#     #            #     #
#     #            #     #
#     # A          #     #
#     #     D      #     #
#     #           S#     #
#     #         B  #     #
#     #            #     #
#     #            #     #
#     #            #     #
#     #            #     #
#     ##############     #
#                        #
#                        #
#                        #
#                        #
#                        #
##########################
[[12.  7.]
 [ 2.  5.]
 [10.  8.]
 [11.  1.]
 [ 6.  6.]
 [13.  7.]
 [ 2.  5.]
 [11.  8.]
 [11.  1.]
 [ 6.  6.]
 [14.  7.]
 [ 2.  5.]
 [12.  8.]
 [11.  1.]
 [ 6.  6.]
 [15.  7.]
 [ 1.  5.]
 [13.  8.]
 [11.  1.]
 [ 6.  6.]
 [16.  7.]
 [ 1.  5.]
 [14.  8.]
 [11.  1.]
 [ 6.  6.]
 [17.  7.]
 [ 1.  5.]
 [15.  8.]
 [11.  1.]
 [ 6.  6.]
 [17.  7.]
 [ 1.  5.]
 [16.  8.]
 [11.  1.]
 [ 6.  6.]
 [17.  6.]
 [ 1.  5.]
 [17.  7.]
 [11.  1.]
 [ 6.  6.]
 [17.  5.]
 [ 1.  5.]
 [17.  6.]
 [11.  1.]
 [ 6.  6.]
 [17.  4.]
 [ 1.  5.]
 [17.  5.]
 [11.  1.]
 [ 6.  6.]
 [17.  3.]
 [ 1.  5.]
 [17.  4.]
 [11.  1.]
 [ 6.  6.]
 [17.  2.]
 [ 1.  5.]
 [17.  3.]
 [11.  1.]
 [ 6.  6.]
 [17.  1.]
 [ 1.  5.]
 [17.  2.]
 [11.  1.]
 [ 6.  6.]
 [17.  0.]
 [ 1.  5.]
 [17.  1.]
 [11.  1.]
 [ 6.  6.]
 [17. -1.]
 [ 1.  5.]
 [17.  0.]
 [11.  1.]
 [ 6.  6.]
 [17. -2.]
 [ 1.  5.]
 [17. -1.]
 [11.  1.]
 [ 6.  6.]
 [17. -3.]
 [ 1.  5.]
 [17. -2.]
 [11.  1.]
 [ 6.  6.]
 [17. -4.]
 [ 1.  5.]
 [17. -3.]
 [11.  1.]
 [ 6.  6.]
 [17. -5.]
 [ 1.  5.]
 [17. -4.]
 [11.  1.]
 [ 6.  6.]
 [17. -5.]
 [ 1.  5.]
 [17. -4.]
 [11.  1.]
 [ 6.  6.]]
