Maze:
##########################
#                        #
#                        #
#                        #
#                        #
#                        #
#     ##############     #
#     #            #     #
#     #            #     #
#     #            #     #
#     #  A         #     #
#     #            #     #
#     #     B      #     #
#     #            #     #
#     #            #     #
#     #            #     #
#     #         S  #     #
#     #           C#     #
#     #   D        #     #
#     ##############     #
#                        #
#                        #
#                        #
#                        #
#                        #
##########################
[[10. 10.]
 [ 3.  4.]
 [ 6.  6.]
 [12. 11.]
 [ 4. 12.]
 [10. 10.]
 [ 4.  4.]
 [ 6.  6.]
 [13. 11.]
 [ 4. 12.]
 [10. 10.]
 [ 5.  5.]
 [ 6.  6.]
 [14. 11.]
 [ 4. 12.]
 [10. 10.]
 [ 5.  5.]
 [ 6.  6.]
 [15. 11.]
 [ 4. 11.]
 [10. 10.]
 [ 5.  5.]
 [ 6.  6.]
 [16. 11.]
 [ 4. 10.]
 [10. 10.]
 [ 5.  5.]
 [ 6.  6.]
 [16. 11.]
 [ 5.  9.]
 [10. 10.]
 [ 5.  5.]
 [ 6.  6.]
 [16. 11.]
 [ 5.  8.]
 [10. 10.]
 [ 5.  5.]
 [ 6.  6.]
 [16. 11.]
 [ 5.  7.]
 [10. 10.]
 [ 5.  5.]
 [ 6.  6.]
 [16. 11.]
 [ 5.  6.]
 [10. 10.]
 [ 6.  4.]
 [ 6.  6.]
 [16. 11.]
 [ 5.  5.]
 [10. 10.]
 [ 7.  4.]
 [ 6.  6.]
 [16. 11.]
 [ 6.  5.]
 [10. 10.]
 [ 8.  4.]
 [ 6.  6.]
 [16. 11.]
 [ 7.  5.]
 [10. 10.]
 [ 9.  3.]
 [ 6.  6.]
 [16. 11.]
 [ 8.  4.]
 [10. 10.]
 [10.  2.]
 [ 6.  6.]
 [16. 11.]
 [ 9.  3.]
 [10. 10.]
 [11.  1.]
 [ 6.  6.]
 [16. 11.]
 [10.  2.]
 [10. 10.]
 [12.  0.]
 [ 6.  6.]
 [16. 11.]
 [11.  1.]
 [10. 10.]
 [13. -1.]
 [ 6.  6.]
 [16. 11.]
 [12.  0.]
 [10. 10.]
 [14. -2.]
 [ 6.  6.]
 [16. 11.]
 [13. -1.]
 [10. 10.]
 [15. -3.]
 [ 6.  6.]
 [16. 11.]
 [14. -2.]
 [10. 10.]
 [16. -4.]
 [ 6.  6.]
 [16. 11.]
 [15. -3.]
 [10. 10.]
 [16. -4.]
 [ 6.  6.]
 [16. 11.]
 [15. -3.]
 [10. 10.]
 [17. -5.]
 [ 6.  6.]
 [16. 11.]
 [16. -4.]]
