Maze:
##########################
#                        #
#                        #
#                        #
#                        #
#                        #
#     ##############     #
#     #           A#     #
#     #            #     #
#     #            #     #
#     #     S      #     #
#     #            #     #
#     #    BD      #     #
#     #            #     #
#     #            #     #
#     #        C   #     #
#     #            #     #
#     #            #     #
#     #            #     #
#     ##############     #
#                        #
#                        #
#                        #
#                        #
#                        #
##########################
[[ 6.  4.]
 [12.  1.]
 [ 5.  6.]
 [ 9.  9.]
 [ 6.  6.]
 [ 6.  5.]
 [13.  0.]
 [ 4.  6.]
 [10. 10.]
 [ 6.  6.]
 [ 6.  5.]
 [13.  0.]
 [ 5.  5.]
 [11. 11.]
 [ 6.  6.]
 [ 5.  6.]
 [14.  0.]
 [ 6.  5.]
 [11. 12.]
 [ 6.  6.]
 [ 5.  6.]
 [14.  0.]
 [ 5.  5.]
 [11. 13.]
 [ 6.  6.]
 [ 6.  5.]
 [14.  0.]
 [ 5.  6.]
 [11. 13.]
 [ 6.  6.]
 [ 6.  5.]
 [14.  0.]
 [ 5.  5.]
 [11. 13.]
 [ 6.  6.]
 [ 5.  6.]
 [14.  0.]
 [ 6.  5.]
 [11. 14.]
 [ 6.  6.]
 [ 5.  6.]
 [14.  0.]
 [ 5.  5.]
 [11. 14.]
 [ 6.  6.]
 [ 6.  5.]
 [14.  0.]
 [ 5.  6.]
 [11. 14.]
 [ 6.  6.]
 [ 6.  5.]
 [14.  0.]
 [ 5.  5.]
 [11. 14.]
 [ 6.  6.]
 [ 5.  6.]
 [14.  0.]
 [ 6.  5.]
 [11. 14.]
 [ 6.  6.]
 [ 5.  6.]
 [14.  0.]
 [ 5.  5.]
 [11. 14.]
 [ 6.  6.]
 [ 6.  5.]
 [14.  0.]
 [ 5.  6.]
 [11. 14.]
 [ 6.  6.]
 [ 6.  5.]
 [14.  0.]
 [ 5.  5.]
 [11. 14.]
 [ 6.  6.]
 [ 5.  6.]
 [14.  0.]
 [ 6.  5.]
 [11. 14.]
 [ 6.  6.]
 [ 5.  6.]
 [14.  0.]
 [ 5.  5.]
 [11. 14.]
 [ 6.  6.]
 [ 6.  5.]
 [14.  0.]
 [ 5.  6.]
 [11. 14.]
 [ 6.  6.]
 [ 6.  5.]
 [14.  0.]
 [ 5.  5.]
 [11. 14.]
 [ 6.  6.]
 [ 5.  6.]
 [14.  0.]
 [ 6.  5.]
 [11. 14.]
 [ 6.  6.]
 [ 5.  6.]
 [14.  0.]
 [ 6.  5.]
 [11. 14.]
 [ 6.  6.]
 [ 5.  6.]
 [14.  0.]
 [ 5.  5.]
 [11. 14.]
 [ 6.  6.]]
