Maze:
##########################
#                        #
#                        #
#                        #
#                        #
#                        #
#     ##############     #
#     #           B#     #
#     # D          #     #
#     #            #     #
#     #  A         #     #
#     #            #     #
#     #     S      #     #
#     #            #     #
#     #            #     #
#     #            #     #
#     #            #     #
#     #            #     #
#     #    C       #     #
#     ##############     #
#                        #
#                        #
#                        #
#                        #
#                        #
##########################
[[ 6.  6.]
 [ 3.  4.]
 [12.  1.]
 [ 5. 12.]
 [ 2.  2.]
 [ 6.  6.]
 [ 2.  4.]
 [12.  1.]
 [ 5. 13.]
 [ 2.  3.]
 [ 6.  6.]
 [ 2.  5.]
 [12.  1.]
 [ 5. 14.]
 [ 2.  4.]
 [ 6.  6.]
 [ 2.  6.]
 [12.  1.]
 [ 5. 15.]
 [ 2.  5.]
 [ 6.  6.]
 [ 2.  7.]
 [12.  1.]
 [ 5. 16.]
 [ 2.  6.]
 [ 6.  6.]
 [ 2.  8.]
 [12.  1.]
 [ 5. 17.]
 [ 2.  7.]
 [ 6.  6.]
 [ 2.  9.]
 [12.  1.]
 [ 5. 17.]
 [ 2.  8.]
 [ 6.  6.]
 [ 2. 10.]
 [12.  1.]
 [ 5. 17.]
 [ 2.  9.]
 [ 6.  6.]
 [ 2. 11.]
 [12.  1.]
 [ 5. 17.]
 [ 2. 10.]
 [ 6.  6.]
 [ 2. 12.]
 [12.  1.]
 [ 5. 17.]
 [ 2. 11.]
 [ 6.  6.]
 [ 2. 13.]
 [12.  1.]
 [ 5. 17.]
 [ 2. 12.]
 [ 6.  6.]
 [ 2. 14.]
 [12.  1.]
 [ 5. 17.]
 [ 2. 13.]
 [ 6.  6.]
 [ 2. 15.]
 [12.  1.]
 [ 6. 17.]
 [ 2. 14.]
 [ 6.  6.]
 [ 2. 16.]
 [12.  1.]
 [ 7. 17.]
 [ 2. 15.]
 [ 6.  6.]
 [ 2. 17.]
 [12.  1.]
 [ 8. 17.]
 [ 2. 16.]
 [ 6.  6.]
 [ 2. 17.]
 [12.  1.]
 [ 9. 17.]
 [ 2. 16.]
 [ 6.  6.]
 [ 2. 17.]
 [12.  1.]
 [10. 17.]
 [ 2. 16.]
 [ 6.  6.]
 [ 2. 17.]
 [12.  1.]
 [11. 17.]
 [ 2. 16.]
 [ 6.  6.]
 [ 2. 17.]
 [12.  1.]
 [12. 17.]
 [ 2. 16.]
 [ 6.  6.]
 [ 2. 17.]
 [12.  1.]
 [12. 17.]
 [ 2. 16.]]
