Maze:
##########################
#                        #
#                        #
#                        #
#                        #
#                        #
#     ##############     #
#     #            #     #
#     #            #     #
#     #            #     #
#     #            #     #
#     #            #     #
#     #     A    S #     #
#     #         D  #     #
#     #            #     #
#     #            #     #
#     #     C      #     #
#     #            #     #
#     #    B       #     #
#     ##############     #
#                        #
#                        #
#                        #
#                        #
#                        #
##########################
[[11.  6.]
 [ 6.  6.]
 [ 5. 12.]
 [ 6. 10.]
 [10.  7.]
 [10.  7.]
 [ 6.  6.]
 [ 5. 13.]
 [ 6.  9.]
 [ 9.  8.]
 [ 9.  8.]
 [ 6.  6.]
 [ 5. 14.]
 [ 7.  8.]
 [ 8.  9.]
 [ 8.  9.]
 [ 6.  6.]
 [ 5. 14.]
 [ 7.  9.]
 [ 8. 10.]
 [ 7. 10.]
 [ 6.  6.]
 [ 5. 14.]
 [ 6. 10.]
 [ 8. 11.]
 [ 6. 11.]
 [ 6.  6.]
 [ 5. 14.]
 [ 5. 10.]
 [ 9. 12.]
 [ 5. 10.]
 [ 6.  6.]
 [ 6. 14.]
 [ 4.  9.]
 [10. 12.]
 [ 4.  9.]
 [ 6.  6.]
 [ 7. 14.]
 [ 3.  8.]
 [11. 12.]
 [ 3.  8.]
 [ 6.  6.]
 [ 8. 14.]
 [ 2.  7.]
 [12. 12.]
 [ 2.  7.]
 [ 6.  6.]
 [ 9. 14.]
 [ 1.  6.]
 [13. 12.]
 [ 1.  6.]
 [ 6.  6.]
 [10. 14.]
 [ 0.  5.]
 [14. 12.]
 [ 0.  5.]
 [ 6.  6.]
 [11. 14.]
 [-1.  4.]
 [14. 12.]
 [-1.  4.]
 [ 6.  6.]
 [12. 13.]
 [-2.  3.]
 [15. 12.]
 [-2.  3.]
 [ 6.  6.]
 [13. 13.]
 [-3.  2.]
 [16. 12.]
 [-3.  2.]
 [ 6.  6.]
 [14. 13.]
 [-4.  1.]
 [17. 12.]
 [-4.  1.]
 [ 6.  6.]
 [15. 13.]
 [-5.  0.]
 [17. 12.]
 [-5.  0.]
 [ 6.  6.]
 [16. 13.]
 [-5. -1.]
 [17. 12.]
 [-5. -1.]
 [ 6.  6.]
 [17. 12.]
 [-5. -2.]
 [17. 11.]
 [-5. -2.]
 [ 6.  6.]
 [17. 11.]
 [-5. -3.]
 [17. 10.]
 [-5. -3.]
 [ 6.  6.]
 [17. 10.]
 [-5. -4.]
 [17.  9.]
 [-5. -3.]
 [ 6.  6.]
 [17. 10.]
 [-5. -4.]
 [17.  9.]
 [-5. -4.]
 [ 6.  6.]
 [17.  9.]
 [-5. -5.]
 [17.  8.]]
