Maze:
##########################
#                        #
#                        #
#                        #
#                        #
#                        #
#     ##############     #
#     #            #     #
#     #            #     #
#     #            #     #
#     #            #     #
#     #   D        #     #
#     #     S      #     #
#     # A          #     #
#     #     C      #     #
#     #            #     #
#     #            #     #
#     #      B     #     #
#     #            #     #
#     ##############     #
#                        #
#                        #
#                        #
#                        #
#                        #
##########################
[[ 6.  6.]
 [ 2.  7.]
 [ 7. 11.]
 [ 6.  8.]
 [ 4.  5.]
 [ 6.  6.]
 [ 3.  6.]
 [ 7. 12.]
 [ 5.  8.]
 [ 3.  4.]
 [ 6.  6.]
 [ 3.  5.]
 [ 7. 13.]
 [ 4.  8.]
 [ 2.  3.]
 [ 6.  6.]
 [ 2.  4.]
 [ 7. 13.]
 [ 3.  8.]
 [ 1.  2.]
 [ 6.  6.]
 [ 1.  3.]
 [ 7. 13.]
 [ 2.  8.]
 [ 0.  1.]
 [ 6.  6.]
 [ 0.  2.]
 [ 7. 13.]
 [ 1.  8.]
 [ 0.  1.]
 [ 6.  6.]
 [ 0.  1.]
 [ 7. 13.]
 [ 0.  8.]
 [ 0.  2.]
 [ 6.  6.]
 [ 0.  2.]
 [ 7. 13.]
 [-1.  7.]
 [ 0.  1.]
 [ 6.  6.]
 [ 0.  1.]
 [ 7. 13.]
 [-1.  6.]
 [ 0.  2.]
 [ 6.  6.]
 [ 0.  2.]
 [ 7. 13.]
 [-1.  5.]
 [ 0.  1.]
 [ 6.  6.]
 [ 0.  2.]
 [ 7. 13.]
 [-1.  4.]
 [ 0.  1.]
 [ 6.  6.]
 [ 0.  2.]
 [ 7. 13.]
 [-1.  3.]
 [ 0.  1.]
 [ 6.  6.]
 [ 0.  1.]
 [ 7. 13.]
 [-1.  2.]
 [ 1.  0.]
 [ 6.  6.]
 [ 1.  0.]
 [ 7. 13.]
 [ 0.  1.]
 [ 2. -1.]
 [ 6.  6.]
 [ 2. -1.]
 [ 7. 13.]
 [ 1.  0.]
 [ 3. -2.]
 [ 6.  6.]
 [ 3. -2.]
 [ 7. 13.]
 [ 2. -1.]
 [ 4. -3.]
 [ 6.  6.]
 [ 4. -3.]
 [ 7. 13.]
 [ 3. -2.]
 [ 5. -4.]
 [ 6.  6.]
 [ 5. -4.]
 [ 7. 13.]
 [ 4. -3.]
 [ 6. -5.]
 [ 6.  6.]
 [ 6. -5.]
 [ 7. 13.]
 [ 5. -4.]
 [ 7. -5.]
 [ 6.  6.]
 [ 7. -5.]
 [ 7. 13.]
 [ 6. -5.]
 [ 8. -5.]
 [ 6.  6.]
 [ 7. -5.]
 [ 7. 13.]
 [ 6. -5.]
 [ 8. -5.]
 [ 6.  6.]
 [ 8. -5.]
 [ 7. 13.]
 [ 7. -5.]
 [ 9. -5.]]
