Maze:
##########################
#                        #
#                        #
#                        #
#                        #
#                        #
#     ##############     #
#     #            #     #
#     #            #     #
#     #            #     #
#     #           B#     #
#     #            #     #
#     #     S      #     #
#     #      A     #     #
#     #            #     #
#     #          D #     #
#     #            #     #
#     #            #     #
#     #   C        #     #
#     ##############     #
#                        #
#                        #
#                        #
#                        #
#                        #
##########################
[[ 6.  6.]
 [ 7.  7.]
 [12.  4.]
 [ 4. 12.]
 [11.  9.]
 [ 6.  6.]
 [ 8.  8.]
 [12.  5.]
 [ 4. 12.]
 [12.  9.]
 [ 6.  6.]
 [ 9.  9.]
 [12.  6.]
 [ 4. 12.]
 [13. 10.]
 [ 6.  6.]
 [10. 10.]
 [12.  7.]
 [ 4. 12.]
 [14. 11.]
 [ 6.  6.]
 [11. 11.]
 [12.  7.]
 [ 4. 12.]
 [15. 11.]
 [ 6.  6.]
 [12. 11.]
 [12.  7.]
 [ 4. 12.]
 [15. 11.]
 [ 6.  6.]
 [13. 11.]
 [12.  7.]
 [ 4. 12.]
 [15. 11.]
 [ 6.  6.]
 [14. 11.]
 [12.  7.]
 [ 4. 12.]
 [15. 11.]
 [ 6.  6.]
 [15. 11.]
 [12.  7.]
 [ 4. 12.]
 [14. 11.]
 [ 6.  6.]
 [14. 11.]
 [12.  8.]
 [ 4. 12.]
 [15. 11.]
 [ 6.  6.]
 [15. 11.]
 [13.  8.]
 [ 4. 12.]
 [14. 11.]
 [ 6.  6.]
 [14. 11.]
 [13.  9.]
 [ 4. 12.]
 [15. 11.]
 [ 6.  6.]
 [15. 11.]
 [14. 10.]
 [ 4. 12.]
 [14. 12.]
 [ 6.  6.]
 [14. 12.]
 [14. 11.]
 [ 4. 12.]
 [15. 13.]
 [ 6.  6.]
 [14. 13.]
 [15. 11.]
 [ 4. 12.]
 [15. 14.]
 [ 6.  6.]
 [14. 13.]
 [15. 12.]
 [ 4. 12.]
 [15. 14.]
 [ 6.  6.]
 [14. 14.]
 [15. 13.]
 [ 4. 12.]
 [15. 15.]
 [ 6.  6.]
 [14. 15.]
 [15. 14.]
 [ 4. 12.]
 [15. 16.]
 [ 6.  6.]
 [14. 16.]
 [15. 15.]
 [ 4. 12.]
 [15. 17.]
 [ 6.  6.]
 [14. 17.]
 [15. 16.]
 [ 4. 12.]
 [15. 17.]
 [ 6.  6.]
 [14. 17.]
 [15. 16.]
 [ 4. 12.]
 [15. 17.]]
