Maze:
##########################
#                        #
#                        #
#                        #
#                        #
#                        #
#     ##############     #
#     #            #     #
#     #            #     #
#     # B          #     #
#     #            #     #
#     #            #     #
#     #     A      #     #
#     #            #     #
#     #    D       #     #
#     #   S        #     #
#     #            #     #
#     #            #     #
#     #     C      #     #
#     ##############     #
#                        #
#                        #
#                        #
#                        #
#                        #
##########################
[[ 4.  9.]
 [ 6.  6.]
 [ 2.  3.]
 [ 6. 12.]
 [ 5.  8.]
 [ 5.  8.]
 [ 6.  6.]
 [ 2.  3.]
 [ 6. 12.]
 [ 6.  7.]
 [ 6.  8.]
 [ 6.  6.]
 [ 2.  3.]
 [ 6. 12.]
 [ 7.  6.]
 [ 7.  9.]
 [ 6.  6.]
 [ 2.  3.]
 [ 6. 12.]
 [ 7.  5.]
 [ 7. 10.]
 [ 6.  6.]
 [ 2.  3.]
 [ 6. 13.]
 [ 7.  4.]
 [ 7. 11.]
 [ 6.  6.]
 [ 3.  3.]
 [ 6. 14.]
 [ 7.  3.]
 [ 7. 12.]
 [ 6.  6.]
 [ 4.  3.]
 [ 6. 15.]
 [ 7.  3.]
 [ 7. 13.]
 [ 6.  6.]
 [ 5.  3.]
 [ 6. 16.]
 [ 8.  3.]
 [ 7. 14.]
 [ 6.  6.]
 [ 6.  3.]
 [ 6. 17.]
 [ 9.  3.]
 [ 7. 15.]
 [ 6.  6.]
 [ 7.  3.]
 [ 6. 17.]
 [10.  3.]
 [ 7. 16.]
 [ 6.  6.]
 [ 8.  3.]
 [ 6. 17.]
 [11.  3.]
 [ 6. 17.]
 [ 6.  6.]
 [ 9.  3.]
 [ 5. 17.]
 [12.  3.]
 [ 5. 17.]
 [ 6.  6.]
 [10.  3.]
 [ 4. 17.]
 [13.  3.]
 [ 4. 17.]
 [ 6.  6.]
 [11.  3.]
 [ 3. 17.]
 [14.  3.]
 [ 3. 17.]
 [ 6.  6.]
 [12.  3.]
 [ 2. 17.]
 [15.  3.]
 [ 2. 17.]
 [ 6.  6.]
 [13.  3.]
 [ 1. 17.]
 [16.  3.]
 [ 1. 17.]
 [ 6.  6.]
 [14.  3.]
 [ 0. 17.]
 [17.  3.]
 [ 0. 17.]
 [ 6.  6.]
 [15.  3.]
 [-1. 17.]
 [17.  3.]
 [-1. 17.]
 [ 6.  6.]
 [16.  3.]
 [-2. 17.]
 [17.  3.]
 [-2. 17.]
 [ 6.  6.]
 [16.  3.]
 [-3. 17.]
 [17.  3.]
 [-2. 17.]
 [ 6.  6.]
 [16.  3.]
 [-3. 17.]
 [17.  3.]
 [-3. 17.]
 [ 6.  6.]
 [16.  3.]
 [-4. 17.]
 [17.  3.]]
