Maze:
##########################
#                        #
#                        #
#                        #
#                        #
#                        #
#     ##############     #
#     #            #     #
#     #            #     #
#     #            #     #
#     #            #     #
#     #   D        #     #
#     #     B    C #     #
#     #A           #     #
#     #            #     #
#     #            #     #
#     #            #     #
#     #            #     #
#     #           S#     #
#     ##############     #
#                        #
#                        #
#                        #
#                        #
#                        #
##########################
[[12. 12.]
 [ 1.  7.]
 [ 6.  6.]
 [11.  6.]
 [ 4.  5.]
 [12. 11.]
 [ 2.  6.]
 [ 6.  6.]
 [11.  6.]
 [ 3.  5.]
 [12. 10.]
 [ 3.  5.]
 [ 6.  6.]
 [11.  5.]
 [ 2.  5.]
 [12.  9.]
 [ 2.  5.]
 [ 6.  6.]
 [11.  4.]
 [ 3.  5.]
 [12.  8.]
 [ 3.  5.]
 [ 6.  6.]
 [11.  3.]
 [ 2.  5.]
 [12.  7.]
 [ 2.  5.]
 [ 6.  6.]
 [11.  2.]
 [ 3.  5.]
 [12.  6.]
 [ 3.  5.]
 [ 6.  6.]
 [11.  1.]
 [ 2.  5.]
 [12.  5.]
 [ 2.  5.]
 [ 6.  6.]
 [11.  0.]
 [ 3.  5.]
 [12.  4.]
 [ 3.  5.]
 [ 6.  6.]
 [11. -1.]
 [ 2.  5.]
 [12.  3.]
 [ 2.  5.]
 [ 6.  6.]
 [11. -2.]
 [ 3.  5.]
 [12.  2.]
 [ 3.  5.]
 [ 6.  6.]
 [11. -3.]
 [ 2.  5.]
 [12.  1.]
 [ 2.  5.]
 [ 6.  6.]
 [11. -4.]
 [ 3.  5.]
 [12.  0.]
 [ 3.  5.]
 [ 6.  6.]
 [11. -5.]
 [ 2.  5.]
 [12. -1.]
 [ 2.  5.]
 [ 6.  6.]
 [11. -5.]
 [ 3.  5.]
 [12. -2.]
 [ 3.  5.]
 [ 6.  6.]
 [11. -5.]
 [ 2.  5.]
 [12. -3.]
 [ 2.  5.]
 [ 6.  6.]
 [11. -5.]
 [ 3.  5.]
 [12. -4.]
 [ 3.  5.]
 [ 6.  6.]
 [11. -5.]
 [ 2.  5.]
 [11. -5.]
 [ 2.  5.]
 [ 6.  6.]
 [10. -5.]
 [ 3.  5.]
 [10. -5.]
 [ 3.  5.]
 [ 6.  6.]
 [ 9. -5.]
 [ 2.  5.]
 [ 9. -5.]
 [ 2.  5.]
 [ 6.  6.]
 [ 8. -5.]
 [ 3.  5.]
 [ 9. -5.]
 [ 2.  5.]
 [ 6.  6.]
 [ 8. -5.]
 [ 3.  5.]
 [ 8. -5.]
 [ 3.  5.]
 [ 6.  6.]
 [ 7. -5.]
 [ 2.  5.]]
