Maze:
##########################
#                        #
#                        #
#                        #
#                        #
#                        #
#     ##############     #
#     #    C       #     #
#     #          D #     #
#     #            #     #
#     #            #     #
#     # B          #     #
#     #     S      #     #
#     #        A   #     #
#     #            #     #
#     #            #     #
#     #            #     #
#     #            #     #
#     #            #     #
#     ##############     #
#                        #
#                        #
#                        #
#                        #
#                        #
##########################
[[ 6.  6.]
 [ 9.  7.]
 [ 2.  5.]
 [ 5.  1.]
 [11.  2.]
 [ 6.  6.]
 [10.  7.]
 [ 2.  6.]
 [ 6.  0.]
 [12.  2.]
 [ 6.  6.]
 [11.  6.]
 [ 2.  6.]
 [ 7.  0.]
 [13.  2.]
 [ 6.  6.]
 [12.  5.]
 [ 2.  6.]
 [ 8.  0.]
 [14.  2.]
 [ 6.  6.]
 [12.  4.]
 [ 2.  6.]
 [ 9.  0.]
 [15.  2.]
 [ 6.  6.]
 [13.  3.]
 [ 2.  6.]
 [10.  0.]
 [16.  2.]
 [ 6.  6.]
 [14.  2.]
 [ 2.  6.]
 [11.  0.]
 [17.  2.]
 [ 6.  6.]
 [15.  1.]
 [ 2.  6.]
 [12.  0.]
 [17.  2.]
 [ 6.  6.]
 [16.  1.]
 [ 2.  6.]
 [13.  0.]
 [17.  2.]
 [ 6.  6.]
 [16.  1.]
 [ 2.  6.]
 [14.  0.]
 [17.  2.]
 [ 6.  6.]
 [16.  1.]
 [ 2.  6.]
 [15.  0.]
 [17.  2.]
 [ 6.  6.]
 [17.  2.]
 [ 2.  6.]
 [16.  1.]
 [17.  3.]
 [ 6.  6.]
 [17.  3.]
 [ 2.  6.]
 [17.  2.]
 [17.  4.]
 [ 6.  6.]
 [17.  4.]
 [ 2.  6.]
 [17.  3.]
 [17.  5.]
 [ 6.  6.]
 [17.  5.]
 [ 2.  6.]
 [17.  4.]
 [17.  6.]
 [ 6.  6.]
 [17.  6.]
 [ 2.  6.]
 [17.  5.]
 [17.  7.]
 [ 6.  6.]
 [17.  7.]
 [ 2.  6.]
 [17.  6.]
 [17.  8.]
 [ 6.  6.]
 [17.  8.]
 [ 2.  6.]
 [17.  7.]
 [17.  9.]
 [ 6.  6.]
 [17.  9.]
 [ 2.  6.]
 [17.  8.]
 [17. 10.]
 [ 6.  6.]
 [17. 10.]
 [ 2.  6.]
 [17.  9.]
 [17. 11.]
 [ 6.  6.]
 [17. 10.]
 [ 2.  6.]
 [17.  9.]
 [17. 11.]
 [ 6.  6.]
 [17. 11.]
 [ 2.  6.]
 [17. 10.]
 [17. 12.]]
