Maze:
##########################
#                        #
#                        #
#                        #
#                        #
#                        #
#     ##############     #
#     #            #     #
#     #D           #     #
#     #            #     #
#     #            #     #
#     #            #     #
#     #     A     B#     #
#     #            #     #
#     #            #     #
#     #            #     #
#     #            #     #
#     #          C #     #
#     #       S    #     #
#     ##############     #
#                        #
#                        #
#                        #
#                        #
#                        #
##########################
[[ 8. 12.]
 [ 6.  6.]
 [12.  6.]
 [11. 11.]
 [ 1.  2.]
 [ 9. 12.]
 [ 6.  6.]
 [12.  5.]
 [12. 11.]
 [ 1.  2.]
 [10. 12.]
 [ 6.  6.]
 [12.  5.]
 [13. 11.]
 [ 1.  2.]
 [11. 12.]
 [ 6.  6.]
 [12.  5.]
 [14. 11.]
 [ 1.  2.]
 [12. 12.]
 [ 6.  6.]
 [12.  5.]
 [15. 11.]
 [ 1.  2.]
 [13. 12.]
 [ 6.  6.]
 [12.  5.]
 [16. 11.]
 [ 1.  2.]
 [14. 12.]
 [ 6.  6.]
 [12.  5.]
 [17. 11.]
 [ 1.  2.]
 [15. 12.]
 [ 6.  6.]
 [12.  5.]
 [17. 11.]
 [ 1.  2.]
 [16. 12.]
 [ 6.  6.]
 [12.  5.]
 [17. 11.]
 [ 1.  2.]
 [17. 11.]
 [ 6.  6.]
 [12.  5.]
 [17. 10.]
 [ 1.  2.]
 [17. 10.]
 [ 6.  6.]
 [12.  5.]
 [17.  9.]
 [ 1.  2.]
 [17.  9.]
 [ 6.  6.]
 [12.  5.]
 [17.  8.]
 [ 1.  2.]
 [17.  8.]
 [ 6.  6.]
 [12.  5.]
 [17.  7.]
 [ 1.  2.]
 [17.  7.]
 [ 6.  6.]
 [11.  5.]
 [17.  6.]
 [ 1.  2.]
 [17.  6.]
 [ 6.  6.]
 [11.  5.]
 [17.  5.]
 [ 1.  2.]
 [17.  5.]
 [ 6.  6.]
 [11.  5.]
 [17.  4.]
 [ 1.  2.]
 [17.  4.]
 [ 6.  6.]
 [11.  5.]
 [17.  3.]
 [ 1.  2.]
 [17.  3.]
 [ 6.  6.]
 [11.  5.]
 [17.  2.]
 [ 1.  2.]
 [17.  2.]
 [ 6.  6.]
 [11.  5.]
 [17.  1.]
 [ 1.  2.]
 [17.  1.]
 [ 6.  6.]
 [11.  5.]
 [17.  0.]
 [ 1.  2.]
 [17.  1.]
 [ 6.  6.]
 [11.  5.]
 [17.  0.]
 [ 1.  2.]
 [17.  0.]
 [ 6.  6.]
 [11.  5.]
 [17. -1.]
 [ 1.  2.]]
