Maze:
##########################
#                        #
#                        #
#                        #
#                        #
#                        #
#     ##############     #
#     #            #     #
#     #            #     #
#     #     S      #     #
#     #            #     #
#     #            #     #
#     #     C      #     #
#     #      A     #     #
#     #            #     #
#     #            #     #
#     #            #     #
#     # D          #     #
#     #    B       #     #
#     ##############     #
#                        #
#                        #
#                        #
#                        #
#                        #
##########################
[[ 6.  3.]
 [ 7.  7.]
 [ 5. 12.]
 [ 6.  6.]
 [ 2. 11.]
 [ 6.  4.]
 [ 7.  7.]
 [ 4. 12.]
 [ 6.  6.]
 [ 1. 11.]
 [ 6.  5.]
 [ 7.  7.]
 [ 3. 12.]
 [ 6.  6.]
 [ 0. 11.]
 [ 6.  5.]
 [ 7.  7.]
 [ 2. 12.]
 [ 6.  6.]
 [-1. 11.]
 [ 6.  5.]
 [ 7.  7.]
 [ 1. 12.]
 [ 6.  6.]
 [-2. 11.]
 [ 6.  5.]
 [ 7.  7.]
 [ 0. 12.]
 [ 6.  6.]
 [-3. 11.]
 [ 6.  5.]
 [ 7.  7.]
 [-1. 12.]
 [ 6.  6.]
 [-4. 11.]
 [ 6.  5.]
 [ 7.  7.]
 [-2. 12.]
 [ 6.  6.]
 [-5. 11.]
 [ 6.  5.]
 [ 7.  7.]
 [-3. 12.]
 [ 6.  6.]
 [-5. 11.]
 [ 6.  5.]
 [ 7.  7.]
 [-4. 12.]
 [ 6.  6.]
 [-5. 11.]
 [ 6.  5.]
 [ 7.  7.]
 [-5. 11.]
 [ 6.  6.]
 [-5. 10.]
 [ 6.  5.]
 [ 7.  7.]
 [-5. 10.]
 [ 6.  6.]
 [-5.  9.]
 [ 6.  5.]
 [ 7.  7.]
 [-5.  9.]
 [ 6.  6.]
 [-5.  8.]
 [ 6.  5.]
 [ 7.  7.]
 [-5.  8.]
 [ 6.  6.]
 [-5.  7.]
 [ 6.  5.]
 [ 7.  7.]
 [-5.  7.]
 [ 6.  6.]
 [-5.  6.]
 [ 6.  5.]
 [ 7.  7.]
 [-5.  6.]
 [ 6.  6.]
 [-5.  5.]
 [ 6.  5.]
 [ 7.  7.]
 [-5.  5.]
 [ 6.  6.]
 [-5.  4.]
 [ 6.  5.]
 [ 7.  7.]
 [-5.  4.]
 [ 6.  6.]
 [-5.  3.]
 [ 6.  5.]
 [ 7.  7.]
 [-5.  3.]
 [ 6.  6.]
 [-5.  2.]
 [ 6.  5.]
 [ 7.  7.]
 [-5.  2.]
 [ 6.  6.]
 [-5.  1.]
 [ 6.  5.]
 [ 7.  7.]
 [-5.  2.]
 [ 6.  6.]
 [-5.  1.]
 [ 6.  5.]
 [ 7.  7.]
 [-5.  1.]
 [ 6.  6.]
 [-5.  0.]]
