Maze:
##########################
#                        #
#                        #
#                        #
#                        #
#                        #
#     ##############     #
#     #      D     #     #
#     #            #     #
#     #            #     #
#     #            #     #
#     #            #     #
#     #    SA      #     #
#     #            #     #
#     #            #     #
#     #            #     #
#     #  C         #     #
#     #            #     #
#     #       B    #     #
#     ##############     #
#                        #
#                        #
#                        #
#                        #
#                        #
##########################
[[ 5.  6.]
 [ 6.  6.]
 [ 8. 12.]
 [ 3. 10.]
 [ 7.  1.]
 [ 4.  6.]
 [ 6.  6.]
 [ 9. 12.]
 [ 2. 10.]
 [ 7.  0.]
 [ 3.  6.]
 [ 6.  6.]
 [ 9. 12.]
 [ 2. 10.]
 [ 7. -1.]
 [ 2.  6.]
 [ 6.  6.]
 [ 9. 12.]
 [ 2. 11.]
 [ 7. -1.]
 [ 1.  7.]
 [ 6.  6.]
 [ 9. 12.]
 [ 2. 11.]
 [ 7. -1.]
 [ 1.  8.]
 [ 6.  6.]
 [ 9. 12.]
 [ 2. 12.]
 [ 7. -1.]
 [ 1.  9.]
 [ 6.  6.]
 [ 9. 12.]
 [ 2. 13.]
 [ 7. -1.]
 [ 1. 10.]
 [ 6.  6.]
 [ 9. 12.]
 [ 2. 14.]
 [ 7. -1.]
 [ 1. 11.]
 [ 6.  6.]
 [ 9. 12.]
 [ 2. 15.]
 [ 7. -1.]
 [ 1. 12.]
 [ 6.  6.]
 [ 9. 12.]
 [ 2. 16.]
 [ 7. -1.]
 [ 1. 13.]
 [ 6.  6.]
 [ 9. 12.]
 [ 2. 17.]
 [ 7. -1.]
 [ 1. 14.]
 [ 6.  6.]
 [ 9. 12.]
 [ 2. 17.]
 [ 7. -1.]
 [ 1. 15.]
 [ 6.  6.]
 [ 9. 12.]
 [ 2. 17.]
 [ 7. -1.]
 [ 1. 16.]
 [ 6.  6.]
 [ 9. 12.]
 [ 2. 17.]
 [ 7. -1.]
 [ 2. 17.]
 [ 6.  6.]
 [ 9. 12.]
 [ 3. 17.]
 [ 7. -1.]
 [ 3. 17.]
 [ 6.  6.]
 [ 9. 12.]
 [ 4. 17.]
 [ 7. -1.]
 [ 4. 17.]
 [ 6.  6.]
 [ 9. 12.]
 [ 5. 17.]
 [ 7. -1.]
 [ 5. 17.]
 [ 6.  6.]
 [ 9. 12.]
 [ 6. 17.]
 [ 7. -1.]
 [ 6. 17.]
 [ 6.  6.]
 [ 9. 12.]
 [ 7. 17.]
 [ 7. -1.]
 [ 7. 17.]
 [ 6.  6.]
 [ 9. 11.]
 [ 8. 17.]
 [ 7. -1.]
 [ 7. 17.]
 [ 6.  6.]
 [ 9. 11.]
 [ 8. 17.]
 [ 7. -1.]
 [ 8. 17.]
 [ 6.  6.]
 [ 9. 11.]
 [ 9. 17.]
 [ 7. -1.]]
