Maze:
##########################
#                        #
#                        #
#                        #
#                        #
#                        #
#     ##############     #
#     #            #     #
#     #      A     #     #
#     #            #     #
#     #            #     #
#     #            #     #
#     #     D      #     #
#     # B          #     #
#     #            #     #
#     #            #     #
#     #  C         #     #
#     #            #     #
#     #    S       #     #
#     ##############     #
#                        #
#                        #
#                        #
#                        #
#                        #
##########################
[[ 5. 12.]
 [ 7.  2.]
 [ 2.  7.]
 [ 3. 10.]
 [ 6.  6.]
 [ 5. 11.]
 [ 7.  2.]
 [ 2.  6.]
 [ 3. 11.]
 [ 6.  6.]
 [ 4. 10.]
 [ 7.  2.]
 [ 2.  5.]
 [ 4. 11.]
 [ 6.  6.]
 [ 4. 11.]
 [ 7.  2.]
 [ 2.  4.]
 [ 4. 10.]
 [ 6.  6.]
 [ 4. 10.]
 [ 7.  3.]
 [ 2.  3.]
 [ 4. 11.]
 [ 6.  6.]
 [ 4. 11.]
 [ 7.  4.]
 [ 3.  3.]
 [ 4. 10.]
 [ 6.  6.]
 [ 4. 10.]
 [ 7.  5.]
 [ 4.  3.]
 [ 4. 11.]
 [ 6.  6.]
 [ 4. 11.]
 [ 7.  6.]
 [ 5.  3.]
 [ 4. 10.]
 [ 6.  6.]
 [ 4. 10.]
 [ 6.  7.]
 [ 6.  3.]
 [ 4. 11.]
 [ 6.  6.]
 [ 4. 11.]
 [ 5.  7.]
 [ 6.  3.]
 [ 4. 10.]
 [ 6.  6.]
 [ 4. 10.]
 [ 5.  8.]
 [ 6.  3.]
 [ 4. 11.]
 [ 6.  6.]
 [ 5. 11.]
 [ 5.  9.]
 [ 6.  2.]
 [ 4. 10.]
 [ 6.  6.]
 [ 5. 10.]
 [ 4. 10.]
 [ 6.  2.]
 [ 4. 11.]
 [ 6.  6.]
 [ 4. 10.]
 [ 5. 11.]
 [ 6.  1.]
 [ 5. 12.]
 [ 6.  6.]
 [ 5. 11.]
 [ 5. 12.]
 [ 6.  1.]
 [ 5. 13.]
 [ 6.  6.]
 [ 5. 12.]
 [ 5. 13.]
 [ 6.  1.]
 [ 5. 14.]
 [ 6.  6.]
 [ 5. 13.]
 [ 5. 14.]
 [ 6.  1.]
 [ 5. 15.]
 [ 6.  6.]
 [ 5. 14.]
 [ 5. 15.]
 [ 6.  1.]
 [ 5. 16.]
 [ 6.  6.]
 [ 5. 15.]
 [ 5. 16.]
 [ 6.  1.]
 [ 5. 17.]
 [ 6.  6.]
 [ 5. 16.]
 [ 5. 16.]
 [ 6.  1.]
 [ 5. 17.]
 [ 6.  6.]
 [ 5. 16.]
 [ 5. 16.]
 [ 6.  1.]
 [ 5. 17.]
 [ 6.  6.]]
