Maze:
##########################
#                        #
#                        #
#                        #
#                        #
#                        #
#     ##############     #
#     #            #     #
#     #   B        #     #
#     #            #     #
#     #            #     #
#     #            #     #
#     #     C  S   #     #
#     #            #     #
#     #            #     #
#     #            #     #
#     #    D       #     #
#     #     A      #     #
#     #            #     #
#     ##############     #
#                        #
#                        #
#                        #
#                        #
#                        #
##########################
[[ 9.  6.]
 [ 6. 11.]
 [ 4.  2.]
 [ 6.  6.]
 [ 5. 10.]
 [ 8.  5.]
 [ 7. 12.]
 [ 4.  2.]
 [ 6.  6.]
 [ 6. 11.]
 [ 7.  5.]
 [ 8. 13.]
 [ 5.  3.]
 [ 6.  6.]
 [ 7. 12.]
 [ 7.  5.]
 [ 9. 14.]
 [ 6.  4.]
 [ 6.  6.]
 [ 8. 13.]
 [ 7.  6.]
 [10. 15.]
 [ 7.  5.]
 [ 6.  6.]
 [ 9. 14.]
 [ 6.  7.]
 [11. 16.]
 [ 7.  6.]
 [ 6.  6.]
 [10. 15.]
 [ 5.  6.]
 [12. 17.]
 [ 7.  7.]
 [ 6.  6.]
 [11. 16.]
 [ 5.  6.]
 [13. 17.]
 [ 6.  7.]
 [ 6.  6.]
 [12. 17.]
 [ 6.  5.]
 [14. 17.]
 [ 5.  7.]
 [ 6.  6.]
 [13. 17.]
 [ 6.  5.]
 [15. 17.]
 [ 5.  6.]
 [ 6.  6.]
 [14. 17.]
 [ 7.  6.]
 [16. 17.]
 [ 5.  5.]
 [ 6.  6.]
 [15. 17.]
 [ 7.  6.]
 [17. 17.]
 [ 6.  5.]
 [ 6.  6.]
 [16. 17.]
 [ 6.  7.]
 [17. 17.]
 [ 7.  5.]
 [ 6.  6.]
 [16. 17.]
 [ 6.  7.]
 [17. 17.]
 [ 7.  6.]
 [ 6.  6.]
 [16. 17.]
 [ 5.  6.]
 [17. 17.]
 [ 7.  7.]
 [ 6.  6.]
 [16. 17.]
 [ 5.  6.]
 [17. 17.]
 [ 6.  7.]
 [ 6.  6.]
 [16. 17.]
 [ 6.  5.]
 [17. 17.]
 [ 5.  7.]
 [ 6.  6.]
 [16. 17.]
 [ 6.  5.]
 [17. 17.]
 [ 5.  6.]
 [ 6.  6.]
 [16. 17.]
 [ 7.  6.]
 [17. 17.]
 [ 5.  5.]
 [ 6.  6.]
 [16. 17.]
 [ 7.  6.]
 [17. 17.]
 [ 6.  5.]
 [ 6.  6.]
 [16. 17.]
 [ 7.  6.]
 [17. 17.]
 [ 6.  5.]
 [ 6.  6.]
 [16. 17.]
 [ 6.  7.]
 [17. 17.]
 [ 7.  5.]
 [ 6.  6.]
 [16. 17.]]
