Maze:
##########################
#                        #
#                        #
#                        #
#                        #
#                        #
#     ##############     #
#     #            #     #
#     #       C    #     #
#     #            #     #
#     #      D     #     #
#     #   S        #     #
#     #     B   A  #     #
#     #            #     #
#     #            #     #
#     #            #     #
#     #            #     #
#     #            #     #
#     #            #     #
#     ##############     #
#                        #
#                        #
#                        #
#                        #
#                        #
##########################
[[ 4.  5.]
 [10.  6.]
 [ 6.  6.]
 [ 8.  2.]
 [ 7.  4.]
 [ 3.  5.]
 [10.  7.]
 [ 6.  6.]
 [ 8.  3.]
 [ 7.  5.]
 [ 2.  5.]
 [10.  8.]
 [ 6.  6.]
 [ 8.  4.]
 [ 7.  5.]
 [ 1.  5.]
 [10.  9.]
 [ 6.  6.]
 [ 7.  5.]
 [ 7.  6.]
 [ 0.  5.]
 [11. 10.]
 [ 6.  6.]
 [ 7.  6.]
 [ 6.  5.]
 [-1.  5.]
 [12. 11.]
 [ 6.  6.]
 [ 8.  5.]
 [ 6.  5.]
 [-2.  5.]
 [12. 11.]
 [ 6.  6.]
 [ 7.  5.]
 [ 6.  5.]
 [-3.  5.]
 [12. 11.]
 [ 6.  6.]
 [ 6.  5.]
 [ 7.  6.]
 [-3.  5.]
 [12. 11.]
 [ 6.  6.]
 [ 7.  4.]
 [ 7.  6.]
 [-3.  5.]
 [12. 11.]
 [ 6.  6.]
 [ 7.  5.]
 [ 7.  6.]
 [-3.  5.]
 [12. 11.]
 [ 6.  6.]
 [ 7.  6.]
 [ 6.  5.]
 [-3.  5.]
 [12. 11.]
 [ 6.  6.]
 [ 8.  5.]
 [ 6.  5.]
 [-4.  5.]
 [12. 11.]
 [ 6.  6.]
 [ 7.  5.]
 [ 6.  5.]
 [-4.  5.]
 [12. 11.]
 [ 6.  6.]
 [ 6.  5.]
 [ 7.  6.]
 [-4.  5.]
 [12. 11.]
 [ 6.  6.]
 [ 7.  4.]
 [ 7.  6.]
 [-4.  5.]
 [12. 11.]
 [ 6.  6.]
 [ 7.  5.]
 [ 7.  6.]
 [-4.  5.]
 [12. 11.]
 [ 6.  6.]
 [ 7.  6.]
 [ 6.  5.]
 [-4.  5.]
 [12. 11.]
 [ 6.  6.]
 [ 8.  5.]
 [ 6.  5.]
 [-4.  5.]
 [12. 11.]
 [ 6.  6.]
 [ 7.  5.]
 [ 6.  5.]
 [-4.  5.]
 [12. 11.]
 [ 6.  6.]
 [ 6.  5.]
 [ 7.  6.]
 [-4.  5.]
 [12. 11.]
 [ 6.  6.]
 [ 6.  5.]
 [ 7.  6.]
 [-4.  5.]
 [12. 11.]
 [ 6.  6.]
 [ 7.  4.]
 [ 7.  6.]]
