Maze:
##########################
#                        #
#                        #
#                        #
#                        #
#                        #
#     ##############     #
#     # A          #     #
#     #            #     #
#     #           S#     #
#     #     C      #     #
#     #            #     #
#     #    DB      #     #
#     #            #     #
#     #            #     #
#     #            #     #
#     #            #     #
#     #            #     #
#     #            #     #
#     ##############     #
#                        #
#                        #
#                        #
#                        #
#                        #
##########################
[[12.  3.]
 [ 2.  1.]
 [ 6.  6.]
 [ 6.  4.]
 [ 5.  6.]
 [13.  3.]
 [ 1.  0.]
 [ 6.  6.]
 [ 5.  4.]
 [ 5.  6.]
 [14.  3.]
 [ 0. -1.]
 [ 6.  6.]
 [ 5.  5.]
 [ 5.  6.]
 [14.  3.]
 [ 0. -1.]
 [ 6.  6.]
 [ 5.  6.]
 [ 6.  5.]
 [15.  3.]
 [ 0. -1.]
 [ 6.  6.]
 [ 4.  5.]
 [ 6.  5.]
 [15.  3.]
 [ 0. -1.]
 [ 6.  6.]
 [ 5.  5.]
 [ 6.  5.]
 [15.  3.]
 [ 0. -1.]
 [ 6.  6.]
 [ 6.  5.]
 [ 5.  6.]
 [15.  3.]
 [ 0. -1.]
 [ 6.  6.]
 [ 5.  4.]
 [ 5.  6.]
 [15.  3.]
 [ 0. -1.]
 [ 6.  6.]
 [ 5.  5.]
 [ 5.  6.]
 [15.  3.]
 [ 0. -1.]
 [ 6.  6.]
 [ 5.  6.]
 [ 6.  5.]
 [15.  3.]
 [ 0. -1.]
 [ 6.  6.]
 [ 4.  5.]
 [ 6.  5.]
 [15.  3.]
 [ 0. -1.]
 [ 6.  6.]
 [ 5.  5.]
 [ 6.  5.]
 [15.  3.]
 [ 0. -1.]
 [ 6.  6.]
 [ 6.  5.]
 [ 5.  6.]
 [15.  3.]
 [ 0. -1.]
 [ 6.  6.]
 [ 5.  4.]
 [ 5.  6.]
 [15.  3.]
 [ 0. -1.]
 [ 6.  6.]
 [ 5.  5.]
 [ 5.  6.]
 [15.  3.]
 [ 0. -1.]
 [ 6.  6.]
 [ 5.  6.]
 [ 6.  5.]
 [15.  3.]
 [ 0. -1.]
 [ 6.  6.]
 [ 4.  5.]
 [ 6.  5.]
 [15.  3.]
 [ 0. -1.]
 [ 6.  6.]
 [ 5.  5.]
 [ 6.  5.]
 [15.  3.]
 [ 0. -1.]
 [ 6.  6.]
 [ 6.  5.]
 [ 5.  6.]
 [15.  3.]
 [ 0. -1.]
 [ 6.  6.]
 [ 5.  4.]
 [ 5.  6.]
 [15.  3.]
 [ 0. -1.]
 [ 6.  6.]
 [ 5.  4.]
 [ 5.  6.]
 [15.  3.]
 [ 0. -1.]
 [ 6.  6.]
 [ 5.  5.]
 [ 5.  6.]]
