Maze:
##########################
#                        #
#                        #
#                        #
#                        #
#                        #
#     ##############     #
#     #           A#     #
#     #            #     #
#     #     D      #     #
#     #            #     #
#     #            #     #
#     #     C      #     #
#     #            #     #
#     #            #     #
#     #            #     #
#     #  S         #     #
#     #    B       #     #
#     #            #     #
#     ##############     #
#                        #
#                        #
#                        #
#                        #
#                        #
##########################
[[ 3. 10.]
 [12.  1.]
 [ 5. 11.]
 [ 6.  6.]
 [ 6.  3.]
 [ 2. 10.]
 [13.  1.]
 [ 4. 11.]
 [ 6.  6.]
 [ 6.  4.]
 [ 1. 10.]
 [14.  1.]
 [ 3. 11.]
 [ 6.  6.]
 [ 6.  5.]
 [ 0. 10.]
 [14.  1.]
 [ 2. 11.]
 [ 6.  6.]
 [ 6.  5.]
 [-1. 10.]
 [14.  1.]
 [ 1. 11.]
 [ 6.  6.]
 [ 6.  5.]
 [-2. 10.]
 [14.  1.]
 [ 0. 11.]
 [ 6.  6.]
 [ 6.  5.]
 [-3. 10.]
 [14.  1.]
 [-1. 11.]
 [ 6.  6.]
 [ 6.  5.]
 [-4. 10.]
 [14.  1.]
 [-2. 11.]
 [ 6.  6.]
 [ 6.  5.]
 [-5. 10.]
 [14.  1.]
 [-3. 11.]
 [ 6.  6.]
 [ 6.  5.]
 [-5. 10.]
 [14.  1.]
 [-4. 11.]
 [ 6.  6.]
 [ 6.  5.]
 [-5.  9.]
 [14.  1.]
 [-5. 10.]
 [ 6.  6.]
 [ 6.  5.]
 [-5.  8.]
 [14.  1.]
 [-5.  9.]
 [ 6.  6.]
 [ 6.  5.]
 [-5.  7.]
 [14.  1.]
 [-5.  8.]
 [ 6.  6.]
 [ 6.  5.]
 [-5.  6.]
 [14.  1.]
 [-5.  7.]
 [ 6.  6.]
 [ 6.  5.]
 [-5.  5.]
 [14.  1.]
 [-5.  6.]
 [ 6.  6.]
 [ 6.  5.]
 [-5.  4.]
 [14.  1.]
 [-5.  5.]
 [ 6.  6.]
 [ 6.  5.]
 [-5.  3.]
 [14.  1.]
 [-5.  4.]
 [ 6.  6.]
 [ 6.  5.]
 [-5.  2.]
 [14.  1.]
 [-5.  3.]
 [ 6.  6.]
 [ 6.  5.]
 [-5.  1.]
 [14.  1.]
 [-5.  2.]
 [ 6.  6.]
 [ 6.  5.]
 [-5.  0.]
 [14.  1.]
 [-5.  1.]
 [ 6.  6.]
 [ 6.  5.]
 [-5.  0.]
 [14.  1.]
 [-5.  1.]
 [ 6.  6.]
 [ 6.  5.]
 [-5. -1.]
 [14.  1.]
 [-5.  0.]
 [ 6.  6.]
 [ 6.  5.]]
