Maze:
##########################
#                        #
#                        #
#                        #
#                        #
#                        #
#     ##############     #
#     # B          #     #
#     #            #     #
#     #            #     #
#     #         A  #     #
#     #            #     #
#     #S    C      #     #
#     #            #     #
#     #            #     #
#     #            #     #
#     #        D   #     #
#     #            #     #
#     #            #     #
#     ##############     #
#                        #
#                        #
#                        #
#                        #
#                        #
##########################
[[ 1.  6.]
 [10.  4.]
 [ 2.  1.]
 [ 6.  6.]
 [ 9. 10.]
 [ 1.  7.]
 [11.  3.]
 [ 2.  2.]
 [ 6.  6.]
 [ 9.  9.]
 [ 1.  8.]
 [12.  2.]
 [ 2.  3.]
 [ 6.  6.]
 [ 9.  8.]
 [ 1.  9.]
 [13.  1.]
 [ 2.  4.]
 [ 6.  6.]
 [ 8.  7.]
 [ 1. 10.]
 [13.  1.]
 [ 2.  5.]
 [ 6.  6.]
 [ 7.  6.]
 [ 1. 11.]
 [13.  1.]
 [ 2.  6.]
 [ 6.  6.]
 [ 7.  6.]
 [ 1. 12.]
 [13.  1.]
 [ 2.  7.]
 [ 6.  6.]
 [ 7.  6.]
 [ 1. 13.]
 [13.  1.]
 [ 2.  8.]
 [ 6.  6.]
 [ 7.  6.]
 [ 1. 14.]
 [13.  1.]
 [ 2.  9.]
 [ 6.  6.]
 [ 7.  6.]
 [ 1. 15.]
 [13.  1.]
 [ 2. 10.]
 [ 6.  6.]
 [ 7.  6.]
 [ 1. 16.]
 [13.  1.]
 [ 2. 11.]
 [ 6.  6.]
 [ 7.  6.]
 [ 1. 17.]
 [13.  1.]
 [ 2. 12.]
 [ 6.  6.]
 [ 7.  6.]
 [ 1. 17.]
 [13.  1.]
 [ 2. 13.]
 [ 6.  6.]
 [ 7.  6.]
 [ 1. 17.]
 [13.  1.]
 [ 2. 14.]
 [ 6.  6.]
 [ 7.  6.]
 [ 1. 17.]
 [13.  1.]
 [ 2. 15.]
 [ 6.  6.]
 [ 7.  6.]
 [ 1. 17.]
 [13.  1.]
 [ 2. 16.]
 [ 6.  6.]
 [ 7.  6.]
 [ 0. 17.]
 [13.  1.]
 [ 1. 17.]
 [ 6.  6.]
 [ 7.  6.]
 [-1. 17.]
 [13.  1.]
 [ 0. 17.]
 [ 6.  6.]
 [ 7.  6.]
 [-2. 17.]
 [13.  1.]
 [-1. 17.]
 [ 6.  6.]
 [ 7.  6.]
 [-3. 17.]
 [13.  1.]
 [-2. 17.]
 [ 6.  6.]
 [ 7.  6.]
 [-3. 17.]
 [13.  1.]
 [-2. 17.]
 [ 6.  6.]
 [ 7.  6.]
 [-4. 17.]
 [13.  1.]
 [-3. 17.]
 [ 6.  6.]
 [ 7.  6.]]
