Maze:
##########################
#                        #
#                        #
#                        #
#                        #
#                        #
#     ##############     #
#     #          D #     #
#     #            #     #
#     #            #     #
#     #            #     #
#     #            #     #
#     #     A      #     #
#     #            #     #
#     #    S       #     #
#     #            #     #
#     #        B   #     #
#     #            #     #
#     #   C        #     #
#     ##############     #
#                        #
#                        #
#                        #
#                        #
#                        #
##########################
[[ 5.  8.]
 [ 6.  6.]
 [ 9. 10.]
 [ 4. 12.]
 [11.  1.]
 [ 4.  9.]
 [ 6.  6.]
 [ 8.  9.]
 [ 4. 12.]
 [11.  2.]
 [ 3. 10.]
 [ 6.  6.]
 [ 7.  9.]
 [ 4. 12.]
 [10.  3.]
 [ 3. 11.]
 [ 6.  6.]
 [ 6. 10.]
 [ 4. 13.]
 [ 9.  4.]
 [ 3. 12.]
 [ 6.  6.]
 [ 5. 10.]
 [ 4. 14.]
 [ 8.  5.]
 [ 3. 13.]
 [ 6.  6.]
 [ 4. 11.]
 [ 4. 15.]
 [ 7.  6.]
 [ 3. 14.]
 [ 6.  6.]
 [ 4. 12.]
 [ 4. 16.]
 [ 7.  6.]
 [ 3. 15.]
 [ 6.  6.]
 [ 4. 13.]
 [ 4. 17.]
 [ 7.  6.]
 [ 3. 16.]
 [ 6.  6.]
 [ 4. 14.]
 [ 4. 17.]
 [ 7.  6.]
 [ 3. 17.]
 [ 6.  6.]
 [ 4. 15.]
 [ 4. 17.]
 [ 7.  6.]
 [ 4. 17.]
 [ 6.  6.]
 [ 3. 16.]
 [ 5. 17.]
 [ 7.  6.]
 [ 5. 17.]
 [ 6.  6.]
 [ 4. 17.]
 [ 6. 17.]
 [ 7.  6.]
 [ 6. 17.]
 [ 6.  6.]
 [ 5. 17.]
 [ 7. 17.]
 [ 7.  6.]
 [ 7. 17.]
 [ 6.  6.]
 [ 6. 17.]
 [ 8. 17.]
 [ 7.  6.]
 [ 8. 17.]
 [ 6.  6.]
 [ 7. 17.]
 [ 9. 17.]
 [ 7.  6.]
 [ 9. 17.]
 [ 6.  6.]
 [ 8. 17.]
 [10. 17.]
 [ 7.  6.]
 [10. 17.]
 [ 6.  6.]
 [ 9. 17.]
 [11. 17.]
 [ 7.  6.]
 [11. 17.]
 [ 6.  6.]
 [10. 17.]
 [12. 17.]
 [ 7.  6.]
 [12. 17.]
 [ 6.  6.]
 [11. 17.]
 [13. 17.]
 [ 7.  6.]
 [13. 17.]
 [ 6.  6.]
 [12. 17.]
 [14. 17.]
 [ 7.  6.]
 [13. 17.]
 [ 6.  6.]
 [12. 17.]
 [14. 17.]
 [ 7.  6.]
 [14. 17.]
 [ 6.  6.]
 [13. 17.]
 [15. 17.]
 [ 7.  6.]]
