Maze:
##########################
#                        #
#                        #
#                        #
#                        #
#                        #
#     ##############     #
#     #            #     #
#     #  A         #     #
#     #            #     #
#     #            #     #
#     # C          #     #
#     #     S      #     #
#     #            #     #
#     #            #     #
#     #          D #     #
#     #            #     #
#     #           B#     #
#     #            #     #
#     ##############     #
#                        #
#                        #
#                        #
#                        #
#                        #
##########################
[[ 6.  6.]
 [ 3.  2.]
 [12. 11.]
 [ 2.  5.]
 [11.  9.]
 [ 6.  6.]
 [ 3.  1.]
 [12. 10.]
 [ 2.  4.]
 [11. 10.]
 [ 6.  6.]
 [ 3.  0.]
 [11. 10.]
 [ 2.  3.]
 [12. 10.]
 [ 6.  6.]
 [ 3. -1.]
 [12. 10.]
 [ 2.  2.]
 [11. 10.]
 [ 6.  6.]
 [ 3. -2.]
 [11. 10.]
 [ 2.  1.]
 [12. 10.]
 [ 6.  6.]
 [ 3. -3.]
 [12. 10.]
 [ 2.  0.]
 [11. 10.]
 [ 6.  6.]
 [ 3. -4.]
 [11. 10.]
 [ 2. -1.]
 [12. 10.]
 [ 6.  6.]
 [ 3. -5.]
 [12. 10.]
 [ 2. -2.]
 [11. 10.]
 [ 6.  6.]
 [ 3. -5.]
 [11. 10.]
 [ 2. -3.]
 [12. 10.]
 [ 6.  6.]
 [ 3. -5.]
 [12. 10.]
 [ 2. -4.]
 [11. 10.]
 [ 6.  6.]
 [ 4. -5.]
 [11. 10.]
 [ 3. -5.]
 [12. 10.]
 [ 6.  6.]
 [ 5. -5.]
 [12. 10.]
 [ 4. -5.]
 [11. 10.]
 [ 6.  6.]
 [ 6. -5.]
 [11. 10.]
 [ 5. -5.]
 [12. 10.]
 [ 6.  6.]
 [ 7. -5.]
 [12. 10.]
 [ 6. -5.]
 [11. 10.]
 [ 6.  6.]
 [ 8. -5.]
 [11. 10.]
 [ 7. -5.]
 [12. 10.]
 [ 6.  6.]
 [ 9. -5.]
 [12. 10.]
 [ 8. -5.]
 [11. 10.]
 [ 6.  6.]
 [10. -5.]
 [11. 10.]
 [ 9. -5.]
 [12. 10.]
 [ 6.  6.]
 [11. -5.]
 [12. 10.]
 [10. -5.]
 [11. 10.]
 [ 6.  6.]
 [12. -5.]
 [11. 10.]
 [11. -5.]
 [12. 10.]
 [ 6.  6.]
 [13. -5.]
 [12. 10.]
 [12. -5.]
 [11. 10.]
 [ 6.  6.]
 [13. -5.]
 [12. 10.]
 [12. -5.]
 [11. 10.]
 [ 6.  6.]
 [14. -5.]
 [11. 10.]
 [13. -5.]
 [12. 10.]]
