Maze:
##########################
#                        #
#                        #
#                        #
#                        #
#                        #
#     ##############     #
#     #            #     #
#     #            #     #
#     #            #     #
#     #            #     #
#     # S          #     #
#     #    BC      #     #
#     #            #     #
#     #         A  #     #
#     #            #     #
#     #            #     #
#     #            #     #
#     #           D#     #
#     ##############     #
#                        #
#                        #
#                        #
#                        #
#                        #
##########################
[[ 2.  5.]
 [10.  8.]
 [ 5.  6.]
 [ 6.  6.]
 [12. 12.]
 [ 1.  5.]
 [11.  8.]
 [ 4.  6.]
 [ 6.  6.]
 [11. 11.]
 [ 0.  5.]
 [12.  7.]
 [ 3.  6.]
 [ 6.  6.]
 [11. 10.]
 [-1.  5.]
 [13.  6.]
 [ 2.  6.]
 [ 6.  6.]
 [11.  9.]
 [-2.  5.]
 [14.  5.]
 [ 1.  6.]
 [ 6.  6.]
 [11.  8.]
 [-3.  5.]
 [15.  5.]
 [ 0.  6.]
 [ 6.  6.]
 [11.  7.]
 [-4.  5.]
 [16.  5.]
 [-1.  6.]
 [ 6.  6.]
 [12.  6.]
 [-5.  5.]
 [17.  5.]
 [-2.  6.]
 [ 6.  6.]
 [13.  6.]
 [-5.  5.]
 [17.  5.]
 [-3.  6.]
 [ 6.  6.]
 [14.  6.]
 [-5.  5.]
 [17.  5.]
 [-4.  6.]
 [ 6.  6.]
 [15.  6.]
 [-5.  4.]
 [17.  5.]
 [-5.  5.]
 [ 6.  6.]
 [16.  6.]
 [-5.  3.]
 [17.  4.]
 [-5.  4.]
 [ 6.  6.]
 [17.  5.]
 [-5.  2.]
 [17.  3.]
 [-5.  3.]
 [ 6.  6.]
 [17.  4.]
 [-5.  1.]
 [17.  2.]
 [-5.  2.]
 [ 6.  6.]
 [17.  3.]
 [-5.  0.]
 [17.  1.]
 [-5.  1.]
 [ 6.  6.]
 [17.  2.]
 [-5. -1.]
 [17.  0.]
 [-5.  0.]
 [ 6.  6.]
 [17.  1.]
 [-5. -2.]
 [17. -1.]
 [-5. -1.]
 [ 6.  6.]
 [17.  0.]
 [-5. -3.]
 [17. -2.]
 [-5. -2.]
 [ 6.  6.]
 [17. -1.]
 [-5. -4.]
 [17. -3.]
 [-5. -3.]
 [ 6.  6.]
 [17. -2.]
 [-5. -5.]
 [17. -4.]
 [-5. -4.]
 [ 6.  6.]
 [17. -3.]
 [-5. -5.]
 [17. -4.]
 [-5. -4.]
 [ 6.  6.]
 [17. -3.]
 [-5. -5.]
 [17. -5.]
 [-5. -4.]
 [ 6.  6.]
 [17. -4.]]
