Maze:
##########################
#                        #
#                        #
#                        #
#                        #
#                        #
#     ##############     #
#     #   S        #     #
#     #      A     #     #
#     #            #     #
#     #            #     #
#     #            #     #
#     #    DB      #     #
#     #     C      #     #
#     #            #     #
#     #            #     #
#     #            #     #
#     #            #     #
#     #            #     #
#     ##############     #
#                        #
#                        #
#                        #
#                        #
#                        #
##########################
[[ 4.  1.]
 [ 7.  2.]
 [ 6.  6.]
 [ 6.  7.]
 [ 5.  6.]
 [ 3.  0.]
 [ 8.  2.]
 [ 6.  6.]
 [ 5.  8.]
 [ 5.  6.]
 [ 2. -1.]
 [ 9.  2.]
 [ 6.  6.]
 [ 5.  7.]
 [ 5.  6.]
 [ 1. -2.]
 [10.  2.]
 [ 6.  6.]
 [ 5.  6.]
 [ 6.  7.]
 [ 1. -2.]
 [11.  2.]
 [ 6.  6.]
 [ 4.  7.]
 [ 6.  7.]
 [ 1. -2.]
 [11.  2.]
 [ 6.  6.]
 [ 5.  7.]
 [ 6.  7.]
 [ 1. -2.]
 [11.  2.]
 [ 6.  6.]
 [ 6.  7.]
 [ 5.  6.]
 [ 1. -2.]
 [11.  2.]
 [ 6.  6.]
 [ 5.  8.]
 [ 5.  6.]
 [ 1. -2.]
 [11.  2.]
 [ 6.  6.]
 [ 5.  7.]
 [ 5.  6.]
 [ 1. -2.]
 [11.  2.]
 [ 6.  6.]
 [ 5.  6.]
 [ 6.  7.]
 [ 1. -2.]
 [11.  2.]
 [ 6.  6.]
 [ 4.  7.]
 [ 6.  7.]
 [ 1. -2.]
 [11.  2.]
 [ 6.  6.]
 [ 5.  7.]
 [ 6.  7.]
 [ 1. -2.]
 [11.  2.]
 [ 6.  6.]
 [ 6.  7.]
 [ 5.  6.]
 [ 1. -2.]
 [11.  2.]
 [ 6.  6.]
 [ 5.  8.]
 [ 5.  6.]
 [ 1. -2.]
 [11.  2.]
 [ 6.  6.]
 [ 5.  7.]
 [ 5.  6.]
 [ 1. -2.]
 [11.  2.]
 [ 6.  6.]
 [ 5.  6.]
 [ 6.  7.]
 [ 1. -2.]
 [11.  2.]
 [ 6.  6.]
 [ 4.  7.]
 [ 6.  7.]
 [ 1. -2.]
 [11.  2.]
 [ 6.  6.]
 [ 5.  7.]
 [ 6.  7.]
 [ 1. -2.]
 [11.  2.]
 [ 6.  6.]
 [ 6.  7.]
 [ 5.  6.]
 [ 1. -2.]
 [11.  2.]
 [ 6.  6.]
 [ 5.  8.]
 [ 5.  6.]
 [ 1. -2.]
 [11.  2.]
 [ 6.  6.]
 [ 5.  8.]
 [ 5.  6.]
 [ 1. -2.]
 [11.  2.]
 [ 6.  6.]
 [ 5.  7.]
 [ 5.  6.]]
