Maze:
##########################
#                        #
#                        #
#                        #
#                        #
#                        #
#     ##############     #
#     #        B   #     #
#     #            #     #
#     #            #     #
#     #            #     #
#     #            #     #
#     #     C      #     #
#     #     D      #     #
#     #            #     #
#     #            #     #
#     #            #     #
#     #    A       #     #
#     # S          #     #
#     ##############     #
#                        #
#                        #
#                        #
#                        #
#                        #
##########################
[[ 2. 12.]
 [ 5. 11.]
 [ 9.  1.]
 [ 6.  6.]
 [ 6.  7.]
 [ 3. 12.]
 [ 6. 11.]
 [ 9.  1.]
 [ 6.  6.]
 [ 6.  7.]
 [ 4. 12.]
 [ 7. 11.]
 [ 9.  1.]
 [ 6.  6.]
 [ 6.  7.]
 [ 5. 12.]
 [ 8. 11.]
 [ 9.  1.]
 [ 6.  6.]
 [ 6.  7.]
 [ 6. 12.]
 [ 9. 11.]
 [ 9.  1.]
 [ 6.  6.]
 [ 6.  7.]
 [ 7. 12.]
 [10. 11.]
 [ 9.  1.]
 [ 6.  6.]
 [ 6.  7.]
 [ 8. 12.]
 [11. 11.]
 [ 9.  1.]
 [ 6.  6.]
 [ 6.  7.]
 [ 9. 12.]
 [12. 11.]
 [ 9.  1.]
 [ 6.  6.]
 [ 6.  7.]
 [10. 12.]
 [13. 11.]
 [ 9.  1.]
 [ 6.  6.]
 [ 6.  7.]
 [11. 12.]
 [14. 11.]
 [ 9.  1.]
 [ 6.  6.]
 [ 6.  7.]
 [12. 12.]
 [15. 11.]
 [ 9.  1.]
 [ 6.  6.]
 [ 6.  7.]
 [13. 12.]
 [16. 11.]
 [ 9.  1.]
 [ 6.  6.]
 [ 6.  7.]
 [14. 12.]
 [17. 11.]
 [ 9.  1.]
 [ 6.  6.]
 [ 6.  7.]
 [15. 12.]
 [17. 11.]
 [ 9.  1.]
 [ 6.  6.]
 [ 6.  7.]
 [16. 12.]
 [17. 11.]
 [ 9.  1.]
 [ 6.  6.]
 [ 6.  7.]
 [17. 11.]
 [17. 10.]
 [ 9.  1.]
 [ 6.  6.]
 [ 6.  7.]
 [17. 10.]
 [17.  9.]
 [ 9.  1.]
 [ 6.  6.]
 [ 6.  7.]
 [17.  9.]
 [17.  8.]
 [ 9.  1.]
 [ 6.  6.]
 [ 6.  7.]
 [17.  8.]
 [17.  7.]
 [ 9.  1.]
 [ 6.  6.]
 [ 6.  7.]
 [17.  7.]
 [17.  6.]
 [ 9.  1.]
 [ 6.  6.]
 [ 6.  7.]
 [17.  7.]
 [17.  6.]
 [ 9.  1.]
 [ 6.  6.]
 [ 6.  7.]
 [17.  6.]
 [17.  5.]
 [ 9.  1.]
 [ 6.  6.]
 [ 6.  7.]]
