Maze:
##########################
#                        #
#                        #
#                        #
#                        #
#                        #
#     ##############     #
#     #       D    #     #
#     #            #     #
#     #           B#     #
#     #            #     #
#     #            #     #
#     #     S      #     #
#     #            #     #
#     #            #     #
#     #            #     #
#     #   A        #     #
#     #            #     #
#     #C           #     #
#     ##############     #
#                        #
#                        #
#                        #
#                        #
#                        #
##########################
[[ 6.  6.]
 [ 4. 10.]
 [12.  3.]
 [ 1. 12.]
 [ 8.  1.]
 [ 6.  6.]
 [ 5. 10.]
 [12.  3.]
 [ 2. 12.]
 [ 9.  1.]
 [ 6.  6.]
 [ 6. 10.]
 [12.  3.]
 [ 3. 12.]
 [10.  2.]
 [ 6.  6.]
 [ 7. 10.]
 [12.  3.]
 [ 4. 12.]
 [11.  2.]
 [ 6.  6.]
 [ 8. 10.]
 [12.  3.]
 [ 5. 12.]
 [11.  2.]
 [ 6.  6.]
 [ 9. 10.]
 [12.  3.]
 [ 6. 12.]
 [11.  2.]
 [ 6.  6.]
 [10. 10.]
 [12.  3.]
 [ 7. 12.]
 [11.  2.]
 [ 6.  6.]
 [11. 10.]
 [12.  3.]
 [ 8. 12.]
 [11.  2.]
 [ 6.  6.]
 [12. 10.]
 [12.  3.]
 [ 9. 12.]
 [11.  2.]
 [ 6.  6.]
 [13. 10.]
 [12.  3.]
 [10. 12.]
 [11.  2.]
 [ 6.  6.]
 [14. 10.]
 [12.  3.]
 [11. 12.]
 [11.  2.]
 [ 6.  6.]
 [15. 10.]
 [12.  3.]
 [12. 12.]
 [11.  2.]
 [ 6.  6.]
 [16. 10.]
 [12.  3.]
 [13. 12.]
 [11.  2.]
 [ 6.  6.]
 [17. 10.]
 [12.  3.]
 [14. 12.]
 [11.  2.]
 [ 6.  6.]
 [17. 10.]
 [12.  3.]
 [15. 12.]
 [11.  2.]
 [ 6.  6.]
 [17.  9.]
 [12.  3.]
 [16. 11.]
 [11.  2.]
 [ 6.  6.]
 [17.  8.]
 [12.  3.]
 [17. 10.]
 [11.  2.]
 [ 6.  6.]
 [17.  7.]
 [12.  3.]
 [17.  9.]
 [11.  2.]
 [ 6.  6.]
 [17.  6.]
 [12.  3.]
 [17.  8.]
 [11.  2.]
 [ 6.  6.]
 [17.  5.]
 [11.  3.]
 [17.  7.]
 [12.  3.]
 [ 6.  6.]
 [17.  5.]
 [11.  3.]
 [17.  7.]
 [12.  3.]
 [ 6.  6.]
 [17.  4.]
 [10.  3.]
 [17.  6.]
 [11.  3.]]
