Maze:
##########################
#                        #
#                        #
#                        #
#                        #
#                        #
#     ##############     #
#     # A          #     #
#     #            #     #
#     #            #     #
#     #            #     #
#     #      D     #     #
#     #     S      #     #
#     #         C  #     #
#     #            #     #
#     #            #     #
#     #  B         #     #
#     #            #     #
#     #            #     #
#     ##############     #
#                        #
#                        #
#                        #
#                        #
#                        #
##########################
[[ 6.  6.]
 [ 2.  1.]
 [ 3. 10.]
 [10.  7.]
 [ 7.  5.]
 [ 6.  6.]
 [ 2.  0.]
 [ 3. 10.]
 [11.  7.]
 [ 8.  4.]
 [ 6.  6.]
 [ 2.  0.]
 [ 3. 10.]
 [12.  7.]
 [ 9.  4.]
 [ 6.  6.]
 [ 2.  0.]
 [ 4.  9.]
 [13.  7.]
 [10.  4.]
 [ 6.  6.]
 [ 2. -1.]
 [ 5.  8.]
 [14.  7.]
 [11.  5.]
 [ 6.  6.]
 [ 2. -1.]
 [ 5.  7.]
 [15.  7.]
 [12.  6.]
 [ 6.  6.]
 [ 2. -1.]
 [ 5.  7.]
 [16.  7.]
 [13.  6.]
 [ 6.  6.]
 [ 2. -1.]
 [ 5.  7.]
 [17.  7.]
 [14.  6.]
 [ 6.  6.]
 [ 2. -1.]
 [ 5.  7.]
 [17.  7.]
 [15.  6.]
 [ 6.  6.]
 [ 2. -2.]
 [ 5.  7.]
 [17.  7.]
 [16.  6.]
 [ 6.  6.]
 [ 2. -2.]
 [ 5.  7.]
 [17.  8.]
 [17.  7.]
 [ 6.  6.]
 [ 2. -2.]
 [ 5.  7.]
 [17.  9.]
 [17.  8.]
 [ 6.  6.]
 [ 2. -2.]
 [ 5.  7.]
 [17. 10.]
 [17.  9.]
 [ 6.  6.]
 [ 2. -2.]
 [ 5.  7.]
 [17. 11.]
 [17. 10.]
 [ 6.  6.]
 [ 2. -2.]
 [ 5.  7.]
 [17. 12.]
 [17. 11.]
 [ 6.  6.]
 [ 2. -2.]
 [ 5.  7.]
 [17. 13.]
 [17. 12.]
 [ 6.  6.]
 [ 2. -2.]
 [ 5.  7.]
 [17. 14.]
 [17. 13.]
 [ 6.  6.]
 [ 2. -2.]
 [ 5.  7.]
 [17. 15.]
 [17. 14.]
 [ 6.  6.]
 [ 2. -2.]
 [ 5.  7.]
 [17. 16.]
 [17. 15.]
 [ 6.  6.]
 [ 2. -2.]
 [ 5.  7.]
 [17. 17.]
 [17. 16.]
 [ 6.  6.]
 [ 2. -2.]
 [ 5.  7.]
 [17. 17.]
 [17. 16.]]
