Maze:
##########################
#                        #
#                        #
#                        #
#                        #
#                        #
#     ##############     #
#     #            #     #
#     #          S #     #
#     #            #     #
#     #            #     #
#     #            #     #
#     #     DC     #     #
#     #            #     #
#     #            #     #
#     #            #     #
#     #       A    #     #
#     #     B      #     #
#     #            #     #
#     ##############     #
#                        #
#                        #
#                        #
#                        #
#                        #
##########################
[[11.  2.]
 [ 8. 10.]
 [ 6. 11.]
 [ 7.  6.]
 [ 6.  6.]
 [11.  2.]
 [ 9. 10.]
 [ 5. 11.]
 [ 8.  6.]
 [ 6.  6.]
 [11.  2.]
 [10. 11.]
 [ 4. 11.]
 [ 9.  6.]
 [ 6.  6.]
 [11.  2.]
 [10. 12.]
 [ 4. 11.]
 [10.  7.]
 [ 6.  6.]
 [11.  2.]
 [10. 13.]
 [ 4. 11.]
 [11.  8.]
 [ 6.  6.]
 [11.  2.]
 [10. 14.]
 [ 4. 11.]
 [11.  9.]
 [ 6.  6.]
 [11.  2.]
 [10. 15.]
 [ 4. 11.]
 [11. 10.]
 [ 6.  6.]
 [11.  2.]
 [10. 16.]
 [ 4. 11.]
 [11. 11.]
 [ 6.  6.]
 [11.  2.]
 [10. 17.]
 [ 4. 11.]
 [11. 12.]
 [ 6.  6.]
 [11.  2.]
 [10. 17.]
 [ 4. 11.]
 [11. 13.]
 [ 6.  6.]
 [11.  2.]
 [10. 17.]
 [ 4. 11.]
 [11. 14.]
 [ 6.  6.]
 [11.  2.]
 [10. 17.]
 [ 4. 11.]
 [11. 15.]
 [ 6.  6.]
 [11.  2.]
 [10. 17.]
 [ 4. 11.]
 [11. 16.]
 [ 6.  6.]
 [11.  2.]
 [ 9. 17.]
 [ 4. 11.]
 [10. 17.]
 [ 6.  6.]
 [11.  2.]
 [ 8. 17.]
 [ 4. 11.]
 [ 9. 17.]
 [ 6.  6.]
 [11.  2.]
 [ 7. 17.]
 [ 4. 11.]
 [ 8. 17.]
 [ 6.  6.]
 [11.  2.]
 [ 6. 17.]
 [ 4. 10.]
 [ 7. 17.]
 [ 6.  6.]
 [11.  2.]
 [ 5. 17.]
 [ 4. 10.]
 [ 6. 17.]
 [ 6.  6.]
 [11.  2.]
 [ 4. 17.]
 [ 4.  9.]
 [ 5. 17.]
 [ 6.  6.]
 [11.  2.]
 [ 3. 17.]
 [ 4.  9.]
 [ 4. 17.]
 [ 6.  6.]
 [11.  2.]
 [ 3. 17.]
 [ 4.  9.]
 [ 4. 17.]
 [ 6.  6.]
 [11.  2.]
 [ 2. 17.]
 [ 4.  9.]
 [ 3. 17.]
 [ 6.  6.]]
