Maze:
##########################
#                        #
#                        #
#                        #
#                        #
#                        #
#     ##############     #
#     #   C        #     #
#     #            #     #
#     #            #     #
#     #            #     #
#     #            #     #
#     #     A      #     #
#     #      B     #     #
#     #            #     #
#     #            #     #
#     #           S#     #
#     #            #     #
#     #          D #     #
#     ##############     #
#                        #
#                        #
#                        #
#                        #
#                        #
##########################
[[12. 10.]
 [ 6.  6.]
 [ 7.  7.]
 [ 4.  1.]
 [11. 12.]
 [12. 11.]
 [ 6.  6.]
 [ 8.  8.]
 [ 4.  1.]
 [11. 13.]
 [12. 12.]
 [ 6.  6.]
 [ 9.  9.]
 [ 4.  1.]
 [11. 14.]
 [12. 13.]
 [ 6.  6.]
 [ 9. 10.]
 [ 4.  1.]
 [11. 15.]
 [12. 14.]
 [ 6.  6.]
 [ 9. 11.]
 [ 4.  1.]
 [11. 16.]
 [12. 15.]
 [ 6.  6.]
 [ 9. 12.]
 [ 4.  1.]
 [11. 17.]
 [12. 16.]
 [ 6.  6.]
 [ 9. 13.]
 [ 4.  1.]
 [11. 17.]
 [11. 17.]
 [ 6.  6.]
 [ 9. 14.]
 [ 4.  1.]
 [10. 17.]
 [10. 17.]
 [ 6.  6.]
 [ 9. 15.]
 [ 4.  1.]
 [ 9. 17.]
 [ 9. 17.]
 [ 6.  6.]
 [ 9. 16.]
 [ 4.  1.]
 [ 8. 17.]
 [ 8. 17.]
 [ 6.  6.]
 [ 8. 16.]
 [ 4.  1.]
 [ 7. 17.]
 [ 7. 17.]
 [ 6.  6.]
 [ 7. 16.]
 [ 4.  1.]
 [ 6. 17.]
 [ 6. 17.]
 [ 6.  6.]
 [ 6. 16.]
 [ 4.  1.]
 [ 5. 17.]
 [ 5. 17.]
 [ 6.  6.]
 [ 5. 16.]
 [ 4.  1.]
 [ 4. 17.]
 [ 4. 17.]
 [ 6.  6.]
 [ 4. 16.]
 [ 4.  1.]
 [ 3. 17.]
 [ 3. 17.]
 [ 6.  6.]
 [ 3. 16.]
 [ 4.  1.]
 [ 2. 17.]
 [ 2. 17.]
 [ 6.  6.]
 [ 2. 16.]
 [ 4.  1.]
 [ 1. 17.]
 [ 1. 17.]
 [ 6.  6.]
 [ 1. 16.]
 [ 4.  1.]
 [ 0. 17.]
 [ 0. 17.]
 [ 6.  6.]
 [ 0. 16.]
 [ 4.  1.]
 [-1. 17.]
 [-1. 17.]
 [ 6.  6.]
 [-1. 16.]
 [ 4.  1.]
 [-2. 17.]
 [-1. 17.]
 [ 6.  6.]
 [-1. 16.]
 [ 4.  1.]
 [-2. 17.]
 [-2. 17.]
 [ 6.  6.]
 [-2. 16.]
 [ 4.  1.]
 [-3. 17.]]
