Maze:
##########################
#                        #
#                        #
#                        #
#                        #
#                        #
#     ##############     #
#     #            #     #
#     #            #     #
#     #            #     #
#     #   S        #     #
#     #            #     #
#     #     C      #     #
#     #            #     #
#     #           D#     #
#     #  A         #     #
#     #            #     #
#     #            #     #
#     #        B   #     #
#     ##############     #
#                        #
#                        #
#                        #
#                        #
#                        #
##########################
[[ 4.  4.]
 [ 3.  9.]
 [ 9. 12.]
 [ 6.  6.]
 [12.  8.]
 [ 5.  4.]
 [ 4.  8.]
 [10. 11.]
 [ 6.  6.]
 [13.  8.]
 [ 6.  5.]
 [ 5.  7.]
 [11. 10.]
 [ 6.  6.]
 [14.  8.]
 [ 6.  5.]
 [ 5.  7.]
 [12. 10.]
 [ 6.  6.]
 [15.  8.]
 [ 6.  5.]
 [ 5.  7.]
 [13. 10.]
 [ 6.  6.]
 [16.  8.]
 [ 6.  5.]
 [ 5.  7.]
 [14. 10.]
 [ 6.  6.]
 [17.  8.]
 [ 6.  5.]
 [ 5.  7.]
 [15. 10.]
 [ 6.  6.]
 [17.  8.]
 [ 6.  5.]
 [ 5.  7.]
 [16.  9.]
 [ 6.  6.]
 [17.  7.]
 [ 6.  5.]
 [ 5.  7.]
 [16.  8.]
 [ 6.  6.]
 [17.  6.]
 [ 6.  5.]
 [ 5.  7.]
 [16.  7.]
 [ 6.  6.]
 [17.  5.]
 [ 6.  5.]
 [ 5.  7.]
 [16.  6.]
 [ 6.  6.]
 [17.  4.]
 [ 6.  5.]
 [ 5.  7.]
 [16.  5.]
 [ 6.  6.]
 [17.  3.]
 [ 6.  5.]
 [ 5.  7.]
 [16.  4.]
 [ 6.  6.]
 [17.  2.]
 [ 6.  5.]
 [ 5.  7.]
 [16.  3.]
 [ 6.  6.]
 [17.  1.]
 [ 6.  5.]
 [ 5.  7.]
 [16.  2.]
 [ 6.  6.]
 [17.  0.]
 [ 6.  5.]
 [ 5.  7.]
 [16.  1.]
 [ 6.  6.]
 [17. -1.]
 [ 6.  5.]
 [ 5.  7.]
 [16.  0.]
 [ 6.  6.]
 [17. -2.]
 [ 6.  5.]
 [ 5.  7.]
 [16. -1.]
 [ 6.  6.]
 [17. -3.]
 [ 6.  5.]
 [ 5.  7.]
 [16. -2.]
 [ 6.  6.]
 [17. -4.]
 [ 6.  5.]
 [ 5.  7.]
 [16. -3.]
 [ 6.  6.]
 [17. -5.]
 [ 6.  5.]
 [ 5.  7.]
 [16. -3.]
 [ 6.  6.]
 [17. -5.]
 [ 6.  5.]
 [ 5.  7.]
 [16. -4.]
 [ 6.  6.]
 [17. -5.]]
