Maze:
##########################
#                        #
#                        #
#                        #
#                        #
#                        #
#     ##############     #
#     #     B      #     #
#     #            #     #
#     #            #     #
#     #         D  #     #
#     #       C    #     #
#     #     A     S#     #
#     #            #     #
#     #            #     #
#     #            #     #
#     #            #     #
#     #            #     #
#     #            #     #
#     ##############     #
#                        #
#                        #
#                        #
#                        #
#                        #
##########################
[[12.  6.]
 [ 6.  6.]
 [ 6.  1.]
 [ 8.  5.]
 [10.  4.]
 [11.  5.]
 [ 6.  6.]
 [ 7.  1.]
 [ 9.  4.]
 [11.  3.]
 [11.  4.]
 [ 6.  6.]
 [ 8.  1.]
 [10.  4.]
 [12.  2.]
 [10.  4.]
 [ 6.  6.]
 [ 9.  1.]
 [11.  4.]
 [13.  1.]
 [11.  4.]
 [ 6.  6.]
 [10.  0.]
 [10.  4.]
 [14.  1.]
 [10.  4.]
 [ 6.  6.]
 [11.  0.]
 [11.  4.]
 [15.  1.]
 [11.  4.]
 [ 6.  6.]
 [12.  0.]
 [10.  4.]
 [16.  1.]
 [10.  4.]
 [ 6.  6.]
 [13.  0.]
 [11.  4.]
 [17.  1.]
 [11.  4.]
 [ 6.  6.]
 [14.  0.]
 [10.  4.]
 [17.  1.]
 [10.  4.]
 [ 6.  6.]
 [15.  0.]
 [11.  4.]
 [17.  1.]
 [11.  4.]
 [ 6.  6.]
 [16.  0.]
 [10.  4.]
 [17.  1.]
 [10.  4.]
 [ 6.  6.]
 [17.  1.]
 [11.  4.]
 [17.  2.]
 [11.  4.]
 [ 6.  6.]
 [17.  2.]
 [10.  4.]
 [17.  3.]
 [10.  4.]
 [ 6.  6.]
 [17.  3.]
 [11.  4.]
 [17.  4.]
 [11.  4.]
 [ 6.  6.]
 [17.  4.]
 [10.  4.]
 [17.  5.]
 [10.  4.]
 [ 6.  6.]
 [17.  5.]
 [11.  4.]
 [17.  6.]
 [11.  4.]
 [ 6.  6.]
 [17.  6.]
 [10.  4.]
 [17.  7.]
 [10.  4.]
 [ 6.  6.]
 [17.  7.]
 [11.  4.]
 [17.  8.]
 [11.  4.]
 [ 6.  6.]
 [17.  8.]
 [10.  4.]
 [17.  9.]
 [10.  4.]
 [ 6.  6.]
 [17.  9.]
 [11.  4.]
 [17. 10.]
 [10.  4.]
 [ 6.  6.]
 [17.  9.]
 [11.  4.]
 [17. 10.]
 [11.  4.]
 [ 6.  6.]
 [17. 10.]
 [10.  4.]
 [17. 11.]]
