Maze:
##########################
#                        #
#                        #
#                        #
#                        #
#                        #
#     ##############     #
#     #            #     #
#     #            #     #
#     #            #     #
#     #   D        #     #
#     #     B      #     #
#     #     C  S   #     #
#     #            #     #
#     #           A#     #
#     #            #     #
#     #            #     #
#     #            #     #
#     #            #     #
#     ##############     #
#                        #
#                        #
#                        #
#                        #
#                        #
##########################
[[ 9.  6.]
 [12.  8.]
 [ 6.  5.]
 [ 6.  6.]
 [ 4.  4.]
 [ 8.  6.]
 [12.  8.]
 [ 5.  5.]
 [ 6.  6.]
 [ 3.  4.]
 [ 7.  6.]
 [12.  8.]
 [ 4.  5.]
 [ 6.  6.]
 [ 2.  4.]
 [ 7.  6.]
 [12.  8.]
 [ 3.  5.]
 [ 6.  6.]
 [ 1.  4.]
 [ 7.  6.]
 [12.  8.]
 [ 2.  5.]
 [ 6.  6.]
 [ 0.  4.]
 [ 7.  6.]
 [12.  8.]
 [ 1.  5.]
 [ 6.  6.]
 [-1.  4.]
 [ 7.  6.]
 [12.  8.]
 [ 0.  5.]
 [ 6.  6.]
 [-2.  4.]
 [ 7.  6.]
 [12.  8.]
 [-1.  5.]
 [ 6.  6.]
 [-3.  4.]
 [ 7.  6.]
 [12.  8.]
 [-2.  5.]
 [ 6.  6.]
 [-4.  4.]
 [ 7.  6.]
 [12.  8.]
 [-3.  5.]
 [ 6.  6.]
 [-5.  4.]
 [ 7.  6.]
 [12.  8.]
 [-4.  5.]
 [ 6.  6.]
 [-5.  4.]
 [ 7.  6.]
 [12.  8.]
 [-5.  4.]
 [ 6.  6.]
 [-5.  3.]
 [ 7.  6.]
 [12.  8.]
 [-5.  3.]
 [ 6.  6.]
 [-5.  2.]
 [ 7.  6.]
 [12.  8.]
 [-5.  2.]
 [ 6.  6.]
 [-5.  1.]
 [ 7.  6.]
 [12.  8.]
 [-5.  1.]
 [ 6.  6.]
 [-5.  0.]
 [ 7.  6.]
 [12.  8.]
 [-5.  0.]
 [ 6.  6.]
 [-5. -1.]
 [ 7.  6.]
 [12.  8.]
 [-5. -1.]
 [ 6.  6.]
 [-5. -2.]
 [ 7.  6.]
 [12.  8.]
 [-5. -2.]
 [ 6.  6.]
 [-5. -3.]
 [ 7.  6.]
 [12.  8.]
 [-5. -3.]
 [ 6.  6.]
 [-5. -4.]
 [ 7.  6.]
 [12.  8.]
 [-5. -4.]
 [ 6.  6.]
 [-5. -5.]
 [ 7.  6.]
 [12.  8.]
 [-5. -4.]
 [ 6.  6.]
 [-5. -5.]]
