Maze:
##########################
#                        #
#                        #
#                        #
#                        #
#                        #
#     ##############     #
#     #   C        #     #
#     #            #     #
#     #            #     #
#     #            #     #
#     #D           #     #
#     #     B      #     #
#     #            #     #
#     #         S  #     #
#     #            #     #
#     #            #     #
#     #            #     #
#     #          A #     #
#     ##############     #
#                        #
#                        #
#                        #
#                        #
#                        #
##########################
[[10.  8.]
 [11. 12.]
 [ 6.  6.]
 [ 4.  1.]
 [ 1.  5.]
 [10.  7.]
 [11. 12.]
 [ 6.  6.]
 [ 5.  2.]
 [ 1.  5.]
 [10.  6.]
 [11. 12.]
 [ 6.  6.]
 [ 6.  3.]
 [ 1.  5.]
 [10.  5.]
 [11. 12.]
 [ 6.  6.]
 [ 6.  4.]
 [ 1.  5.]
 [ 9.  4.]
 [11. 12.]
 [ 6.  6.]
 [ 6.  5.]
 [ 1.  5.]
 [ 8.  4.]
 [11. 12.]
 [ 6.  6.]
 [ 6.  5.]
 [ 1.  5.]
 [ 7.  4.]
 [11. 12.]
 [ 6.  6.]
 [ 6.  5.]
 [ 1.  5.]
 [ 6.  5.]
 [11. 12.]
 [ 6.  6.]
 [ 7.  6.]
 [ 0.  5.]
 [ 7.  5.]
 [11. 12.]
 [ 6.  6.]
 [ 7.  6.]
 [ 0.  5.]
 [ 7.  6.]
 [11. 12.]
 [ 6.  6.]
 [ 6.  5.]
 [ 0.  5.]
 [ 7.  5.]
 [11. 12.]
 [ 6.  6.]
 [ 6.  5.]
 [ 0.  5.]
 [ 6.  5.]
 [11. 12.]
 [ 6.  6.]
 [ 7.  6.]
 [ 0.  5.]
 [ 7.  5.]
 [11. 12.]
 [ 6.  6.]
 [ 7.  6.]
 [ 0.  5.]
 [ 7.  6.]
 [11. 12.]
 [ 6.  6.]
 [ 6.  5.]
 [ 0.  5.]
 [ 7.  5.]
 [11. 12.]
 [ 6.  6.]
 [ 6.  5.]
 [ 0.  5.]
 [ 6.  5.]
 [11. 12.]
 [ 6.  6.]
 [ 7.  6.]
 [ 0.  5.]
 [ 7.  5.]
 [11. 12.]
 [ 6.  6.]
 [ 7.  6.]
 [ 0.  5.]
 [ 7.  6.]
 [11. 12.]
 [ 6.  6.]
 [ 6.  5.]
 [ 0.  5.]
 [ 7.  5.]
 [11. 12.]
 [ 6.  6.]
 [ 6.  5.]
 [ 0.  5.]
 [ 6.  5.]
 [11. 12.]
 [ 6.  6.]
 [ 7.  6.]
 [ 0.  5.]
 [ 6.  5.]
 [11. 12.]
 [ 6.  6.]
 [ 7.  6.]
 [ 0.  5.]
 [ 7.  5.]
 [11. 12.]
 [ 6.  6.]
 [ 7.  6.]
 [ 0.  5.]]
