Maze:
##########################
#                        #
#                        #
#                        #
#                        #
#                        #
#     ##############     #
#     #            #     #
#     #            #     #
#     #            #     #
#     #   C        #     #
#     #            #     #
#     #     A      #     #
#     #            #     #
#     #            #     #
#     #      S     #     #
#     #    B       #     #
#     #     D      #     #
#     #            #     #
#     ##############     #
#                        #
#                        #
#                        #
#                        #
#                        #
##########################
[[ 7.  9.]
 [ 6.  6.]
 [ 5. 10.]
 [ 4.  4.]
 [ 6. 11.]
 [ 7. 10.]
 [ 6.  6.]
 [ 6. 11.]
 [ 3.  4.]
 [ 6. 12.]
 [ 8. 11.]
 [ 6.  6.]
 [ 6. 12.]
 [ 3.  4.]
 [ 6. 13.]
 [ 8. 12.]
 [ 6.  6.]
 [ 6. 13.]
 [ 3.  4.]
 [ 6. 14.]
 [ 8. 13.]
 [ 6.  6.]
 [ 6. 14.]
 [ 2.  4.]
 [ 6. 15.]
 [ 8. 14.]
 [ 6.  6.]
 [ 6. 15.]
 [ 2.  4.]
 [ 6. 16.]
 [ 8. 15.]
 [ 6.  6.]
 [ 6. 16.]
 [ 2.  4.]
 [ 6. 17.]
 [ 8. 16.]
 [ 6.  6.]
 [ 6. 16.]
 [ 2.  4.]
 [ 6. 17.]
 [ 7. 17.]
 [ 6.  6.]
 [ 6. 16.]
 [ 2.  4.]
 [ 6. 17.]
 [ 7. 17.]
 [ 6.  6.]
 [ 6. 16.]
 [ 2.  4.]
 [ 5. 17.]
 [ 7. 17.]
 [ 6.  6.]
 [ 5. 16.]
 [ 2.  4.]
 [ 4. 17.]
 [ 7. 17.]
 [ 6.  6.]
 [ 4. 17.]
 [ 2.  4.]
 [ 3. 17.]
 [ 7. 17.]
 [ 6.  6.]
 [ 3. 17.]
 [ 2.  4.]
 [ 2. 17.]
 [ 7. 17.]
 [ 6.  6.]
 [ 2. 17.]
 [ 2.  4.]
 [ 1. 17.]
 [ 7. 17.]
 [ 6.  6.]
 [ 1. 17.]
 [ 2.  4.]
 [ 0. 17.]
 [ 7. 17.]
 [ 6.  6.]
 [ 0. 17.]
 [ 2.  4.]
 [-1. 17.]
 [ 7. 17.]
 [ 6.  6.]
 [-1. 17.]
 [ 2.  4.]
 [-2. 17.]
 [ 7. 17.]
 [ 6.  6.]
 [-2. 17.]
 [ 2.  4.]
 [-3. 17.]
 [ 7. 17.]
 [ 6.  6.]
 [-3. 17.]
 [ 1.  4.]
 [-4. 17.]
 [ 7. 17.]
 [ 6.  6.]
 [-4. 17.]
 [ 1.  4.]
 [-5. 17.]
 [ 7. 17.]
 [ 6.  6.]
 [-4. 17.]
 [ 1.  4.]
 [-5. 17.]]
