Maze:
##########################
#                        #
#                        #
#                        #
#                        #
#                        #
#     ##############     #
#     #            #     #
#     #  S         #     #
#     #            #     #
#     #C           #     #
#     #            #     #
#     #     A      #     #
#     #            #     #
#     #            #     #
#     #            #     #
#     #            #     #
#     #           B#     #
#     #      D     #     #
#     ##############     #
#                        #
#                        #
#                        #
#                        #
#                        #
##########################
[[ 3.  2.]
 [ 6.  6.]
 [12. 11.]
 [ 1.  4.]
 [ 7. 12.]
 [ 2.  2.]
 [ 6.  6.]
 [11. 11.]
 [ 2.  3.]
 [ 7. 13.]
 [ 2.  3.]
 [ 6.  6.]
 [10. 12.]
 [ 2.  2.]
 [ 7. 14.]
 [ 2.  2.]
 [ 6.  6.]
 [ 9. 13.]
 [ 2.  3.]
 [ 7. 15.]
 [ 2.  3.]
 [ 6.  6.]
 [ 8. 14.]
 [ 2.  2.]
 [ 6. 16.]
 [ 2.  2.]
 [ 6.  6.]
 [ 7. 15.]
 [ 2.  3.]
 [ 5. 17.]
 [ 2.  3.]
 [ 6.  6.]
 [ 6. 16.]
 [ 2.  2.]
 [ 4. 17.]
 [ 2.  2.]
 [ 6.  6.]
 [ 5. 16.]
 [ 2.  3.]
 [ 3. 17.]
 [ 2.  3.]
 [ 6.  6.]
 [ 4. 16.]
 [ 2.  2.]
 [ 2. 17.]
 [ 2.  2.]
 [ 6.  6.]
 [ 3. 16.]
 [ 2.  3.]
 [ 1. 17.]
 [ 2.  3.]
 [ 6.  6.]
 [ 2. 16.]
 [ 2.  2.]
 [ 0. 17.]
 [ 2.  2.]
 [ 6.  6.]
 [ 1. 16.]
 [ 2.  3.]
 [-1. 17.]
 [ 2.  3.]
 [ 6.  6.]
 [ 0. 16.]
 [ 2.  2.]
 [-2. 17.]
 [ 2.  2.]
 [ 6.  6.]
 [-1. 16.]
 [ 2.  3.]
 [-3. 17.]
 [ 2.  3.]
 [ 6.  6.]
 [-2. 16.]
 [ 2.  2.]
 [-4. 17.]
 [ 2.  2.]
 [ 6.  6.]
 [-3. 16.]
 [ 2.  3.]
 [-5. 17.]
 [ 2.  3.]
 [ 6.  6.]
 [-4. 16.]
 [ 2.  2.]
 [-5. 17.]
 [ 2.  2.]
 [ 6.  6.]
 [-4. 16.]
 [ 2.  3.]
 [-5. 17.]
 [ 2.  3.]
 [ 6.  6.]
 [-4. 16.]
 [ 2.  2.]
 [-5. 17.]]
