Maze:
##########################
#                        #
#                        #
#                        #
#                        #
#                        #
#     ##############     #
#     #           D#     #
#     #            #     #
#     #            #     #
#     #            #     #
#     #       A    #     #
#     #     S      #     #
#     #            #     #
#     #            #     #
#     # B          #     #
#     #            #     #
#     #     C      #     #
#     #            #     #
#     ##############     #
#                        #
#                        #
#                        #
#                        #
#                        #
##########################
[[ 6.  6.]
 [ 8.  5.]
 [ 2.  9.]
 [ 6. 11.]
 [12.  1.]
 [ 6.  6.]
 [ 8.  6.]
 [ 2. 10.]
 [ 5. 10.]
 [13.  0.]
 [ 6.  6.]
 [ 8.  7.]
 [ 2. 10.]
 [ 4. 10.]
 [13.  0.]
 [ 6.  6.]
 [ 7.  7.]
 [ 2. 10.]
 [ 4. 10.]
 [13.  0.]
 [ 6.  6.]
 [ 6.  8.]
 [ 2. 10.]
 [ 4. 10.]
 [13.  0.]
 [ 6.  6.]
 [ 5.  9.]
 [ 2. 11.]
 [ 3. 10.]
 [13.  0.]
 [ 6.  6.]
 [ 4.  9.]
 [ 2. 10.]
 [ 2. 11.]
 [13.  0.]
 [ 6.  6.]
 [ 3. 10.]
 [ 2. 11.]
 [ 2. 10.]
 [13.  0.]
 [ 6.  6.]
 [ 2. 10.]
 [ 1. 11.]
 [ 2. 11.]
 [13.  0.]
 [ 6.  6.]
 [ 2. 11.]
 [ 1. 12.]
 [ 1. 11.]
 [13.  0.]
 [ 6.  6.]
 [ 1. 11.]
 [ 0. 12.]
 [ 1. 12.]
 [13.  0.]
 [ 6.  6.]
 [ 1. 12.]
 [ 0. 13.]
 [ 0. 12.]
 [13.  0.]
 [ 6.  6.]
 [ 0. 12.]
 [-1. 13.]
 [ 0. 13.]
 [13.  0.]
 [ 6.  6.]
 [ 0. 13.]
 [-1. 14.]
 [-1. 13.]
 [13.  0.]
 [ 6.  6.]
 [-1. 13.]
 [-2. 14.]
 [-1. 14.]
 [13.  0.]
 [ 6.  6.]
 [-1. 14.]
 [-2. 15.]
 [-2. 14.]
 [13.  0.]
 [ 6.  6.]
 [-2. 14.]
 [-3. 15.]
 [-2. 15.]
 [13.  0.]
 [ 6.  6.]
 [-2. 15.]
 [-3. 16.]
 [-3. 15.]
 [13.  0.]
 [ 6.  6.]
 [-3. 15.]
 [-4. 16.]
 [-3. 16.]
 [13.  0.]
 [ 6.  6.]
 [-3. 16.]
 [-4. 17.]
 [-4. 16.]
 [13.  0.]
 [ 6.  6.]
 [-3. 16.]
 [-4. 17.]
 [-4. 16.]
 [13.  0.]
 [ 6.  6.]
 [-4. 16.]
 [-5. 17.]
 [-4. 17.]
 [13.  0.]]
