Maze:
##########################
#                        #
#                        #
#                        #
#                        #
#                        #
#     ##############     #
#     #         B  #     #
#     #            #     #
#     #            #     #
#     # S          #     #
#     #            #     #
#     #  C  A      #     #
#     #        D   #     #
#     #            #     #
#     #            #     #
#     #            #     #
#     #            #     #
#     #            #     #
#     ##############     #
#                        #
#                        #
#                        #
#                        #
#                        #
##########################
[[ 2.  4.]
 [ 6.  6.]
 [10.  1.]
 [ 3.  6.]
 [ 9.  7.]
 [ 2.  4.]
 [ 6.  6.]
 [10.  1.]
 [ 3.  6.]
 [10.  7.]
 [ 2.  4.]
 [ 6.  6.]
 [10.  1.]
 [ 3.  6.]
 [11.  7.]
 [ 2.  4.]
 [ 6.  6.]
 [11.  1.]
 [ 3.  6.]
 [12.  7.]
 [ 2.  4.]
 [ 6.  6.]
 [11.  1.]
 [ 3.  6.]
 [13.  7.]
 [ 2.  4.]
 [ 6.  6.]
 [12.  1.]
 [ 3.  6.]
 [14.  7.]
 [ 2.  4.]
 [ 6.  6.]
 [13.  1.]
 [ 3.  6.]
 [15.  7.]
 [ 2.  4.]
 [ 6.  6.]
 [13.  2.]
 [ 3.  6.]
 [15.  7.]
 [ 2.  4.]
 [ 6.  6.]
 [14.  3.]
 [ 3.  6.]
 [15.  7.]
 [ 2.  4.]
 [ 6.  6.]
 [14.  4.]
 [ 3.  6.]
 [15.  7.]
 [ 2.  4.]
 [ 6.  6.]
 [14.  5.]
 [ 3.  6.]
 [16.  8.]
 [ 2.  4.]
 [ 6.  6.]
 [15.  6.]
 [ 3.  6.]
 [17.  9.]
 [ 2.  4.]
 [ 6.  6.]
 [16.  7.]
 [ 3.  6.]
 [17. 10.]
 [ 2.  4.]
 [ 6.  6.]
 [16.  8.]
 [ 3.  6.]
 [17. 11.]
 [ 2.  4.]
 [ 6.  6.]
 [16.  9.]
 [ 3.  6.]
 [17. 12.]
 [ 2.  4.]
 [ 6.  6.]
 [16. 10.]
 [ 3.  6.]
 [17. 13.]
 [ 2.  4.]
 [ 6.  6.]
 [16. 11.]
 [ 3.  6.]
 [17. 14.]
 [ 2.  4.]
 [ 6.  6.]
 [16. 12.]
 [ 3.  6.]
 [17. 15.]
 [ 2.  4.]
 [ 6.  6.]
 [16. 13.]
 [ 3.  6.]
 [17. 16.]
 [ 2.  4.]
 [ 6.  6.]
 [16. 14.]
 [ 3.  6.]
 [17. 17.]
 [ 2.  4.]
 [ 6.  6.]
 [16. 14.]
 [ 3.  6.]
 [17. 17.]
 [ 2.  4.]
 [ 6.  6.]
 [16. 15.]
 [ 3.  6.]
 [17. 17.]]
