Maze:
##########################
#                        #
#                        #
#                        #
#                        #
#                        #
#     ##############     #
#     #            #     #
#     #  C         #     #
#     #            #     #
#     #            #     #
#     #            #     #
#     #     A      #     #
#     #    D       #     #
#     #            #     #
#     #            #     #
#     #B           #     #
#     #S           #     #
#     #            #     #
#     ##############     #
#                        #
#                        #
#                        #
#                        #
#                        #
##########################
[[ 1. 11.]
 [ 6.  6.]
 [ 1. 10.]
 [ 3.  2.]
 [ 5.  7.]
 [ 1. 12.]
 [ 6.  6.]
 [ 1.  9.]
 [ 2.  2.]
 [ 4.  8.]
 [ 1. 12.]
 [ 6.  6.]
 [ 2.  8.]
 [ 2.  2.]
 [ 3.  9.]
 [ 1. 12.]
 [ 6.  6.]
 [ 3.  9.]
 [ 2.  2.]
 [ 3. 10.]
 [ 1. 12.]
 [ 6.  6.]
 [ 3. 10.]
 [ 2.  2.]
 [ 3. 11.]
 [ 2. 12.]
 [ 6.  6.]
 [ 3. 11.]
 [ 2.  2.]
 [ 3. 12.]
 [ 2. 12.]
 [ 6.  6.]
 [ 3. 11.]
 [ 2.  2.]
 [ 4. 13.]
 [ 2. 13.]
 [ 6.  6.]
 [ 4. 11.]
 [ 2.  2.]
 [ 5. 14.]
 [ 2. 14.]
 [ 6.  6.]
 [ 5. 12.]
 [ 2.  2.]
 [ 5. 15.]
 [ 3. 15.]
 [ 6.  6.]
 [ 5. 13.]
 [ 2.  2.]
 [ 5. 16.]
 [ 4. 16.]
 [ 6.  6.]
 [ 5. 14.]
 [ 2.  2.]
 [ 6. 17.]
 [ 5. 17.]
 [ 6.  6.]
 [ 6. 14.]
 [ 2.  2.]
 [ 7. 17.]
 [ 6. 17.]
 [ 6.  6.]
 [ 7. 15.]
 [ 2.  2.]
 [ 8. 17.]
 [ 7. 17.]
 [ 6.  6.]
 [ 8. 16.]
 [ 2.  2.]
 [ 9. 17.]
 [ 7. 17.]
 [ 6.  6.]
 [ 9. 16.]
 [ 2.  2.]
 [10. 17.]
 [ 7. 17.]
 [ 6.  6.]
 [10. 17.]
 [ 2.  2.]
 [11. 17.]
 [ 7. 17.]
 [ 6.  6.]
 [11. 17.]
 [ 2.  2.]
 [12. 17.]
 [ 7. 17.]
 [ 6.  6.]
 [12. 17.]
 [ 2.  2.]
 [13. 17.]
 [ 7. 17.]
 [ 6.  6.]
 [13. 17.]
 [ 2.  2.]
 [14. 17.]
 [ 7. 17.]
 [ 6.  6.]
 [14. 17.]
 [ 2.  2.]
 [15. 17.]
 [ 7. 17.]
 [ 6.  6.]
 [14. 17.]
 [ 2.  2.]
 [15. 17.]
 [ 7. 17.]
 [ 6.  6.]
 [15. 17.]
 [ 2.  2.]
 [16. 17.]]
