Maze:
##########################
#                        #
#                        #
#                        #
#                        #
#                        #
#     ##############     #
#     #            #     #
#     # B          #     #
#     #            #     #
#     #            #     #
#     #          D #     #
#     #     A   S  #     #
#     #            #     #
#     #            #     #
#     #       C    #     #
#     #            #     #
#     #            #     #
#     #            #     #
#     ##############     #
#                        #
#                        #
#                        #
#                        #
#                        #
##########################
[[10.  6.]
 [ 6.  6.]
 [ 2.  2.]
 [ 8.  9.]
 [11.  5.]
 [11.  5.]
 [ 6.  6.]
 [ 2.  2.]
 [ 9.  8.]
 [12.  4.]
 [12.  4.]
 [ 6.  6.]
 [ 2.  2.]
 [10.  7.]
 [13.  3.]
 [13.  3.]
 [ 6.  6.]
 [ 2.  2.]
 [11.  6.]
 [14.  2.]
 [14.  2.]
 [ 6.  6.]
 [ 2.  2.]
 [12.  5.]
 [15.  1.]
 [15.  1.]
 [ 6.  6.]
 [ 2.  2.]
 [13.  4.]
 [16.  0.]
 [16.  0.]
 [ 6.  6.]
 [ 2.  2.]
 [14.  3.]
 [17. -1.]
 [17. -1.]
 [ 6.  6.]
 [ 2.  2.]
 [15.  2.]
 [17. -2.]
 [17. -2.]
 [ 6.  6.]
 [ 2.  2.]
 [16.  1.]
 [17. -3.]
 [17. -3.]
 [ 6.  6.]
 [ 2.  2.]
 [16.  0.]
 [17. -4.]
 [17. -4.]
 [ 6.  6.]
 [ 2.  2.]
 [16. -1.]
 [17. -5.]
 [17. -4.]
 [ 6.  6.]
 [ 2.  2.]
 [16. -2.]
 [17. -5.]
 [17. -4.]
 [ 6.  6.]
 [ 2.  2.]
 [16. -3.]
 [17. -5.]
 [16. -5.]
 [ 6.  6.]
 [ 2.  2.]
 [17. -4.]
 [17. -5.]
 [16. -5.]
 [ 6.  6.]
 [ 2.  2.]
 [16. -4.]
 [17. -5.]
 [17. -4.]
 [ 6.  6.]
 [ 2.  2.]
 [16. -5.]
 [17. -5.]
 [17. -4.]
 [ 6.  6.]
 [ 2.  2.]
 [16. -4.]
 [17. -5.]
 [16. -5.]
 [ 6.  6.]
 [ 2.  2.]
 [17. -4.]
 [17. -5.]
 [16. -5.]
 [ 6.  6.]
 [ 2.  2.]
 [16. -4.]
 [17. -5.]
 [17. -4.]
 [ 6.  6.]
 [ 2.  2.]
 [16. -5.]
 [17. -5.]
 [17. -4.]
 [ 6.  6.]
 [ 2.  2.]
 [16. -5.]
 [17. -5.]
 [17. -4.]
 [ 6.  6.]
 [ 2.  2.]
 [16. -4.]
 [17. -5.]]
