Maze:
##########################
#                        #
#                        #
#                        #
#                        #
#                        #
#     ##############     #
#     # C          #     #
#     #            #     #
#     #            #     #
#     #       A    #     #
#     #            #     #
#     #D    B      #     #
#     #            #     #
#     #            #     #
#     #            #     #
#     #            #     #
#     #  S         #     #
#     #            #     #
#     ##############     #
#                        #
#                        #
#                        #
#                        #
#                        #
##########################
[[ 3. 11.]
 [ 8.  4.]
 [ 6.  6.]
 [ 2.  1.]
 [ 1.  6.]
 [ 3. 11.]
 [ 7.  5.]
 [ 6.  6.]
 [ 2.  0.]
 [ 1.  5.]
 [ 3. 11.]
 [ 7.  5.]
 [ 6.  6.]
 [ 2. -1.]
 [ 1.  4.]
 [ 3. 11.]
 [ 7.  5.]
 [ 6.  6.]
 [ 2. -2.]
 [ 1.  3.]
 [ 3. 11.]
 [ 7.  5.]
 [ 6.  6.]
 [ 2. -3.]
 [ 1.  2.]
 [ 3. 11.]
 [ 7.  5.]
 [ 6.  6.]
 [ 2. -4.]
 [ 1.  1.]
 [ 3. 11.]
 [ 7.  5.]
 [ 6.  6.]
 [ 2. -5.]
 [ 1.  0.]
 [ 3. 11.]
 [ 7.  5.]
 [ 6.  6.]
 [ 2. -5.]
 [ 1. -1.]
 [ 3. 11.]
 [ 7.  5.]
 [ 6.  6.]
 [ 2. -5.]
 [ 1. -2.]
 [ 3. 11.]
 [ 7.  5.]
 [ 6.  6.]
 [ 2. -5.]
 [ 1. -3.]
 [ 3. 11.]
 [ 7.  5.]
 [ 6.  6.]
 [ 2. -5.]
 [ 1. -4.]
 [ 3. 11.]
 [ 7.  5.]
 [ 6.  6.]
 [ 3. -5.]
 [ 2. -5.]
 [ 3. 11.]
 [ 7.  5.]
 [ 6.  6.]
 [ 4. -5.]
 [ 3. -5.]
 [ 3. 11.]
 [ 7.  5.]
 [ 6.  6.]
 [ 5. -5.]
 [ 4. -5.]
 [ 3. 11.]
 [ 7.  5.]
 [ 6.  6.]
 [ 6. -5.]
 [ 5. -5.]
 [ 3. 11.]
 [ 7.  5.]
 [ 6.  6.]
 [ 7. -5.]
 [ 6. -5.]
 [ 3. 11.]
 [ 7.  5.]
 [ 6.  6.]
 [ 8. -5.]
 [ 7. -5.]
 [ 3. 11.]
 [ 7.  5.]
 [ 6.  6.]
 [ 9. -5.]
 [ 8. -5.]
 [ 3. 11.]
 [ 7.  5.]
 [ 6.  6.]
 [10. -5.]
 [ 9. -5.]
 [ 3. 11.]
 [ 7.  5.]
 [ 6.  6.]
 [11. -5.]
 [10. -5.]
 [ 3. 11.]
 [ 7.  5.]
 [ 6.  6.]
 [11. -5.]
 [10. -5.]
 [ 3. 11.]
 [ 7.  5.]
 [ 6.  6.]
 [12. -5.]
 [11. -5.]]
