Maze:
##########################
#                        #
#                        #
#                        #
#                        #
#                        #
#     ##############     #
#     #            #     #
#     #         B  #     #
#     #            #     #
#     #            #     #
#     #     S      #     #
#     #     A      #     #
#     # C          #     #
#     #            #     #
#     #            #     #
#     #            #     #
#     #            #     #
#     #D           #     #
#     ##############     #
#                        #
#                        #
#                        #
#                        #
#                        #
##########################
[[ 6.  5.]
 [ 6.  6.]
 [10.  2.]
 [ 2.  7.]
 [ 1. 12.]
 [ 7.  4.]
 [ 6.  6.]
 [10.  2.]
 [ 2.  6.]
 [ 1. 12.]
 [ 8.  3.]
 [ 6.  6.]
 [11.  2.]
 [ 2.  5.]
 [ 1. 12.]
 [ 9.  3.]
 [ 6.  6.]
 [12.  2.]
 [ 2.  5.]
 [ 1. 12.]
 [10.  3.]
 [ 6.  6.]
 [13.  2.]
 [ 2.  5.]
 [ 1. 12.]
 [11.  3.]
 [ 6.  6.]
 [14.  2.]
 [ 2.  5.]
 [ 1. 12.]
 [12.  3.]
 [ 6.  6.]
 [15.  2.]
 [ 2.  4.]
 [ 1. 12.]
 [13.  3.]
 [ 6.  6.]
 [16.  2.]
 [ 2.  4.]
 [ 1. 12.]
 [14.  3.]
 [ 6.  6.]
 [17.  2.]
 [ 2.  4.]
 [ 1. 12.]
 [15.  3.]
 [ 6.  6.]
 [17.  2.]
 [ 2.  4.]
 [ 1. 12.]
 [16.  3.]
 [ 6.  6.]
 [17.  2.]
 [ 2.  4.]
 [ 1. 12.]
 [17.  2.]
 [ 6.  6.]
 [17.  1.]
 [ 2.  4.]
 [ 1. 12.]
 [17.  1.]
 [ 6.  6.]
 [17.  0.]
 [ 2.  4.]
 [ 1. 12.]
 [17.  0.]
 [ 6.  6.]
 [17. -1.]
 [ 2.  4.]
 [ 1. 12.]
 [17. -1.]
 [ 6.  6.]
 [17. -2.]
 [ 2.  4.]
 [ 1. 12.]
 [17. -2.]
 [ 6.  6.]
 [17. -3.]
 [ 2.  4.]
 [ 1. 12.]
 [17. -3.]
 [ 6.  6.]
 [17. -4.]
 [ 2.  4.]
 [ 1. 12.]
 [17. -4.]
 [ 6.  6.]
 [17. -5.]
 [ 2.  4.]
 [ 1. 12.]
 [17. -4.]
 [ 6.  6.]
 [17. -5.]
 [ 2.  4.]
 [ 1. 12.]]
