Maze:
##########################
#                        #
#                        #
#                        #
#                        #
#                        #
#     ##############     #
#     #B           #     #
#     #            #     #
#     #            #     #
#     #  A         #     #
#     #            #     #
#     # D   S      #     #
#     #            #     #
#     #            #     #
#     #            #     #
#     #            #     #
#     #            #     #
#     #   C        #     #
#     ##############     #
#                        #
#                        #
#                        #
#                        #
#                        #
##########################
[[ 6.  6.]
 [ 3.  4.]
 [ 1.  1.]
 [ 4. 12.]
 [ 2.  6.]
 [ 6.  6.]
 [ 2.  3.]
 [ 1.  2.]
 [ 4. 13.]
 [ 1.  7.]
 [ 6.  6.]
 [ 1.  2.]
 [ 2.  3.]
 [ 4. 14.]
 [ 1.  8.]
 [ 6.  6.]
 [ 2.  3.]
 [ 1.  2.]
 [ 4. 15.]
 [ 1.  8.]
 [ 6.  6.]
 [ 1.  2.]
 [ 2.  3.]
 [ 4. 15.]
 [ 1.  9.]
 [ 6.  6.]
 [ 2.  3.]
 [ 1.  2.]
 [ 4. 15.]
 [ 1.  9.]
 [ 6.  6.]
 [ 1.  2.]
 [ 2.  3.]
 [ 4. 16.]
 [ 1. 10.]
 [ 6.  6.]
 [ 2.  3.]
 [ 1.  2.]
 [ 4. 16.]
 [ 1. 10.]
 [ 6.  6.]
 [ 1.  2.]
 [ 2.  3.]
 [ 4. 16.]
 [ 1. 11.]
 [ 6.  6.]
 [ 2.  3.]
 [ 1.  2.]
 [ 4. 17.]
 [ 1. 12.]
 [ 6.  6.]
 [ 1.  2.]
 [ 2.  3.]
 [ 4. 17.]
 [ 1. 13.]
 [ 6.  6.]
 [ 2.  3.]
 [ 1.  2.]
 [ 5. 17.]
 [ 1. 14.]
 [ 6.  6.]
 [ 1.  2.]
 [ 2.  3.]
 [ 6. 17.]
 [ 2. 15.]
 [ 6.  6.]
 [ 2.  3.]
 [ 1.  2.]
 [ 7. 17.]
 [ 3. 16.]
 [ 6.  6.]
 [ 1.  2.]
 [ 2.  3.]
 [ 8. 17.]
 [ 4. 16.]
 [ 6.  6.]
 [ 2.  3.]
 [ 1.  2.]
 [ 9. 17.]
 [ 5. 16.]
 [ 6.  6.]
 [ 1.  2.]
 [ 2.  3.]
 [10. 17.]
 [ 6. 16.]
 [ 6.  6.]
 [ 2.  3.]
 [ 1.  2.]
 [11. 17.]
 [ 7. 16.]
 [ 6.  6.]
 [ 1.  2.]
 [ 2.  3.]
 [12. 17.]
 [ 8. 16.]
 [ 6.  6.]
 [ 2.  3.]
 [ 1.  2.]
 [13. 17.]
 [ 9. 16.]
 [ 6.  6.]
 [ 2.  3.]
 [ 1.  2.]
 [13. 17.]
 [ 9. 16.]
 [ 6.  6.]
 [ 1.  2.]
 [ 2.  3.]
 [14. 17.]
 [10. 16.]]
