Maze:
##########################
#                        #
#                        #
#                        #
#                        #
#                        #
#     ##############     #
#     #            #     #
#     #            #     #
#     #            #     #
#     #      D     #     #
#     #            #     #
#     #     S   C  #     #
#     #       B    #     #
#     #            #     #
#     #            #     #
#     #        A   #     #
#     #            #     #
#     #            #     #
#     ##############     #
#                        #
#                        #
#                        #
#                        #
#                        #
##########################
[[ 6.  6.]
 [ 9. 10.]
 [ 8.  7.]
 [10.  6.]
 [ 7.  4.]
 [ 6.  6.]
 [ 9.  9.]
 [ 9.  8.]
 [10.  7.]
 [ 8.  4.]
 [ 6.  6.]
 [ 9.  8.]
 [ 9.  9.]
 [10.  8.]
 [ 9.  4.]
 [ 6.  6.]
 [ 9.  9.]
 [ 9.  8.]
 [10.  9.]
 [10.  4.]
 [ 6.  6.]
 [ 9.  8.]
 [ 9.  9.]
 [11.  8.]
 [10.  5.]
 [ 6.  6.]
 [ 9.  9.]
 [ 9.  8.]
 [11.  9.]
 [11.  5.]
 [ 6.  6.]
 [ 9.  8.]
 [ 9.  9.]
 [11. 10.]
 [11.  6.]
 [ 6.  6.]
 [ 9.  9.]
 [ 9.  8.]
 [10. 11.]
 [12.  6.]
 [ 6.  6.]
 [ 9.  8.]
 [ 9.  9.]
 [10. 12.]
 [12.  7.]
 [ 6.  6.]
 [ 9.  9.]
 [ 9.  8.]
 [10. 12.]
 [13.  8.]
 [ 6.  6.]
 [ 9.  8.]
 [ 9.  9.]
 [10. 13.]
 [13.  8.]
 [ 6.  6.]
 [ 9.  9.]
 [ 9.  8.]
 [10. 13.]
 [13.  9.]
 [ 6.  6.]
 [ 9.  8.]
 [ 9.  9.]
 [10. 14.]
 [13.  9.]
 [ 6.  6.]
 [ 9.  9.]
 [ 9.  8.]
 [10. 14.]
 [13. 10.]
 [ 6.  6.]
 [ 9.  8.]
 [ 9.  9.]
 [10. 15.]
 [13. 11.]
 [ 6.  6.]
 [ 9.  9.]
 [ 9.  8.]
 [ 9. 16.]
 [12. 12.]
 [ 6.  6.]
 [ 9.  8.]
 [ 9.  9.]
 [ 8. 17.]
 [12. 13.]
 [ 6.  6.]
 [ 9.  9.]
 [ 9.  8.]
 [ 8. 17.]
 [11. 13.]
 [ 6.  6.]
 [ 9.  8.]
 [ 9.  9.]
 [ 7. 17.]
 [11. 14.]
 [ 6.  6.]
 [ 9.  9.]
 [ 9.  8.]
 [ 6. 17.]
 [10. 14.]
 [ 6.  6.]
 [ 9.  9.]
 [ 9.  8.]
 [ 6. 17.]
 [10. 14.]
 [ 6.  6.]
 [ 9.  8.]
 [ 9.  9.]
 [ 5. 17.]
 [10. 15.]]
