Maze:
##########################
#                        #
#                        #
#                        #
#                        #
#                        #
#     ##############     #
#     #            #     #
#     #            #     #
#     #            #     #
#     #  D         #     #
#     # S          #     #
#     #     A     B#     #
#     #      C     #     #
#     #            #     #
#     #            #     #
#     #            #     #
#     #            #     #
#     #            #     #
#     ##############     #
#                        #
#                        #
#                        #
#                        #
#                        #
##########################
[[ 2.  5.]
 [ 6.  6.]
 [12.  6.]
 [ 7.  7.]
 [ 3.  4.]
 [ 1.  6.]
 [ 6.  6.]
 [12.  6.]
 [ 8.  8.]
 [ 4.  3.]
 [ 0.  6.]
 [ 6.  6.]
 [12.  6.]
 [ 9.  8.]
 [ 4.  2.]
 [ 0.  6.]
 [ 6.  6.]
 [12.  6.]
 [10.  8.]
 [ 4.  1.]
 [ 0.  6.]
 [ 6.  6.]
 [12.  6.]
 [11.  8.]
 [ 4.  0.]
 [ 0.  6.]
 [ 6.  6.]
 [12.  6.]
 [12.  7.]
 [ 4.  0.]
 [ 0.  6.]
 [ 6.  6.]
 [12.  5.]
 [12.  6.]
 [ 4.  0.]
 [ 0.  6.]
 [ 6.  6.]
 [12.  4.]
 [12.  5.]
 [ 4.  0.]
 [ 0.  6.]
 [ 6.  6.]
 [12.  3.]
 [12.  4.]
 [ 4.  0.]
 [ 0.  6.]
 [ 6.  6.]
 [12.  2.]
 [12.  3.]
 [ 4.  0.]
 [ 0.  6.]
 [ 6.  6.]
 [12.  1.]
 [12.  2.]
 [ 4. -1.]
 [ 0.  6.]
 [ 6.  6.]
 [12.  0.]
 [12.  1.]
 [ 4. -1.]
 [ 0.  6.]
 [ 6.  6.]
 [12. -1.]
 [12.  0.]
 [ 5. -1.]
 [ 0.  6.]
 [ 6.  6.]
 [12. -2.]
 [12. -1.]
 [ 6. -1.]
 [ 0.  6.]
 [ 6.  6.]
 [12. -3.]
 [12. -2.]
 [ 7. -1.]
 [ 0.  6.]
 [ 6.  6.]
 [12. -4.]
 [12. -3.]
 [ 8. -2.]
 [ 0.  6.]
 [ 6.  6.]
 [12. -5.]
 [12. -4.]
 [ 9. -2.]
 [ 0.  6.]
 [ 6.  6.]
 [12. -5.]
 [12. -4.]
 [10. -3.]
 [ 0.  6.]
 [ 6.  6.]
 [11. -5.]
 [12. -5.]
 [11. -4.]
 [ 0.  6.]
 [ 6.  6.]
 [11. -4.]
 [12. -5.]
 [11. -5.]
 [ 0.  6.]
 [ 6.  6.]
 [11. -4.]
 [12. -5.]
 [11. -5.]
 [ 0.  6.]
 [ 6.  6.]
 [11. -5.]
 [13. -5.]
 [12. -4.]]
