Maze:
##########################
#                        #
#                        #
#                        #
#                        #
#                        #
#     ##############     #
#     # D          #     #
#     #       S    #     #
#     #        C   #     #
#     #            #     #
#     #            #     #
#     #     A      #     #
#     #            #     #
#     #            #     #
#     #            #     #
#     #          B #     #
#     #            #     #
#     #            #     #
#     ##############     #
#                        #
#                        #
#                        #
#                        #
#                        #
##########################
[[ 8.  2.]
 [ 6.  6.]
 [11. 10.]
 [ 9.  3.]
 [ 2.  1.]
 [ 7.  1.]
 [ 6.  6.]
 [11. 10.]
 [10.  4.]
 [ 2.  1.]
 [ 7.  0.]
 [ 6.  6.]
 [11. 10.]
 [11.  5.]
 [ 2.  1.]
 [ 7.  0.]
 [ 6.  6.]
 [11. 10.]
 [12.  6.]
 [ 2.  1.]
 [ 7.  0.]
 [ 6.  6.]
 [11. 10.]
 [12.  7.]
 [ 2.  1.]
 [ 7.  0.]
 [ 6.  6.]
 [11. 10.]
 [12.  8.]
 [ 2.  1.]
 [ 7.  0.]
 [ 6.  6.]
 [11. 10.]
 [12.  9.]
 [ 2.  1.]
 [ 7.  0.]
 [ 6.  6.]
 [10. 10.]
 [11. 10.]
 [ 2.  1.]
 [ 7.  0.]
 [ 6.  6.]
 [ 9. 10.]
 [10. 10.]
 [ 2.  1.]
 [ 7.  0.]
 [ 6.  6.]
 [ 8. 10.]
 [ 9. 10.]
 [ 2.  1.]
 [ 7.  0.]
 [ 6.  6.]
 [ 7. 10.]
 [ 8. 10.]
 [ 2.  1.]
 [ 7.  0.]
 [ 6.  6.]
 [ 6. 10.]
 [ 7. 10.]
 [ 2.  1.]
 [ 7.  0.]
 [ 6.  6.]
 [ 5. 10.]
 [ 6. 10.]
 [ 2.  1.]
 [ 7.  0.]
 [ 6.  6.]
 [ 4. 10.]
 [ 5. 10.]
 [ 2.  1.]
 [ 7.  0.]
 [ 6.  6.]
 [ 3. 10.]
 [ 4. 10.]
 [ 1.  1.]
 [ 7.  0.]
 [ 6.  6.]
 [ 2. 10.]
 [ 3. 10.]
 [ 1.  1.]
 [ 7.  0.]
 [ 6.  6.]
 [ 1. 10.]
 [ 2. 10.]
 [ 1.  1.]
 [ 7.  0.]
 [ 6.  6.]
 [ 0. 10.]
 [ 1. 10.]
 [ 0.  1.]
 [ 7.  0.]
 [ 6.  6.]
 [-1. 10.]
 [ 0. 10.]
 [ 0.  1.]
 [ 7.  0.]
 [ 6.  6.]
 [-2. 10.]
 [-1. 10.]
 [ 0.  1.]
 [ 7.  0.]
 [ 6.  6.]
 [-2. 10.]
 [-1. 10.]
 [ 0.  1.]
 [ 7.  0.]
 [ 6.  6.]
 [-3. 10.]
 [-2. 10.]
 [-1.  1.]]
