Maze:
##########################
#                        #
#                        #
#                        #
#                        #
#                        #
#     ##############     #
#     #            #     #
#     #       C    #     #
#     #    D       #     #
#     #            #     #
#     #      S     #     #
#     #     A      #     #
#     #            #     #
#     #            #     #
#     #         B  #     #
#     #            #     #
#     #            #     #
#     #            #     #
#     ##############     #
#                        #
#                        #
#                        #
#                        #
#                        #
##########################
[[ 7.  5.]
 [ 6.  6.]
 [10.  9.]
 [ 8.  2.]
 [ 5.  3.]
 [ 7.  6.]
 [ 6.  6.]
 [10.  9.]
 [ 9.  1.]
 [ 5.  2.]
 [ 8.  7.]
 [ 6.  6.]
 [10.  9.]
 [10.  1.]
 [ 5.  1.]
 [ 9.  8.]
 [ 6.  6.]
 [11. 10.]
 [11.  1.]
 [ 6.  0.]
 [10.  9.]
 [ 6.  6.]
 [12. 11.]
 [12.  1.]
 [ 7.  0.]
 [11. 10.]
 [ 6.  6.]
 [13. 12.]
 [13.  1.]
 [ 8.  0.]
 [12. 11.]
 [ 6.  6.]
 [14. 13.]
 [14.  1.]
 [ 9.  0.]
 [13. 12.]
 [ 6.  6.]
 [15. 14.]
 [15.  1.]
 [10.  0.]
 [14. 13.]
 [ 6.  6.]
 [16. 15.]
 [16.  1.]
 [11.  0.]
 [15. 14.]
 [ 6.  6.]
 [17. 16.]
 [17.  1.]
 [12.  0.]
 [16. 15.]
 [ 6.  6.]
 [17. 17.]
 [17.  1.]
 [13.  0.]
 [16. 16.]
 [ 6.  6.]
 [17. 17.]
 [17.  1.]
 [14.  0.]
 [16. 16.]
 [ 6.  6.]
 [17. 17.]
 [17.  1.]
 [15.  0.]
 [16. 16.]
 [ 6.  6.]
 [17. 17.]
 [17.  1.]
 [16.  0.]
 [16. 16.]
 [ 6.  6.]
 [17. 17.]
 [17.  2.]
 [17.  1.]
 [16. 16.]
 [ 6.  6.]
 [17. 17.]
 [17.  3.]
 [17.  2.]
 [16. 16.]
 [ 6.  6.]
 [17. 17.]
 [17.  4.]
 [17.  3.]
 [16. 16.]
 [ 6.  6.]
 [17. 17.]
 [17.  5.]
 [17.  4.]
 [16. 16.]
 [ 6.  6.]
 [17. 17.]
 [17.  6.]
 [17.  5.]
 [16. 16.]
 [ 6.  6.]
 [17. 17.]
 [17.  7.]
 [17.  6.]
 [16. 16.]
 [ 6.  6.]
 [17. 17.]
 [17.  7.]
 [17.  6.]
 [16. 16.]
 [ 6.  6.]
 [17. 17.]
 [17.  8.]
 [17.  7.]]
