Maze:
##########################
#                        #
#                        #
#                        #
#                        #
#                        #
#     ##############     #
#     #            #     #
#     #            #     #
#     #            #     #
#     #     S      #     #
#     #    A       #     #
#     #     C      #     #
#     #            #     #
#     #D           #     #
#     #            #     #
#     # B          #     #
#     #            #     #
#     #            #     #
#     ##############     #
#                        #
#                        #
#                        #
#                        #
#                        #
##########################
[[ 6.  4.]
 [ 5.  5.]
 [ 2. 10.]
 [ 6.  6.]
 [ 1.  8.]
 [ 6.  3.]
 [ 4.  4.]
 [ 2.  9.]
 [ 6.  6.]
 [ 1.  9.]
 [ 6.  2.]
 [ 3.  4.]
 [ 1.  9.]
 [ 6.  6.]
 [ 2.  9.]
 [ 6.  1.]
 [ 2.  4.]
 [ 2.  9.]
 [ 6.  6.]
 [ 1.  9.]
 [ 6.  0.]
 [ 2.  5.]
 [ 1.  9.]
 [ 6.  6.]
 [ 2.  9.]
 [ 6. -1.]
 [ 1.  6.]
 [ 2.  9.]
 [ 6.  6.]
 [ 1.  9.]
 [ 6. -1.]
 [ 1.  7.]
 [ 1.  9.]
 [ 6.  6.]
 [ 2.  9.]
 [ 6. -1.]
 [ 1.  8.]
 [ 2.  9.]
 [ 6.  6.]
 [ 1.  9.]
 [ 6. -1.]
 [ 2.  9.]
 [ 1.  9.]
 [ 6.  6.]
 [ 2. 10.]
 [ 6. -1.]
 [ 1.  9.]
 [ 2.  9.]
 [ 6.  6.]
 [ 2. 11.]
 [ 6. -1.]
 [ 2.  9.]
 [ 1.  9.]
 [ 6.  6.]
 [ 3. 11.]
 [ 6. -1.]
 [ 1.  9.]
 [ 2.  9.]
 [ 6.  6.]
 [ 3. 12.]
 [ 6. -1.]
 [ 2.  9.]
 [ 1.  9.]
 [ 6.  6.]
 [ 4. 11.]
 [ 6. -1.]
 [ 1.  9.]
 [ 2.  9.]
 [ 6.  6.]
 [ 5. 12.]
 [ 6. -1.]
 [ 2.  9.]
 [ 1.  9.]
 [ 6.  6.]
 [ 5. 11.]
 [ 6. -1.]
 [ 1.  9.]
 [ 2.  9.]
 [ 6.  6.]
 [ 6. 11.]
 [ 6. -1.]
 [ 2.  9.]
 [ 1.  9.]
 [ 6.  6.]
 [ 6. 10.]
 [ 6. -1.]
 [ 1.  9.]
 [ 2.  9.]
 [ 6.  6.]
 [ 6.  9.]
 [ 6. -1.]
 [ 2.  9.]
 [ 1.  9.]
 [ 6.  6.]
 [ 6.  8.]
 [ 6. -1.]
 [ 1.  9.]
 [ 2.  9.]
 [ 6.  6.]
 [ 6.  7.]
 [ 6. -1.]
 [ 1.  9.]
 [ 2.  9.]
 [ 6.  6.]
 [ 6.  7.]
 [ 6. -1.]
 [ 2.  9.]
 [ 1.  9.]
 [ 6.  6.]
 [ 6.  7.]]
