Maze:
##########################
#                        #
#                        #
#                        #
#                        #
#                        #
#     ##############     #
#     #            #     #
#     #         B  #     #
#     #            #     #
#     #            #     #
#     #          A #     #
#     #     S      #     #
#     #            #     #
#     #      D     #     #
#     #            #     #
#     #     C      #     #
#     #            #     #
#     #            #     #
#     ##############     #
#                        #
#                        #
#                        #
#                        #
#                        #
##########################
[[ 6.  6.]
 [11.  5.]
 [10.  2.]
 [ 6. 10.]
 [ 7.  8.]
 [ 6.  6.]
 [11.  4.]
 [10.  3.]
 [ 6. 11.]
 [ 7.  9.]
 [ 6.  6.]
 [10.  3.]
 [11.  4.]
 [ 6. 12.]
 [ 7. 10.]
 [ 6.  6.]
 [11.  4.]
 [10.  3.]
 [ 6. 13.]
 [ 7. 11.]
 [ 6.  6.]
 [10.  3.]
 [11.  4.]
 [ 6. 14.]
 [ 7. 12.]
 [ 6.  6.]
 [11.  4.]
 [10.  3.]
 [ 6. 15.]
 [ 7. 13.]
 [ 6.  6.]
 [10.  3.]
 [11.  4.]
 [ 6. 16.]
 [ 7. 14.]
 [ 6.  6.]
 [11.  4.]
 [10.  3.]
 [ 6. 17.]
 [ 7. 15.]
 [ 6.  6.]
 [10.  3.]
 [11.  4.]
 [ 6. 17.]
 [ 7. 16.]
 [ 6.  6.]
 [11.  4.]
 [10.  3.]
 [ 5. 17.]
 [ 6. 17.]
 [ 6.  6.]
 [10.  3.]
 [11.  4.]
 [ 4. 17.]
 [ 5. 17.]
 [ 6.  6.]
 [11.  4.]
 [10.  3.]
 [ 3. 17.]
 [ 4. 17.]
 [ 6.  6.]
 [10.  3.]
 [11.  4.]
 [ 2. 17.]
 [ 3. 17.]
 [ 6.  6.]
 [11.  4.]
 [10.  3.]
 [ 1. 17.]
 [ 2. 17.]
 [ 6.  6.]
 [10.  3.]
 [11.  4.]
 [ 0. 17.]
 [ 1. 17.]
 [ 6.  6.]
 [11.  4.]
 [10.  3.]
 [-1. 17.]
 [ 0. 17.]
 [ 6.  6.]
 [10.  3.]
 [11.  4.]
 [-2. 17.]
 [-1. 17.]
 [ 6.  6.]
 [11.  4.]
 [10.  3.]
 [-3. 17.]
 [-2. 17.]
 [ 6.  6.]
 [10.  3.]
 [11.  4.]
 [-4. 17.]
 [-3. 17.]
 [ 6.  6.]
 [11.  4.]
 [10.  3.]
 [-5. 17.]
 [-4. 17.]
 [ 6.  6.]
 [11.  4.]
 [10.  3.]
 [-5. 17.]
 [-4. 17.]
 [ 6.  6.]
 [10.  3.]
 [11.  4.]
 [-5. 17.]
 [-4. 17.]]
