Maze:
##########################
#                        #
#                        #
#                        #
#                        #
#                        #
#     ##############     #
#     #            #     #
#     #           S#     #
#     #            #     #
#     #            #     #
#     #            #     #
#     #     C      #     #
#     #        B   #     #
#     #         A  #     #
#     #   D        #     #
#     #            #     #
#     #            #     #
#     #            #     #
#     ##############     #
#                        #
#                        #
#                        #
#                        #
#                        #
##########################
[[12.  2.]
 [10.  8.]
 [ 9.  7.]
 [ 6.  6.]
 [ 4.  9.]
 [12.  1.]
 [ 9.  7.]
 [ 8.  6.]
 [ 6.  6.]
 [ 4. 10.]
 [12.  0.]
 [ 8.  6.]
 [ 7.  5.]
 [ 6.  6.]
 [ 5. 10.]
 [12. -1.]
 [ 7.  5.]
 [ 6.  5.]
 [ 6.  6.]
 [ 6. 10.]
 [12. -1.]
 [ 6.  5.]
 [ 5.  6.]
 [ 6.  6.]
 [ 6. 10.]
 [12. -1.]
 [ 5.  5.]
 [ 6.  7.]
 [ 6.  6.]
 [ 6.  9.]
 [12. -1.]
 [ 5.  6.]
 [ 6.  7.]
 [ 6.  6.]
 [ 6.  8.]
 [12. -1.]
 [ 5.  7.]
 [ 7.  7.]
 [ 6.  6.]
 [ 6.  7.]
 [12. -1.]
 [ 6.  7.]
 [ 7.  7.]
 [ 6.  6.]
 [ 6.  8.]
 [12. -1.]
 [ 7.  8.]
 [ 8.  7.]
 [ 6.  6.]
 [ 6.  7.]
 [12. -1.]
 [ 7.  7.]
 [ 8.  6.]
 [ 6.  6.]
 [ 6.  8.]
 [12. -1.]
 [ 8.  7.]
 [ 8.  5.]
 [ 6.  6.]
 [ 7.  8.]
 [12. -1.]
 [ 7.  6.]
 [ 7.  4.]
 [ 6.  6.]
 [ 8.  8.]
 [12. -1.]
 [ 8.  6.]
 [ 7.  3.]
 [ 6.  6.]
 [ 8.  7.]
 [12. -2.]
 [ 8.  7.]
 [ 6.  3.]
 [ 6.  6.]
 [ 8.  6.]
 [12. -2.]
 [ 8.  6.]
 [ 6.  4.]
 [ 6.  6.]
 [ 8.  7.]
 [12. -2.]
 [ 8.  7.]
 [ 5.  5.]
 [ 6.  6.]
 [ 8.  6.]
 [12. -2.]
 [ 8.  6.]
 [ 5.  5.]
 [ 6.  6.]
 [ 8.  7.]
 [12. -2.]
 [ 8.  7.]
 [ 5.  5.]
 [ 6.  6.]
 [ 8.  6.]]
