Maze:
##########################
#                        #
#                        #
#                        #
#                        #
#                        #
#     ##############     #
#     #            #     #
#     #            #     #
#     #            #     #
#     #            #     #
#     #            #     #
#     #     S      #     #
#     #            #     #
#     #       D    #     #
#     #     A      #     #
#     #        C   #     #
#     # B          #     #
#     #            #     #
#     ##############     #
#                        #
#                        #
#                        #
#                        #
#                        #
##########################
[[ 6.  6.]
 [ 6.  9.]
 [ 2. 11.]
 [ 9. 10.]
 [ 8.  8.]
 [ 6.  6.]
 [ 6. 10.]
 [ 1. 12.]
 [ 9. 11.]
 [ 7.  8.]
 [ 6.  6.]
 [ 6. 11.]
 [ 0. 12.]
 [ 8. 11.]
 [ 6.  8.]
 [ 6.  6.]
 [ 5. 11.]
 [ 0. 12.]
 [ 7. 11.]
 [ 5.  7.]
 [ 6.  6.]
 [ 4. 11.]
 [-1. 12.]
 [ 6. 11.]
 [ 5.  7.]
 [ 6.  6.]
 [ 3. 11.]
 [-2. 12.]
 [ 5. 11.]
 [ 5.  7.]
 [ 6.  6.]
 [ 2. 11.]
 [-3. 12.]
 [ 4. 11.]
 [ 5.  7.]
 [ 6.  6.]
 [ 1. 11.]
 [-4. 12.]
 [ 3. 11.]
 [ 5.  7.]
 [ 6.  6.]
 [ 0. 11.]
 [-5. 12.]
 [ 2. 11.]
 [ 5.  7.]
 [ 6.  6.]
 [-1. 11.]
 [-5. 12.]
 [ 1. 11.]
 [ 5.  7.]
 [ 6.  6.]
 [-2. 11.]
 [-5. 12.]
 [ 0. 11.]
 [ 5.  7.]
 [ 6.  6.]
 [-3. 11.]
 [-5. 12.]
 [-1. 11.]
 [ 5.  7.]
 [ 6.  6.]
 [-4. 11.]
 [-5. 12.]
 [-2. 11.]
 [ 5.  7.]
 [ 6.  6.]
 [-5. 12.]
 [-5. 13.]
 [-3. 11.]
 [ 5.  7.]
 [ 6.  6.]
 [-5. 13.]
 [-5. 14.]
 [-4. 11.]
 [ 5.  7.]
 [ 6.  6.]
 [-5. 14.]
 [-5. 15.]
 [-4. 12.]
 [ 5.  7.]
 [ 6.  6.]
 [-5. 15.]
 [-5. 16.]
 [-4. 13.]
 [ 5.  7.]
 [ 6.  6.]
 [-5. 16.]
 [-5. 17.]
 [-4. 14.]
 [ 5.  7.]
 [ 6.  6.]
 [-5. 16.]
 [-5. 17.]
 [-4. 15.]
 [ 5.  7.]
 [ 6.  6.]
 [-5. 16.]
 [-5. 17.]
 [-4. 15.]
 [ 5.  7.]]
