Maze:
##########################
#                        #
#                        #
#                        #
#                        #
#                        #
#     ##############     #
#     #            #     #
#     #            #     #
#     #           D#     #
#     # A          #     #
#     #            #     #
#     #     C      #     #
#     #       S    #     #
#     #            #     #
#     #            #     #
#     #            #     #
#     #        B   #     #
#     #            #     #
#     ##############     #
#                        #
#                        #
#                        #
#                        #
#                        #
##########################
[[ 8.  7.]
 [ 2.  4.]
 [ 9. 11.]
 [ 6.  6.]
 [12.  3.]
 [ 8.  8.]
 [ 3.  4.]
 [ 9. 12.]
 [ 6.  6.]
 [12.  2.]
 [ 8.  9.]
 [ 4.  5.]
 [ 9. 13.]
 [ 6.  6.]
 [12.  2.]
 [ 8. 10.]
 [ 5.  6.]
 [ 9. 14.]
 [ 6.  6.]
 [12.  2.]
 [ 8. 11.]
 [ 5.  6.]
 [ 9. 15.]
 [ 6.  6.]
 [12.  2.]
 [ 8. 12.]
 [ 5.  6.]
 [ 9. 16.]
 [ 6.  6.]
 [12.  2.]
 [ 8. 13.]
 [ 5.  6.]
 [ 9. 17.]
 [ 6.  6.]
 [12.  2.]
 [ 8. 14.]
 [ 5.  6.]
 [ 9. 17.]
 [ 6.  6.]
 [12.  2.]
 [ 8. 15.]
 [ 5.  6.]
 [ 9. 17.]
 [ 6.  6.]
 [12.  2.]
 [ 8. 16.]
 [ 5.  6.]
 [ 9. 17.]
 [ 6.  6.]
 [12.  2.]
 [ 9. 17.]
 [ 5.  6.]
 [10. 17.]
 [ 6.  6.]
 [12.  2.]
 [10. 17.]
 [ 5.  6.]
 [11. 17.]
 [ 6.  6.]
 [12.  2.]
 [11. 17.]
 [ 5.  6.]
 [12. 17.]
 [ 6.  6.]
 [12.  2.]
 [12. 17.]
 [ 5.  6.]
 [13. 17.]
 [ 6.  6.]
 [12.  2.]
 [13. 17.]
 [ 5.  6.]
 [14. 17.]
 [ 6.  6.]
 [12.  2.]
 [14. 17.]
 [ 5.  6.]
 [15. 17.]
 [ 6.  6.]
 [12.  2.]
 [15. 17.]
 [ 5.  6.]
 [16. 17.]
 [ 6.  6.]
 [12.  2.]
 [16. 17.]
 [ 5.  6.]
 [17. 17.]
 [ 6.  6.]
 [12.  2.]
 [16. 17.]
 [ 5.  6.]
 [17. 17.]
 [ 6.  6.]
 [12.  2.]]
