Maze:
##########################
#                        #
#                        #
#                        #
#                        #
#                        #
#     ##############     #
#     #            #     #
#     #            #     #
#     #            #     #
#     #            #     #
#     #            #     #
#     #     A     S#     #
#     #      B     #     #
#     #            #     #
#     #            #     #
#     #  C         #     #
#     # D          #     #
#     #            #     #
#     ##############     #
#                        #
#                        #
#                        #
#                        #
#                        #
##########################
[[12.  6.]
 [ 6.  6.]
 [ 7.  7.]
 [ 3. 10.]
 [ 2. 11.]
 [11.  6.]
 [ 6.  6.]
 [ 8.  8.]
 [ 4.  9.]
 [ 3. 10.]
 [10.  6.]
 [ 6.  6.]
 [ 9.  9.]
 [ 5.  8.]
 [ 4.  9.]
 [ 9.  7.]
 [ 6.  6.]
 [ 9. 10.]
 [ 6.  7.]
 [ 5.  8.]
 [ 8.  8.]
 [ 6.  6.]
 [ 9. 11.]
 [ 6.  7.]
 [ 5.  7.]
 [ 8.  9.]
 [ 6.  6.]
 [ 9. 12.]
 [ 6.  7.]
 [ 5.  7.]
 [ 8. 10.]
 [ 6.  6.]
 [ 9. 13.]
 [ 6.  7.]
 [ 5.  7.]
 [ 8. 11.]
 [ 6.  6.]
 [ 9. 14.]
 [ 6.  7.]
 [ 5.  7.]
 [ 8. 12.]
 [ 6.  6.]
 [ 9. 15.]
 [ 6.  7.]
 [ 5.  7.]
 [ 8. 13.]
 [ 6.  6.]
 [ 9. 16.]
 [ 6.  7.]
 [ 5.  7.]
 [ 8. 14.]
 [ 6.  6.]
 [ 9. 17.]
 [ 6.  7.]
 [ 5.  7.]
 [ 8. 15.]
 [ 6.  6.]
 [ 9. 17.]
 [ 6.  7.]
 [ 5.  7.]
 [ 8. 16.]
 [ 6.  6.]
 [ 9. 17.]
 [ 6.  7.]
 [ 5.  7.]
 [ 9. 17.]
 [ 6.  6.]
 [10. 17.]
 [ 6.  7.]
 [ 5.  7.]
 [10. 17.]
 [ 6.  6.]
 [11. 17.]
 [ 6.  7.]
 [ 5.  7.]
 [11. 17.]
 [ 6.  6.]
 [12. 17.]
 [ 6.  7.]
 [ 5.  7.]
 [12. 17.]
 [ 6.  6.]
 [13. 17.]
 [ 6.  7.]
 [ 5.  7.]
 [13. 17.]
 [ 6.  6.]
 [14. 17.]
 [ 6.  7.]
 [ 5.  7.]
 [14. 17.]
 [ 6.  6.]
 [15. 17.]
 [ 6.  7.]
 [ 5.  7.]
 [15. 17.]
 [ 6.  6.]
 [16. 17.]
 [ 6.  7.]
 [ 5.  7.]
 [15. 17.]
 [ 6.  6.]
 [16. 17.]
 [ 6.  7.]
 [ 5.  7.]
 [16. 17.]
 [ 6.  6.]
 [17. 17.]
 [ 6.  7.]
 [ 5.  7.]]
