Maze:
##########################
#                        #
#                        #
#                        #
#                        #
#                        #
#     ##############     #
#     #    A       #     #
#     #            #     #
#     #            #     #
#     #            #     #
#     #           B#     #
#     #S    C      #     #
#     #            #     #
#     #            #     #
#     #            #     #
#     #  D         #     #
#     #            #     #
#     #            #     #
#     ##############     #
#                        #
#                        #
#                        #
#                        #
#                        #
##########################
[[ 1.  6.]
 [ 5.  1.]
 [12.  5.]
 [ 6.  6.]
 [ 3. 10.]
 [ 0.  6.]
 [ 5.  2.]
 [12.  5.]
 [ 6.  6.]
 [ 2. 10.]
 [-1.  6.]
 [ 5.  2.]
 [12.  5.]
 [ 6.  6.]
 [ 1. 10.]
 [-2.  6.]
 [ 5.  2.]
 [12.  5.]
 [ 6.  6.]
 [ 0. 10.]
 [-3.  6.]
 [ 5.  2.]
 [12.  5.]
 [ 6.  6.]
 [-1. 10.]
 [-4.  6.]
 [ 5.  2.]
 [12.  5.]
 [ 6.  6.]
 [-2.  9.]
 [-5.  6.]
 [ 5.  2.]
 [12.  5.]
 [ 6.  6.]
 [-3.  8.]
 [-5.  6.]
 [ 5.  2.]
 [12.  5.]
 [ 6.  6.]
 [-4.  7.]
 [-5.  5.]
 [ 5.  2.]
 [12.  5.]
 [ 6.  6.]
 [-5.  6.]
 [-5.  4.]
 [ 5.  2.]
 [12.  5.]
 [ 6.  6.]
 [-5.  5.]
 [-5.  3.]
 [ 5.  2.]
 [12.  5.]
 [ 6.  6.]
 [-5.  4.]
 [-5.  2.]
 [ 5.  2.]
 [12.  5.]
 [ 6.  6.]
 [-5.  3.]
 [-5.  1.]
 [ 5.  2.]
 [12.  5.]
 [ 6.  6.]
 [-5.  2.]
 [-5.  0.]
 [ 5.  2.]
 [12.  5.]
 [ 6.  6.]
 [-5.  1.]
 [-5. -1.]
 [ 5.  2.]
 [12.  5.]
 [ 6.  6.]
 [-5.  0.]
 [-5. -2.]
 [ 5.  2.]
 [12.  5.]
 [ 6.  6.]
 [-5. -1.]
 [-5. -3.]
 [ 5.  2.]
 [12.  5.]
 [ 6.  6.]
 [-5. -2.]
 [-5. -4.]
 [ 5.  2.]
 [12.  5.]
 [ 6.  6.]
 [-5. -3.]
 [-5. -5.]
 [ 5.  2.]
 [12.  5.]
 [ 6.  6.]
 [-5. -4.]
 [-5. -5.]
 [ 5.  2.]
 [12.  5.]
 [ 6.  6.]
 [-5. -4.]]
