Maze:
##########################
#                        #
#                        #
#                        #
#                        #
#                        #
#     ##############     #
#     #            #     #
#     #        B   #     #
#     #            #     #
#     #            #     #
#     #            #     #
#     #     A      #     #
#     #  D         #     #
#     #           C#     #
#     #            #     #
#     #            #     #
#     #  S         #     #
#     #            #     #
#     ##############     #
#                        #
#                        #
#                        #
#                        #
#                        #
##########################
[[ 3. 11.]
 [ 6.  6.]
 [ 9.  2.]
 [12.  8.]
 [ 3.  7.]
 [ 3. 12.]
 [ 6.  6.]
 [10.  2.]
 [11.  8.]
 [ 2.  8.]
 [ 3. 13.]
 [ 6.  6.]
 [11.  2.]
 [10.  8.]
 [ 2.  9.]
 [ 3. 14.]
 [ 6.  6.]
 [11.  2.]
 [ 9.  8.]
 [ 2. 10.]
 [ 3. 15.]
 [ 6.  6.]
 [11.  2.]
 [ 8.  8.]
 [ 2. 11.]
 [ 3. 16.]
 [ 6.  6.]
 [11.  2.]
 [ 7.  8.]
 [ 2. 12.]
 [ 3. 17.]
 [ 6.  6.]
 [11.  2.]
 [ 6.  7.]
 [ 2. 13.]
 [ 3. 17.]
 [ 6.  6.]
 [11.  2.]
 [ 6.  7.]
 [ 2. 14.]
 [ 3. 17.]
 [ 6.  6.]
 [11.  2.]
 [ 6.  7.]
 [ 2. 15.]
 [ 3. 17.]
 [ 6.  6.]
 [11.  2.]
 [ 6.  7.]
 [ 2. 16.]
 [ 4. 17.]
 [ 6.  6.]
 [11.  2.]
 [ 6.  7.]
 [ 3. 17.]
 [ 5. 17.]
 [ 6.  6.]
 [11.  2.]
 [ 6.  7.]
 [ 4. 17.]
 [ 6. 17.]
 [ 6.  6.]
 [11.  2.]
 [ 6.  7.]
 [ 5. 17.]
 [ 7. 17.]
 [ 6.  6.]
 [11.  2.]
 [ 6.  7.]
 [ 6. 17.]
 [ 8. 17.]
 [ 6.  6.]
 [11.  2.]
 [ 6.  7.]
 [ 7. 17.]
 [ 9. 17.]
 [ 6.  6.]
 [11.  2.]
 [ 6.  7.]
 [ 8. 17.]
 [10. 17.]
 [ 6.  6.]
 [11.  2.]
 [ 6.  7.]
 [ 9. 17.]
 [11. 17.]
 [ 6.  6.]
 [11.  2.]
 [ 6.  7.]
 [10. 17.]
 [12. 17.]
 [ 6.  6.]
 [11.  2.]
 [ 6.  7.]
 [11. 17.]
 [13. 17.]
 [ 6.  6.]
 [11.  2.]
 [ 6.  7.]
 [12. 17.]
 [13. 17.]
 [ 6.  6.]
 [11.  2.]
 [ 6.  7.]
 [12. 17.]
 [14. 17.]
 [ 6.  6.]
 [11.  2.]
 [ 6.  7.]
 [13. 17.]]
