Maze:
##########################
#                        #
#                        #
#                        #
#                        #
#                        #
#     ##############     #
#     #            #     #
#     #            #     #
#     #            #     #
#     #            #     #
#     #        D   #     #
#     #     B      #     #
#     # S          #     #
#     #         C  #     #
#     #            #     #
#     #            #     #
#     #A           #     #
#     #            #     #
#     ##############     #
#                        #
#                        #
#                        #
#                        #
#                        #
##########################
[[ 2.  7.]
 [ 1. 11.]
 [ 6.  6.]
 [10.  8.]
 [ 9.  5.]
 [ 2.  6.]
 [ 1. 10.]
 [ 6.  6.]
 [10.  7.]
 [ 9.  4.]
 [ 2.  5.]
 [ 1.  9.]
 [ 6.  6.]
 [10.  6.]
 [ 9.  3.]
 [ 2.  4.]
 [ 1.  8.]
 [ 6.  6.]
 [10.  5.]
 [ 9.  2.]
 [ 2.  3.]
 [ 2.  7.]
 [ 6.  6.]
 [10.  4.]
 [ 9.  1.]
 [ 2.  2.]
 [ 3.  6.]
 [ 6.  6.]
 [10.  3.]
 [ 9.  0.]
 [ 2.  1.]
 [ 4.  5.]
 [ 6.  6.]
 [10.  2.]
 [ 9. -1.]
 [ 1.  0.]
 [ 5.  5.]
 [ 6.  6.]
 [10.  1.]
 [ 9. -2.]
 [ 0. -1.]
 [ 5.  5.]
 [ 6.  6.]
 [10.  0.]
 [ 9. -3.]
 [ 0. -1.]
 [ 5.  5.]
 [ 6.  6.]
 [10. -1.]
 [ 9. -4.]
 [ 0. -1.]
 [ 5.  5.]
 [ 6.  6.]
 [10. -2.]
 [ 9. -5.]
 [ 0. -1.]
 [ 5.  5.]
 [ 6.  6.]
 [10. -3.]
 [ 9. -5.]
 [ 0. -1.]
 [ 5.  5.]
 [ 6.  6.]
 [10. -4.]
 [ 9. -5.]
 [ 0. -1.]
 [ 5.  5.]
 [ 6.  6.]
 [ 9. -5.]
 [ 8. -5.]
 [ 0. -1.]
 [ 5.  5.]
 [ 6.  6.]
 [ 8. -5.]
 [ 7. -5.]
 [ 0. -1.]
 [ 5.  5.]
 [ 6.  6.]
 [ 7. -5.]
 [ 6. -5.]
 [ 0. -1.]
 [ 5.  5.]
 [ 6.  6.]
 [ 6. -5.]
 [ 5. -5.]
 [-1. -1.]
 [ 5.  5.]
 [ 6.  6.]
 [ 5. -5.]
 [ 4. -5.]
 [-2. -1.]
 [ 5.  5.]
 [ 6.  6.]
 [ 4. -5.]
 [ 3. -5.]
 [-2. -1.]
 [ 5.  5.]
 [ 6.  6.]
 [ 3. -5.]
 [ 2. -5.]
 [-2. -1.]
 [ 5.  5.]
 [ 6.  6.]
 [ 3. -5.]
 [ 2. -5.]
 [-3. -1.]
 [ 5.  5.]
 [ 6.  6.]
 [ 2. -5.]
 [ 1. -5.]]
