Maze:
##########################
#                        #
#                        #
#                        #
#                        #
#                        #
#     ##############     #
#     #            #     #
#     #            #     #
#     #            #     #
#     #            #     #
#     #  D         #     #
#     #     B      #     #
#     #     S      #     #
#     #            #     #
#     #        C   #     #
#     #            #     #
#     #            #     #
#     #          A #     #
#     ##############     #
#                        #
#                        #
#                        #
#                        #
#                        #
##########################
[[ 6.  7.]
 [11. 12.]
 [ 6.  6.]
 [ 9.  9.]
 [ 3.  5.]
 [ 6.  8.]
 [11. 12.]
 [ 6.  6.]
 [ 8.  9.]
 [ 4.  6.]
 [ 6.  9.]
 [10. 11.]
 [ 6.  6.]
 [ 7.  8.]
 [ 5.  7.]
 [ 5. 10.]
 [ 9. 10.]
 [ 6.  6.]
 [ 6.  8.]
 [ 4.  7.]
 [ 4. 11.]
 [ 8. 10.]
 [ 6.  6.]
 [ 5.  8.]
 [ 3.  7.]
 [ 3. 12.]
 [ 7. 10.]
 [ 6.  6.]
 [ 4.  8.]
 [ 2.  7.]
 [ 2. 13.]
 [ 6. 10.]
 [ 6.  6.]
 [ 3.  8.]
 [ 1.  7.]
 [ 1. 14.]
 [ 5.  9.]
 [ 6.  6.]
 [ 2.  8.]
 [ 0.  7.]
 [ 1. 15.]
 [ 5.  8.]
 [ 6.  6.]
 [ 1.  8.]
 [-1.  7.]
 [ 1. 16.]
 [ 5.  7.]
 [ 6.  6.]
 [ 0.  8.]
 [-2.  7.]
 [ 1. 16.]
 [ 5.  7.]
 [ 6.  6.]
 [-1.  8.]
 [-3.  7.]
 [ 1. 16.]
 [ 5.  7.]
 [ 6.  6.]
 [-2.  8.]
 [-4.  7.]
 [ 1. 16.]
 [ 5.  7.]
 [ 6.  6.]
 [-3.  8.]
 [-5.  7.]
 [ 1. 16.]
 [ 5.  7.]
 [ 6.  6.]
 [-4.  8.]
 [-5.  7.]
 [ 1. 16.]
 [ 5.  7.]
 [ 6.  6.]
 [-5.  7.]
 [-5.  6.]
 [ 1. 16.]
 [ 5.  7.]
 [ 6.  6.]
 [-5.  6.]
 [-5.  5.]
 [ 1. 16.]
 [ 5.  7.]
 [ 6.  6.]
 [-5.  5.]
 [-5.  4.]
 [ 1. 16.]
 [ 5.  7.]
 [ 6.  6.]
 [-5.  4.]
 [-5.  3.]
 [ 1. 16.]
 [ 5.  7.]
 [ 6.  6.]
 [-5.  3.]
 [-5.  2.]
 [ 1. 16.]
 [ 5.  7.]
 [ 6.  6.]
 [-5.  2.]
 [-5.  1.]
 [ 1. 16.]
 [ 5.  7.]
 [ 6.  6.]
 [-5.  2.]
 [-5.  1.]
 [ 1. 16.]
 [ 5.  7.]
 [ 6.  6.]
 [-5.  1.]
 [-5.  0.]]
