Maze:
##########################
#                        #
#                        #
#                        #
#                        #
#                        #
#     ##############     #
#     #           A#     #
#     #            #     #
#     #            #     #
#     #            #     #
#     #            #     #
#     #    BC      #     #
#     #        S   #     #
#     #            #     #
#     #            #     #
#     #            #     #
#     #D           #     #
#     #            #     #
#     ##############     #
#                        #
#                        #
#                        #
#                        #
#                        #
##########################
[[ 9.  7.]
 [12.  1.]
 [ 5.  6.]
 [ 6.  6.]
 [ 1. 11.]
 [10.  8.]
 [12.  2.]
 [ 5.  6.]
 [ 6.  6.]
 [ 1. 11.]
 [11.  9.]
 [12.  3.]
 [ 5.  6.]
 [ 6.  6.]
 [ 1. 11.]
 [11. 10.]
 [12.  4.]
 [ 5.  6.]
 [ 6.  6.]
 [ 1. 11.]
 [11. 11.]
 [12.  5.]
 [ 5.  6.]
 [ 6.  6.]
 [ 1. 11.]
 [11. 12.]
 [12.  6.]
 [ 5.  6.]
 [ 6.  6.]
 [ 1. 11.]
 [11. 13.]
 [12.  7.]
 [ 5.  6.]
 [ 6.  6.]
 [ 1. 11.]
 [11. 14.]
 [12.  8.]
 [ 5.  6.]
 [ 6.  6.]
 [ 1. 11.]
 [11. 15.]
 [12.  9.]
 [ 5.  6.]
 [ 6.  6.]
 [ 1. 11.]
 [11. 16.]
 [12. 10.]
 [ 5.  6.]
 [ 6.  6.]
 [ 1. 11.]
 [11. 17.]
 [12. 11.]
 [ 5.  6.]
 [ 6.  6.]
 [ 1. 11.]
 [11. 17.]
 [12. 12.]
 [ 5.  6.]
 [ 6.  6.]
 [ 1. 11.]
 [11. 17.]
 [12. 13.]
 [ 5.  6.]
 [ 6.  6.]
 [ 1. 11.]
 [11. 17.]
 [12. 14.]
 [ 5.  6.]
 [ 6.  6.]
 [ 1. 11.]
 [11. 17.]
 [12. 15.]
 [ 5.  6.]
 [ 6.  6.]
 [ 1. 11.]
 [11. 17.]
 [12. 16.]
 [ 5.  6.]
 [ 6.  6.]
 [ 1. 11.]
 [10. 17.]
 [11. 17.]
 [ 5.  6.]
 [ 6.  6.]
 [ 1. 11.]
 [ 9. 17.]
 [10. 17.]
 [ 5.  6.]
 [ 6.  6.]
 [ 1. 11.]
 [ 8. 17.]
 [ 9. 17.]
 [ 5.  6.]
 [ 6.  6.]
 [ 1. 11.]
 [ 7. 17.]
 [ 8. 17.]
 [ 5.  6.]
 [ 6.  6.]
 [ 1. 11.]
 [ 7. 17.]
 [ 8. 17.]
 [ 5.  6.]
 [ 6.  6.]
 [ 1. 11.]
 [ 6. 17.]
 [ 7. 17.]
 [ 5.  6.]
 [ 6.  6.]
 [ 1. 11.]]
