Maze:
##########################
#                        #
#                        #
#                        #
#                        #
#                        #
#     ##############     #
#     #            #     #
#     #         A  #     #
#     #            #     #
#     #            #     #
#     #S           #     #
#     #     D      #     #
#     #            #     #
#     #            #     #
#     #            #     #
#     #     C      #     #
#     #            #     #
#     #        B   #     #
#     ##############     #
#                        #
#                        #
#                        #
#                        #
#                        #
##########################
[[ 1.  5.]
 [10.  2.]
 [ 9. 12.]
 [ 6. 10.]
 [ 6.  6.]
 [ 1.  5.]
 [11.  1.]
 [ 8. 12.]
 [ 6. 10.]
 [ 6.  6.]
 [ 1.  5.]
 [11.  1.]
 [ 7. 11.]
 [ 5. 10.]
 [ 6.  6.]
 [ 1.  5.]
 [11.  0.]
 [ 6. 11.]
 [ 4. 10.]
 [ 6.  6.]
 [ 1.  5.]
 [11.  0.]
 [ 5. 11.]
 [ 3.  9.]
 [ 6.  6.]
 [ 1.  5.]
 [11.  0.]
 [ 4. 11.]
 [ 2.  8.]
 [ 6.  6.]
 [ 1.  5.]
 [11.  0.]
 [ 3. 10.]
 [ 2.  7.]
 [ 6.  6.]
 [ 1.  4.]
 [11.  0.]
 [ 2.  9.]
 [ 2.  6.]
 [ 6.  6.]
 [ 1.  3.]
 [11.  0.]
 [ 2.  8.]
 [ 2.  5.]
 [ 6.  6.]
 [ 1.  2.]
 [11.  0.]
 [ 2.  7.]
 [ 2.  4.]
 [ 6.  6.]
 [ 1.  1.]
 [11.  0.]
 [ 1.  6.]
 [ 2.  3.]
 [ 6.  6.]
 [ 1.  0.]
 [11.  0.]
 [ 1.  5.]
 [ 2.  2.]
 [ 6.  6.]
 [ 1. -1.]
 [11.  0.]
 [ 1.  4.]
 [ 2.  1.]
 [ 6.  6.]
 [ 1. -2.]
 [11.  0.]
 [ 1.  3.]
 [ 2.  0.]
 [ 6.  6.]
 [ 1. -3.]
 [11.  0.]
 [ 1.  2.]
 [ 2. -1.]
 [ 6.  6.]
 [ 1. -4.]
 [11.  0.]
 [ 1.  1.]
 [ 2. -2.]
 [ 6.  6.]
 [ 1. -5.]
 [11.  0.]
 [ 1.  0.]
 [ 2. -3.]
 [ 6.  6.]
 [ 1. -5.]
 [11.  0.]
 [ 1. -1.]
 [ 2. -4.]
 [ 6.  6.]
 [ 2. -5.]
 [11.  0.]
 [ 1. -2.]
 [ 1. -5.]
 [ 6.  6.]
 [ 2. -5.]
 [11.  0.]
 [ 1. -3.]
 [ 1. -5.]
 [ 6.  6.]
 [ 2. -5.]
 [11.  0.]
 [ 1. -3.]
 [ 1. -5.]
 [ 6.  6.]
 [ 2. -5.]
 [11.  0.]
 [ 1. -4.]
 [ 1. -5.]
 [ 6.  6.]]
