Maze:
##########################
#                        #
#                        #
#                        #
#                        #
#                        #
#     ##############     #
#     #     S      #     #
#     #A           #     #
#     #            #     #
#     #            #     #
#     #            #     #
#     #     B      #     #
#     #            #     #
#     #            #     #
#     #      C     #     #
#     #            #     #
#     #            #     #
#     #        D   #     #
#     ##############     #
#                        #
#                        #
#                        #
#                        #
#                        #
##########################
[[ 6.  1.]
 [ 1.  2.]
 [ 6.  6.]
 [ 7.  9.]
 [ 9. 12.]
 [ 5.  0.]
 [ 0.  2.]
 [ 6.  6.]
 [ 7.  9.]
 [ 9. 13.]
 [ 4.  0.]
 [-1.  2.]
 [ 6.  6.]
 [ 7.  9.]
 [ 9. 13.]
 [ 3.  0.]
 [-2.  2.]
 [ 6.  6.]
 [ 7.  9.]
 [ 9. 13.]
 [ 2.  0.]
 [-2.  2.]
 [ 6.  6.]
 [ 7.  9.]
 [ 9. 13.]
 [ 1.  0.]
 [-3.  2.]
 [ 6.  6.]
 [ 7.  9.]
 [ 9. 13.]
 [ 0.  0.]
 [-3.  2.]
 [ 6.  6.]
 [ 7.  9.]
 [ 9. 13.]
 [-1.  0.]
 [-4.  2.]
 [ 6.  6.]
 [ 7.  9.]
 [ 9. 13.]
 [-2.  0.]
 [-5.  2.]
 [ 6.  6.]
 [ 7.  9.]
 [ 9. 13.]
 [-3.  0.]
 [-5.  2.]
 [ 6.  6.]
 [ 7.  9.]
 [ 9. 13.]
 [-4.  1.]
 [-5.  2.]
 [ 6.  6.]
 [ 7.  9.]
 [ 9. 13.]
 [-5.  2.]
 [-5.  3.]
 [ 6.  6.]
 [ 7.  9.]
 [ 9. 13.]
 [-5.  3.]
 [-5.  4.]
 [ 6.  6.]
 [ 7.  9.]
 [ 9. 13.]
 [-5.  4.]
 [-5.  5.]
 [ 6.  6.]
 [ 7.  9.]
 [ 9. 13.]
 [-5.  5.]
 [-5.  6.]
 [ 6.  6.]
 [ 7.  9.]
 [ 9. 13.]
 [-5.  6.]
 [-5.  7.]
 [ 6.  6.]
 [ 7.  9.]
 [ 9. 13.]
 [-5.  7.]
 [-5.  8.]
 [ 6.  6.]
 [ 7.  9.]
 [ 9. 13.]
 [-5.  8.]
 [-5.  9.]
 [ 6.  6.]
 [ 7.  9.]
 [ 9. 13.]
 [-5.  9.]
 [-5. 10.]
 [ 6.  6.]
 [ 7.  9.]
 [ 9. 13.]
 [-5. 10.]
 [-5. 11.]
 [ 6.  6.]
 [ 7.  9.]
 [ 9. 13.]
 [-5. 10.]
 [-5. 11.]
 [ 6.  6.]
 [ 7.  9.]
 [ 9. 13.]
 [-5. 11.]
 [-5. 12.]
 [ 6.  6.]
 [ 7.  9.]
 [ 9. 13.]]
