Maze:
##########################
#                        #
#                        #
#                        #
#                        #
#                        #
#     ##############     #
#     #            #     #
#     #            #     #
#     #            #     #
#     #            #     #
#     #    C       #     #
#     #  B  D      #     #
#     #            #     #
#     #            #     #
#     #            #     #
#     #         A  #     #
#     #            #     #
#     #           S#     #
#     ##############     #
#                        #
#                        #
#                        #
#                        #
#                        #
##########################
[[12. 12.]
 [10. 10.]
 [ 3.  6.]
 [ 5.  5.]
 [ 6.  6.]
 [11. 11.]
 [10. 10.]
 [ 3.  5.]
 [ 5.  4.]
 [ 6.  6.]
 [10. 10.]
 [ 9.  9.]
 [ 3.  4.]
 [ 5.  3.]
 [ 6.  6.]
 [10. 10.]
 [ 9.  9.]
 [ 4.  3.]
 [ 6.  3.]
 [ 6.  6.]
 [10. 10.]
 [ 9.  9.]
 [ 5.  3.]
 [ 7.  3.]
 [ 6.  6.]
 [10. 10.]
 [ 9.  9.]
 [ 6.  3.]
 [ 8.  3.]
 [ 6.  6.]
 [10. 10.]
 [ 9.  9.]
 [ 7.  3.]
 [ 9.  3.]
 [ 6.  6.]
 [10. 10.]
 [ 9.  9.]
 [ 8.  3.]
 [10.  3.]
 [ 6.  6.]
 [10. 10.]
 [ 9.  9.]
 [ 9.  3.]
 [11.  4.]
 [ 6.  6.]
 [ 9.  9.]
 [ 8.  9.]
 [10.  3.]
 [11.  5.]
 [ 6.  6.]
 [ 8.  9.]
 [ 7. 10.]
 [11.  4.]
 [11.  6.]
 [ 6.  6.]
 [ 7. 10.]
 [ 7. 11.]
 [11.  5.]
 [11.  7.]
 [ 6.  6.]
 [ 7. 11.]
 [ 7. 12.]
 [11.  6.]
 [11.  8.]
 [ 6.  6.]
 [ 7. 12.]
 [ 7. 13.]
 [11.  7.]
 [11.  9.]
 [ 6.  6.]
 [ 7. 13.]
 [ 7. 14.]
 [11.  8.]
 [11. 10.]
 [ 6.  6.]
 [ 7. 14.]
 [ 7. 15.]
 [11.  9.]
 [11. 11.]
 [ 6.  6.]
 [ 7. 15.]
 [ 7. 16.]
 [11. 10.]
 [11. 12.]
 [ 6.  6.]
 [ 7. 16.]
 [ 7. 17.]
 [11. 11.]
 [11. 13.]
 [ 6.  6.]
 [ 7. 16.]
 [ 7. 17.]
 [11. 12.]
 [11. 14.]
 [ 6.  6.]
 [ 7. 16.]
 [ 7. 17.]
 [11. 13.]
 [10. 15.]
 [ 6.  6.]
 [ 7. 16.]
 [ 7. 17.]
 [11. 13.]
 [10. 15.]
 [ 6.  6.]
 [ 7. 16.]
 [ 7. 17.]
 [11. 14.]
 [ 9. 16.]
 [ 6.  6.]]
