Maze:
##########################
#                        #
#                        #
#                        #
#                        #
#                        #
#     ##############     #
#     #            #     #
#     #            #     #
#     #           B#     #
#     #            #     #
#     #            #     #
#     #     D      #     #
#     #         A  #     #
#     #     S      #     #
#     #            #     #
#     #            #     #
#     #   C        #     #
#     #            #     #
#     ##############     #
#                        #
#                        #
#                        #
#                        #
#                        #
##########################
[[ 6.  8.]
 [10.  7.]
 [12.  3.]
 [ 4. 11.]
 [ 6.  6.]
 [ 7.  7.]
 [11.  8.]
 [12.  4.]
 [ 5. 10.]
 [ 6.  6.]
 [ 7.  7.]
 [11.  9.]
 [12.  5.]
 [ 6.  9.]
 [ 6.  6.]
 [ 6.  7.]
 [11. 10.]
 [12.  6.]
 [ 7.  8.]
 [ 6.  6.]
 [ 6.  7.]
 [11. 11.]
 [11.  7.]
 [ 7.  8.]
 [ 6.  6.]
 [ 6.  7.]
 [11. 12.]
 [10.  8.]
 [ 7.  8.]
 [ 6.  6.]
 [ 6.  7.]
 [11. 13.]
 [ 9.  8.]
 [ 7.  8.]
 [ 6.  6.]
 [ 6.  7.]
 [11. 14.]
 [ 8.  8.]
 [ 7.  8.]
 [ 6.  6.]
 [ 5.  6.]
 [11. 15.]
 [ 7.  8.]
 [ 6.  8.]
 [ 6.  6.]
 [ 6.  5.]
 [11. 16.]
 [ 6.  8.]
 [ 5.  8.]
 [ 6.  6.]
 [ 6.  5.]
 [11. 16.]
 [ 5.  8.]
 [ 4.  8.]
 [ 6.  6.]
 [ 6.  5.]
 [11. 16.]
 [ 4.  8.]
 [ 3.  8.]
 [ 6.  6.]
 [ 6.  5.]
 [11. 16.]
 [ 3.  8.]
 [ 2.  8.]
 [ 6.  6.]
 [ 6.  5.]
 [11. 16.]
 [ 2.  8.]
 [ 1.  8.]
 [ 6.  6.]
 [ 6.  5.]
 [11. 16.]
 [ 1.  8.]
 [ 0.  8.]
 [ 6.  6.]
 [ 6.  5.]
 [11. 16.]
 [ 0.  8.]
 [-1.  8.]
 [ 6.  6.]
 [ 6.  5.]
 [11. 16.]
 [-1.  8.]
 [-2.  8.]
 [ 6.  6.]
 [ 6.  5.]
 [11. 16.]
 [-2.  8.]
 [-3.  8.]
 [ 6.  6.]
 [ 6.  5.]
 [11. 16.]
 [-3.  8.]
 [-4.  8.]
 [ 6.  6.]
 [ 6.  5.]
 [11. 16.]
 [-4.  8.]
 [-5.  8.]
 [ 6.  6.]
 [ 6.  5.]
 [11. 16.]
 [-4.  8.]
 [-5.  8.]
 [ 6.  6.]]
