Maze:
##########################
#                        #
#                        #
#                        #
#                        #
#                        #
#     ##############     #
#     #            #     #
#     #         D  #     #
#     #       C    #     #
#     #            #     #
#     #S           #     #
#     #     B      #     #
#     #            #     #
#     #   A        #     #
#     #            #     #
#     #            #     #
#     #            #     #
#     #            #     #
#     ##############     #
#                        #
#                        #
#                        #
#                        #
#                        #
##########################
[[ 1.  5.]
 [ 4.  8.]
 [ 6.  6.]
 [ 8.  3.]
 [10.  2.]
 [ 1.  6.]
 [ 3.  9.]
 [ 6.  6.]
 [ 7.  3.]
 [11.  1.]
 [ 1.  7.]
 [ 2. 10.]
 [ 6.  6.]
 [ 6.  3.]
 [11.  1.]
 [ 1.  8.]
 [ 2. 11.]
 [ 6.  6.]
 [ 5.  3.]
 [11.  1.]
 [ 1.  9.]
 [ 2. 12.]
 [ 6.  6.]
 [ 4.  3.]
 [11.  1.]
 [ 1. 10.]
 [ 2. 13.]
 [ 6.  6.]
 [ 3.  3.]
 [11.  1.]
 [ 1. 11.]
 [ 2. 14.]
 [ 6.  6.]
 [ 3.  3.]
 [11.  1.]
 [ 1. 12.]
 [ 2. 15.]
 [ 6.  6.]
 [ 3.  3.]
 [11.  1.]
 [ 1. 13.]
 [ 2. 16.]
 [ 6.  6.]
 [ 3.  3.]
 [11.  1.]
 [ 1. 14.]
 [ 2. 17.]
 [ 6.  6.]
 [ 3.  3.]
 [11.  1.]
 [ 1. 15.]
 [ 2. 17.]
 [ 6.  6.]
 [ 3.  3.]
 [11.  1.]
 [ 1. 16.]
 [ 2. 17.]
 [ 6.  6.]
 [ 3.  3.]
 [11.  1.]
 [ 2. 17.]
 [ 3. 17.]
 [ 6.  6.]
 [ 3.  3.]
 [11.  1.]
 [ 3. 17.]
 [ 4. 17.]
 [ 6.  6.]
 [ 3.  3.]
 [11.  1.]
 [ 4. 17.]
 [ 5. 17.]
 [ 6.  6.]
 [ 3.  3.]
 [11.  1.]
 [ 5. 17.]
 [ 6. 17.]
 [ 6.  6.]
 [ 3.  3.]
 [11.  1.]
 [ 6. 17.]
 [ 7. 17.]
 [ 6.  6.]
 [ 3.  3.]
 [11.  1.]
 [ 7. 17.]
 [ 8. 17.]
 [ 6.  6.]
 [ 3.  3.]
 [11.  1.]
 [ 8. 17.]
 [ 9. 17.]
 [ 6.  6.]
 [ 3.  3.]
 [11.  1.]
 [ 9. 17.]
 [10. 17.]
 [ 6.  6.]
 [ 3.  3.]
 [11.  1.]
 [ 9. 17.]
 [10. 17.]
 [ 6.  6.]
 [ 3.  3.]
 [11.  1.]
 [10. 17.]
 [11. 17.]
 [ 6.  6.]
 [ 3.  3.]
 [11.  1.]]
