Maze:
##########################
#                        #
#                        #
#                        #
#                        #
#                        #
#     ##############     #
#     #            #     #
#     #        B   #     #
#     #          C #     #
#     #            #     #
#     #A           #     #
#     #     D      #     #
#     #       S    #     #
#     #            #     #
#     #            #     #
#     #            #     #
#     #            #     #
#     #            #     #
#     ##############     #
#                        #
#                        #
#                        #
#                        #
#                        #
##########################
[[ 8.  7.]
 [ 1.  5.]
 [ 9.  2.]
 [11.  3.]
 [ 6.  6.]
 [ 7.  7.]
 [ 0.  5.]
 [10.  2.]
 [11.  4.]
 [ 6.  6.]
 [ 6.  7.]
 [-1.  5.]
 [10.  3.]
 [11.  5.]
 [ 6.  6.]
 [ 6.  7.]
 [-2.  5.]
 [11.  4.]
 [11.  6.]
 [ 6.  6.]
 [ 6.  7.]
 [-3.  5.]
 [11.  5.]
 [11.  7.]
 [ 6.  6.]
 [ 6.  7.]
 [-3.  5.]
 [11.  6.]
 [10.  8.]
 [ 6.  6.]
 [ 6.  7.]
 [-3.  5.]
 [11.  7.]
 [ 9.  8.]
 [ 6.  6.]
 [ 6.  7.]
 [-3.  5.]
 [10.  7.]
 [ 8.  8.]
 [ 6.  6.]
 [ 6.  7.]
 [-3.  5.]
 [ 9.  8.]
 [ 7.  8.]
 [ 6.  6.]
 [ 6.  7.]
 [-3.  5.]
 [ 8.  8.]
 [ 7.  8.]
 [ 6.  6.]
 [ 5.  6.]
 [-3.  5.]
 [ 7.  8.]
 [ 6.  8.]
 [ 6.  6.]
 [ 6.  5.]
 [-4.  5.]
 [ 6.  8.]
 [ 5.  8.]
 [ 6.  6.]
 [ 6.  5.]
 [-4.  5.]
 [ 5.  8.]
 [ 4.  8.]
 [ 6.  6.]
 [ 6.  5.]
 [-5.  5.]
 [ 4.  8.]
 [ 3.  8.]
 [ 6.  6.]
 [ 6.  5.]
 [-5.  5.]
 [ 3.  8.]
 [ 2.  8.]
 [ 6.  6.]
 [ 6.  5.]
 [-5.  5.]
 [ 2.  8.]
 [ 1.  8.]
 [ 6.  6.]
 [ 6.  5.]
 [-5.  5.]
 [ 1.  8.]
 [ 0.  8.]
 [ 6.  6.]
 [ 6.  5.]
 [-5.  5.]
 [ 0.  8.]
 [-1.  8.]
 [ 6.  6.]
 [ 6.  5.]
 [-5.  5.]
 [-1.  8.]
 [-2.  8.]
 [ 6.  6.]
 [ 6.  5.]
 [-5.  4.]
 [-2.  8.]
 [-3.  8.]
 [ 6.  6.]
 [ 6.  5.]
 [-5.  4.]
 [-2.  8.]
 [-3.  8.]
 [ 6.  6.]
 [ 6.  5.]
 [-5.  3.]
 [-3.  8.]
 [-4.  8.]
 [ 6.  6.]]
