Maze:
##########################
#                        #
#                        #
#                        #
#                        #
#                        #
#     ##############     #
#     #     A      #     #
#     #        C   #     #
#     #            #     #
#     #            #     #
#     #          S #     #
#     #     B      #     #
#     #            #     #
#     #    D       #     #
#     #            #     #
#     #            #     #
#     #            #     #
#     #            #     #
#     ##############     #
#                        #
#                        #
#                        #
#                        #
#                        #
##########################
[[11.  5.]
 [ 6.  1.]
 [ 6.  6.]
 [ 9.  2.]
 [ 5.  8.]
 [11.  4.]
 [ 6.  0.]
 [ 6.  6.]
 [ 8.  2.]
 [ 5.  9.]
 [11.  3.]
 [ 6. -1.]
 [ 6.  6.]
 [ 8.  1.]
 [ 5. 10.]
 [11.  2.]
 [ 6. -2.]
 [ 6.  6.]
 [ 8.  0.]
 [ 5. 11.]
 [11.  1.]
 [ 6. -3.]
 [ 6.  6.]
 [ 8. -1.]
 [ 5. 12.]
 [11.  0.]
 [ 6. -3.]
 [ 6.  6.]
 [ 8. -2.]
 [ 5. 13.]
 [11. -1.]
 [ 6. -3.]
 [ 6.  6.]
 [ 7. -2.]
 [ 5. 13.]
 [10. -2.]
 [ 6. -3.]
 [ 6.  6.]
 [ 7. -2.]
 [ 5. 13.]
 [ 9. -2.]
 [ 6. -3.]
 [ 6.  6.]
 [ 7. -2.]
 [ 5. 13.]
 [ 8. -2.]
 [ 6. -3.]
 [ 6.  6.]
 [ 7. -3.]
 [ 5. 13.]
 [ 7. -3.]
 [ 6. -4.]
 [ 6.  6.]
 [ 6. -2.]
 [ 5. 13.]
 [ 6. -4.]
 [ 5. -5.]
 [ 6.  6.]
 [ 7. -3.]
 [ 5. 13.]
 [ 5. -5.]
 [ 4. -5.]
 [ 6.  6.]
 [ 6. -4.]
 [ 5. 13.]
 [ 4. -5.]
 [ 3. -5.]
 [ 6.  6.]
 [ 5. -5.]
 [ 5. 13.]
 [ 3. -5.]
 [ 2. -5.]
 [ 6.  6.]
 [ 4. -5.]
 [ 5. 13.]
 [ 2. -5.]
 [ 1. -5.]
 [ 6.  6.]
 [ 3. -5.]
 [ 5. 13.]
 [ 1. -5.]
 [ 0. -5.]
 [ 6.  6.]
 [ 2. -5.]
 [ 5. 13.]
 [ 0. -5.]
 [-1. -5.]
 [ 6.  6.]
 [ 1. -5.]
 [ 5. 13.]
 [-1. -5.]
 [-2. -5.]
 [ 6.  6.]
 [ 0. -5.]
 [ 5. 13.]
 [-2. -5.]
 [-3. -5.]
 [ 6.  6.]
 [-1. -5.]
 [ 5. 13.]
 [-2. -5.]
 [-3. -5.]
 [ 6.  6.]
 [-1. -5.]
 [ 5. 13.]
 [-3. -5.]
 [-4. -5.]
 [ 6.  6.]
 [-2. -5.]
 [ 5. 13.]]
