Maze:
##########################
#                        #
#                        #
#                        #
#                        #
#                        #
#     ##############     #
#     #            #     #
#     #           S#     #
#     #            #     #
#     #         D  #     #
#     #    B       #     #
#     #     C  A   #     #
#     #            #     #
#     #            #     #
#     #            #     #
#     #            #     #
#     #            #     #
#     #            #     #
#     ##############     #
#                        #
#                        #
#                        #
#                        #
#                        #
##########################
[[12.  2.]
 [ 9.  6.]
 [ 5.  5.]
 [ 6.  6.]
 [10.  4.]
 [11.  3.]
 [ 9.  7.]
 [ 5.  5.]
 [ 6.  6.]
 [10.  5.]
 [11.  4.]
 [ 9.  8.]
 [ 5.  5.]
 [ 6.  6.]
 [10.  6.]
 [11.  5.]
 [ 9.  9.]
 [ 5.  5.]
 [ 6.  6.]
 [10.  7.]
 [11.  6.]
 [ 9. 10.]
 [ 5.  5.]
 [ 6.  6.]
 [10.  8.]
 [11.  7.]
 [ 9. 11.]
 [ 5.  5.]
 [ 6.  6.]
 [10.  9.]
 [11.  8.]
 [ 9. 12.]
 [ 5.  5.]
 [ 6.  6.]
 [10. 10.]
 [11.  9.]
 [ 9. 13.]
 [ 5.  5.]
 [ 6.  6.]
 [10. 11.]
 [11. 10.]
 [ 9. 14.]
 [ 5.  5.]
 [ 6.  6.]
 [10. 12.]
 [11. 11.]
 [ 9. 15.]
 [ 5.  5.]
 [ 6.  6.]
 [10. 13.]
 [11. 12.]
 [ 9. 16.]
 [ 5.  5.]
 [ 6.  6.]
 [10. 14.]
 [11. 13.]
 [ 9. 17.]
 [ 5.  5.]
 [ 6.  6.]
 [10. 15.]
 [11. 14.]
 [ 9. 17.]
 [ 5.  5.]
 [ 6.  6.]
 [10. 16.]
 [11. 15.]
 [ 8. 17.]
 [ 5.  5.]
 [ 6.  6.]
 [ 9. 17.]
 [10. 16.]
 [ 7. 17.]
 [ 5.  5.]
 [ 6.  6.]
 [ 8. 17.]
 [ 9. 16.]
 [ 6. 17.]
 [ 5.  5.]
 [ 6.  6.]
 [ 7. 17.]
 [ 8. 16.]
 [ 5. 17.]
 [ 5.  5.]
 [ 6.  6.]
 [ 6. 17.]
 [ 7. 16.]
 [ 4. 17.]
 [ 5.  5.]
 [ 6.  6.]
 [ 5. 17.]
 [ 6. 16.]
 [ 3. 17.]
 [ 5.  5.]
 [ 6.  6.]
 [ 4. 17.]
 [ 5. 16.]
 [ 2. 17.]
 [ 5.  5.]
 [ 6.  6.]
 [ 3. 17.]
 [ 5. 16.]
 [ 2. 17.]
 [ 5.  5.]
 [ 6.  6.]
 [ 3. 17.]
 [ 4. 16.]
 [ 1. 17.]
 [ 5.  5.]
 [ 6.  6.]
 [ 2. 17.]]
