Maze:
##########################
#                        #
#                        #
#                        #
#                        #
#                        #
#     ##############     #
#     #            #     #
#     #          D #     #
#     #       A    #     #
#     #            #     #
#     #            #     #
#     #     C      #     #
#     #            #     #
#     #      B     #     #
#     #            #     #
#     #  S         #     #
#     #            #     #
#     #            #     #
#     ##############     #
#                        #
#                        #
#                        #
#                        #
#                        #
##########################
[[ 3. 10.]
 [ 8.  3.]
 [ 7.  8.]
 [ 6.  6.]
 [11.  2.]
 [ 2. 10.]
 [ 7.  3.]
 [ 6.  7.]
 [ 6.  6.]
 [10.  2.]
 [ 2. 10.]
 [ 6.  3.]
 [ 6.  7.]
 [ 6.  6.]
 [ 9.  2.]
 [ 2. 10.]
 [ 5.  3.]
 [ 6.  7.]
 [ 6.  6.]
 [ 8.  2.]
 [ 2. 10.]
 [ 4.  3.]
 [ 6.  7.]
 [ 6.  6.]
 [ 7.  2.]
 [ 2. 10.]
 [ 3.  3.]
 [ 6.  7.]
 [ 6.  6.]
 [ 6.  2.]
 [ 1. 10.]
 [ 2.  3.]
 [ 6.  7.]
 [ 6.  6.]
 [ 5.  2.]
 [ 1. 10.]
 [ 1.  3.]
 [ 6.  7.]
 [ 6.  6.]
 [ 4.  2.]
 [ 1. 10.]
 [ 0.  3.]
 [ 6.  7.]
 [ 6.  6.]
 [ 3.  2.]
 [ 0. 10.]
 [-1.  3.]
 [ 6.  7.]
 [ 6.  6.]
 [ 2.  2.]
 [ 0. 10.]
 [-2.  3.]
 [ 6.  7.]
 [ 6.  6.]
 [ 1.  2.]
 [ 0. 10.]
 [-3.  3.]
 [ 6.  7.]
 [ 6.  6.]
 [ 0.  2.]
 [-1. 10.]
 [-4.  3.]
 [ 6.  7.]
 [ 6.  6.]
 [-1.  2.]
 [-1. 10.]
 [-5.  3.]
 [ 6.  7.]
 [ 6.  6.]
 [-2.  2.]
 [-1. 10.]
 [-5.  3.]
 [ 6.  7.]
 [ 6.  6.]
 [-3.  2.]
 [-2. 10.]
 [-5.  3.]
 [ 6.  7.]
 [ 6.  6.]
 [-4.  2.]
 [-2. 10.]
 [-5.  4.]
 [ 6.  7.]
 [ 6.  6.]
 [-5.  3.]
 [-3. 10.]
 [-5.  5.]
 [ 6.  7.]
 [ 6.  6.]
 [-5.  4.]
 [-4.  9.]
 [-5.  6.]
 [ 6.  7.]
 [ 6.  6.]
 [-5.  5.]
 [-4.  8.]
 [-5.  7.]
 [ 6.  7.]
 [ 6.  6.]
 [-5.  6.]
 [-4.  8.]
 [-5.  7.]
 [ 6.  7.]
 [ 6.  6.]
 [-5.  6.]
 [-4.  8.]
 [-5.  8.]
 [ 6.  7.]
 [ 6.  6.]
 [-5.  6.]]
