Maze:
##########################
#                        #
#                        #
#                        #
#                        #
#                        #
#     ##############     #
#     #            #     #
#     #            #     #
#     #            #     #
#     #            #     #
#     #            #     #
#     #     D      #     #
#     #        C   #     #
#     #     S      #     #
#     #   B        #     #
#     #    A       #     #
#     #            #     #
#     #            #     #
#     ##############     #
#                        #
#                        #
#                        #
#                        #
#                        #
##########################
[[ 6.  8.]
 [ 5. 10.]
 [ 4.  9.]
 [ 9.  7.]
 [ 6.  6.]
 [ 7.  9.]
 [ 6. 11.]
 [ 5.  9.]
 [ 8.  8.]
 [ 6.  6.]
 [ 8. 10.]
 [ 6. 12.]
 [ 6.  9.]
 [ 7.  9.]
 [ 6.  6.]
 [ 8. 11.]
 [ 6. 13.]
 [ 7.  9.]
 [ 8. 10.]
 [ 6.  6.]
 [ 8. 12.]
 [ 6. 14.]
 [ 8. 10.]
 [ 8. 11.]
 [ 6.  6.]
 [ 8. 13.]
 [ 6. 15.]
 [ 8. 11.]
 [ 8. 12.]
 [ 6.  6.]
 [ 8. 14.]
 [ 6. 16.]
 [ 8. 12.]
 [ 8. 13.]
 [ 6.  6.]
 [ 8. 15.]
 [ 6. 17.]
 [ 8. 13.]
 [ 8. 14.]
 [ 6.  6.]
 [ 8. 16.]
 [ 6. 17.]
 [ 8. 14.]
 [ 8. 15.]
 [ 6.  6.]
 [ 7. 17.]
 [ 5. 17.]
 [ 8. 15.]
 [ 8. 16.]
 [ 6.  6.]
 [ 6. 17.]
 [ 4. 17.]
 [ 8. 16.]
 [ 7. 17.]
 [ 6.  6.]
 [ 5. 17.]
 [ 3. 17.]
 [ 7. 17.]
 [ 6. 17.]
 [ 6.  6.]
 [ 4. 17.]
 [ 2. 17.]
 [ 6. 17.]
 [ 5. 17.]
 [ 6.  6.]
 [ 3. 17.]
 [ 1. 17.]
 [ 5. 17.]
 [ 4. 17.]
 [ 6.  6.]
 [ 2. 17.]
 [ 0. 17.]
 [ 4. 17.]
 [ 3. 17.]
 [ 6.  6.]
 [ 1. 17.]
 [-1. 17.]
 [ 3. 17.]
 [ 2. 17.]
 [ 6.  6.]
 [ 0. 17.]
 [-2. 17.]
 [ 2. 17.]
 [ 1. 17.]
 [ 6.  6.]
 [-1. 17.]
 [-3. 17.]
 [ 1. 17.]
 [ 0. 17.]
 [ 6.  6.]
 [-2. 17.]
 [-4. 17.]
 [ 0. 17.]
 [-1. 17.]
 [ 6.  6.]
 [-3. 17.]
 [-5. 17.]
 [-1. 17.]
 [-2. 17.]
 [ 6.  6.]
 [-3. 17.]
 [-5. 17.]
 [-1. 17.]
 [-2. 17.]
 [ 6.  6.]
 [-4. 17.]
 [-5. 17.]
 [-2. 17.]
 [-3. 17.]
 [ 6.  6.]]
