Maze:
##########################
#                        #
#                        #
#                        #
#                        #
#                        #
#     ##############     #
#     #   A        #     #
#     #            #     #
#     # S          #     #
#     #            #     #
#     #            #     #
#     #    DC      #     #
#     #      B     #     #
#     #            #     #
#     #            #     #
#     #            #     #
#     #            #     #
#     #            #     #
#     ##############     #
#                        #
#                        #
#                        #
#                        #
#                        #
##########################
[[ 2.  3.]
 [ 4.  1.]
 [ 7.  7.]
 [ 6.  6.]
 [ 5.  6.]
 [ 3.  2.]
 [ 4.  0.]
 [ 7.  6.]
 [ 6.  6.]
 [ 4.  6.]
 [ 3.  1.]
 [ 4. -1.]
 [ 7.  6.]
 [ 6.  6.]
 [ 3.  6.]
 [ 3.  0.]
 [ 4. -2.]
 [ 7.  6.]
 [ 6.  6.]
 [ 2.  6.]
 [ 3. -1.]
 [ 4. -3.]
 [ 7.  6.]
 [ 6.  6.]
 [ 1.  6.]
 [ 3. -2.]
 [ 4. -4.]
 [ 7.  6.]
 [ 6.  6.]
 [ 0.  6.]
 [ 3. -3.]
 [ 4. -5.]
 [ 7.  6.]
 [ 6.  6.]
 [-1.  6.]
 [ 3. -4.]
 [ 4. -5.]
 [ 7.  6.]
 [ 6.  6.]
 [-1.  6.]
 [ 4. -5.]
 [ 5. -5.]
 [ 7.  6.]
 [ 6.  6.]
 [-1.  6.]
 [ 5. -5.]
 [ 6. -5.]
 [ 7.  6.]
 [ 6.  6.]
 [-1.  6.]
 [ 6. -5.]
 [ 7. -5.]
 [ 7.  6.]
 [ 6.  6.]
 [-1.  6.]
 [ 7. -5.]
 [ 8. -5.]
 [ 7.  6.]
 [ 6.  6.]
 [-1.  6.]
 [ 8. -5.]
 [ 9. -5.]
 [ 7.  6.]
 [ 6.  6.]
 [-1.  6.]
 [ 9. -5.]
 [10. -5.]
 [ 7.  6.]
 [ 6.  6.]
 [-1.  6.]
 [10. -5.]
 [11. -5.]
 [ 7.  6.]
 [ 6.  6.]
 [-1.  6.]
 [11. -5.]
 [12. -5.]
 [ 7.  6.]
 [ 6.  6.]
 [-1.  6.]
 [12. -5.]
 [13. -5.]
 [ 7.  6.]
 [ 6.  6.]
 [-1.  6.]
 [13. -5.]
 [14. -5.]
 [ 7.  6.]
 [ 6.  6.]
 [-1.  6.]
 [14. -5.]
 [15. -5.]
 [ 7.  6.]
 [ 6.  6.]
 [-1.  6.]
 [15. -5.]
 [16. -5.]
 [ 7.  6.]
 [ 6.  6.]
 [-1.  6.]
 [15. -5.]
 [16. -5.]
 [ 7.  6.]
 [ 6.  6.]
 [-1.  6.]
 [16. -5.]
 [17. -5.]
 [ 7.  6.]
 [ 6.  6.]
 [-1.  6.]]
