Maze:
##########################
#                        #
#                        #
#                        #
#                        #
#                        #
#     ##############     #
#     #      B     #     #
#     #            #     #
#     #            #     #
#     #            #     #
#     #            #     #
#     #     C     S#     #
#     #            #     #
#     # A          #     #
#     #            #     #
#     #  D         #     #
#     #            #     #
#     #            #     #
#     ##############     #
#                        #
#                        #
#                        #
#                        #
#                        #
##########################
[[12.  6.]
 [ 2.  8.]
 [ 7.  1.]
 [ 6.  6.]
 [ 3. 10.]
 [12.  6.]
 [ 3.  9.]
 [ 7.  0.]
 [ 6.  6.]
 [ 4. 11.]
 [12.  6.]
 [ 4. 10.]
 [ 7. -1.]
 [ 6.  6.]
 [ 5. 12.]
 [12.  6.]
 [ 5. 11.]
 [ 7. -1.]
 [ 6.  6.]
 [ 6. 13.]
 [12.  6.]
 [ 5. 12.]
 [ 7. -1.]
 [ 6.  6.]
 [ 6. 14.]
 [12.  6.]
 [ 5. 13.]
 [ 7. -1.]
 [ 6.  6.]
 [ 6. 15.]
 [12.  6.]
 [ 5. 14.]
 [ 7. -1.]
 [ 6.  6.]
 [ 6. 16.]
 [12.  6.]
 [ 5. 15.]
 [ 7. -1.]
 [ 6.  6.]
 [ 6. 17.]
 [12.  6.]
 [ 5. 16.]
 [ 7. -1.]
 [ 6.  6.]
 [ 6. 17.]
 [12.  6.]
 [ 6. 17.]
 [ 7. -1.]
 [ 6.  6.]
 [ 7. 17.]
 [12.  6.]
 [ 7. 17.]
 [ 7. -1.]
 [ 6.  6.]
 [ 8. 17.]
 [12.  6.]
 [ 8. 17.]
 [ 7. -1.]
 [ 6.  6.]
 [ 9. 17.]
 [12.  6.]
 [ 9. 17.]
 [ 7. -1.]
 [ 6.  6.]
 [10. 17.]
 [12.  6.]
 [10. 17.]
 [ 7. -1.]
 [ 6.  6.]
 [11. 17.]
 [12.  6.]
 [11. 17.]
 [ 7. -1.]
 [ 6.  6.]
 [12. 17.]
 [12.  6.]
 [12. 17.]
 [ 7. -1.]
 [ 6.  6.]
 [13. 17.]
 [12.  6.]
 [13. 17.]
 [ 7. -1.]
 [ 6.  6.]
 [14. 17.]
 [12.  6.]
 [14. 17.]
 [ 7. -1.]
 [ 6.  6.]
 [15. 17.]
 [12.  6.]
 [15. 17.]
 [ 7. -1.]
 [ 6.  6.]
 [16. 17.]
 [12.  6.]
 [16. 17.]
 [ 7. -1.]
 [ 6.  6.]
 [17. 17.]
 [12.  6.]
 [16. 17.]
 [ 7. -1.]
 [ 6.  6.]
 [17. 17.]]
