Maze:
##########################
#                        #
#                        #
#                        #
#                        #
#                        #
#     ##############     #
#     #       C    #     #
#     #D           #     #
#     #            #     #
#     #            #     #
#     #            #     #
#     #    SB      #     #
#     #  A         #     #
#     #            #     #
#     #            #     #
#     #            #     #
#     #            #     #
#     #            #     #
#     ##############     #
#                        #
#                        #
#                        #
#                        #
#                        #
##########################
[[ 5.  6.]
 [ 3.  7.]
 [ 6.  6.]
 [ 8.  1.]
 [ 1.  2.]
 [ 4.  6.]
 [ 2.  7.]
 [ 6.  6.]
 [ 8.  1.]
 [ 1.  1.]
 [ 3.  6.]
 [ 1.  7.]
 [ 6.  6.]
 [ 8.  1.]
 [ 1.  0.]
 [ 2.  6.]
 [ 0.  7.]
 [ 6.  6.]
 [ 8.  1.]
 [ 1.  0.]
 [ 1.  6.]
 [-1.  7.]
 [ 6.  6.]
 [ 8.  1.]
 [ 1.  0.]
 [ 0.  6.]
 [-2.  7.]
 [ 6.  6.]
 [ 8.  1.]
 [ 2.  0.]
 [-1.  6.]
 [-3.  7.]
 [ 6.  6.]
 [ 7.  1.]
 [ 3.  0.]
 [-2.  6.]
 [-4.  7.]
 [ 6.  6.]
 [ 6.  1.]
 [ 4.  0.]
 [-3.  6.]
 [-5.  7.]
 [ 6.  6.]
 [ 5.  1.]
 [ 5.  0.]
 [-4.  6.]
 [-5.  7.]
 [ 6.  6.]
 [ 5.  0.]
 [ 5.  1.]
 [-5.  7.]
 [-5.  8.]
 [ 6.  6.]
 [ 5.  1.]
 [ 5.  0.]
 [-5.  8.]
 [-5.  9.]
 [ 6.  6.]
 [ 5.  0.]
 [ 5.  1.]
 [-5.  9.]
 [-5. 10.]
 [ 6.  6.]
 [ 5.  1.]
 [ 5.  0.]
 [-5. 10.]
 [-5. 11.]
 [ 6.  6.]
 [ 5.  0.]
 [ 5.  1.]
 [-5. 11.]
 [-5. 12.]
 [ 6.  6.]
 [ 5.  1.]
 [ 5.  0.]
 [-5. 12.]
 [-5. 13.]
 [ 6.  6.]
 [ 5.  0.]
 [ 5.  1.]
 [-5. 13.]
 [-5. 14.]
 [ 6.  6.]
 [ 5.  1.]
 [ 5.  0.]
 [-5. 14.]
 [-5. 15.]
 [ 6.  6.]
 [ 5.  0.]
 [ 5.  1.]
 [-5. 15.]
 [-5. 16.]
 [ 6.  6.]
 [ 5.  1.]
 [ 5.  0.]
 [-5. 16.]
 [-5. 17.]
 [ 6.  6.]
 [ 5.  0.]
 [ 5.  1.]
 [-5. 16.]
 [-5. 17.]
 [ 6.  6.]
 [ 5.  0.]
 [ 5.  1.]
 [-5. 16.]
 [-5. 17.]
 [ 6.  6.]
 [ 5.  1.]
 [ 5.  0.]]
