Maze:
##########################
#                        #
#                        #
#                        #
#                        #
#                        #
#     ##############     #
#     #      C     #     #
#     #            #     #
#     #            #     #
#     #       D    #     #
#     #            #     #
#     #     S      #     #
#     #            #     #
#     #     A      #     #
#     #            #     #
#     #   B        #     #
#     #            #     #
#     #            #     #
#     ##############     #
#                        #
#                        #
#                        #
#                        #
#                        #
##########################
[[ 6.  6.]
 [ 6.  8.]
 [ 4. 10.]
 [ 7.  1.]
 [ 8.  4.]
 [ 6.  6.]
 [ 7.  9.]
 [ 5. 10.]
 [ 7.  2.]
 [ 8.  3.]
 [ 6.  6.]
 [ 8.  9.]
 [ 6. 10.]
 [ 8.  3.]
 [ 7.  2.]
 [ 6.  6.]
 [ 9.  9.]
 [ 7. 10.]
 [ 7.  2.]
 [ 8.  3.]
 [ 6.  6.]
 [10.  9.]
 [ 8. 10.]
 [ 8.  3.]
 [ 7.  2.]
 [ 6.  6.]
 [11.  9.]
 [ 9. 10.]
 [ 7.  2.]
 [ 8.  3.]
 [ 6.  6.]
 [12.  9.]
 [10. 10.]
 [ 8.  3.]
 [ 7.  2.]
 [ 6.  6.]
 [13.  9.]
 [11. 10.]
 [ 7.  2.]
 [ 8.  3.]
 [ 6.  6.]
 [14.  9.]
 [12. 10.]
 [ 8.  3.]
 [ 7.  2.]
 [ 6.  6.]
 [15.  9.]
 [13. 10.]
 [ 7.  2.]
 [ 8.  3.]
 [ 6.  6.]
 [16.  9.]
 [14. 10.]
 [ 8.  3.]
 [ 7.  2.]
 [ 6.  6.]
 [17.  9.]
 [15. 10.]
 [ 7.  2.]
 [ 8.  3.]
 [ 6.  6.]
 [17.  9.]
 [16. 10.]
 [ 8.  3.]
 [ 7.  2.]
 [ 6.  6.]
 [17.  8.]
 [17.  9.]
 [ 7.  2.]
 [ 8.  3.]
 [ 6.  6.]
 [17.  7.]
 [17.  8.]
 [ 8.  3.]
 [ 7.  2.]
 [ 6.  6.]
 [17.  6.]
 [17.  7.]
 [ 7.  2.]
 [ 8.  3.]
 [ 6.  6.]
 [17.  5.]
 [17.  6.]
 [ 8.  3.]
 [ 7.  2.]
 [ 6.  6.]
 [17.  4.]
 [17.  5.]
 [ 7.  2.]
 [ 8.  3.]
 [ 6.  6.]
 [17.  3.]
 [17.  4.]
 [ 8.  3.]
 [ 7.  2.]
 [ 6.  6.]
 [17.  2.]
 [17.  3.]
 [ 7.  2.]
 [ 8.  3.]
 [ 6.  6.]
 [17.  2.]
 [17.  3.]
 [ 7.  2.]
 [ 8.  3.]
 [ 6.  6.]
 [17.  1.]
 [17.  2.]
 [ 8.  3.]
 [ 7.  2.]]
