Maze:
##########################
#                        #
#                        #
#                        #
#                        #
#                        #
#     ##############     #
#     #            #     #
#     #         D  #     #
#     #            #     #
#     #            #     #
#     #            #     #
#     #     A      #     #
#     #        C   #     #
#     #    S       #     #
#     #            #     #
#     #            #     #
#     #            #     #
#     #  B         #     #
#     ##############     #
#                        #
#                        #
#                        #
#                        #
#                        #
##########################
[[ 5.  8.]
 [ 6.  6.]
 [ 3. 12.]
 [ 9.  7.]
 [10.  2.]
 [ 5.  9.]
 [ 6.  6.]
 [ 2. 13.]
 [ 8.  7.]
 [10.  3.]
 [ 5. 10.]
 [ 6.  6.]
 [ 1. 14.]
 [ 8.  8.]
 [ 9.  4.]
 [ 5. 11.]
 [ 6.  6.]
 [ 0. 14.]
 [ 7.  8.]
 [ 8.  5.]
 [ 5. 12.]
 [ 6.  6.]
 [-1. 14.]
 [ 7.  8.]
 [ 7.  6.]
 [ 5. 13.]
 [ 6.  6.]
 [-2. 14.]
 [ 7.  7.]
 [ 7.  6.]
 [ 5. 14.]
 [ 6.  6.]
 [-2. 14.]
 [ 7.  6.]
 [ 6.  7.]
 [ 5. 15.]
 [ 6.  6.]
 [-2. 14.]
 [ 7.  7.]
 [ 6.  7.]
 [ 5. 16.]
 [ 6.  6.]
 [-2. 14.]
 [ 6.  7.]
 [ 7.  6.]
 [ 5. 16.]
 [ 6.  6.]
 [-2. 14.]
 [ 7.  7.]
 [ 7.  6.]
 [ 5. 16.]
 [ 6.  6.]
 [-2. 14.]
 [ 7.  6.]
 [ 6.  7.]
 [ 5. 16.]
 [ 6.  6.]
 [-2. 14.]
 [ 7.  7.]
 [ 6.  7.]
 [ 5. 16.]
 [ 6.  6.]
 [-2. 14.]
 [ 6.  7.]
 [ 7.  6.]
 [ 5. 16.]
 [ 6.  6.]
 [-2. 14.]
 [ 7.  7.]
 [ 7.  6.]
 [ 5. 16.]
 [ 6.  6.]
 [-2. 14.]
 [ 7.  6.]
 [ 6.  7.]
 [ 5. 16.]
 [ 6.  6.]
 [-2. 14.]
 [ 7.  7.]
 [ 6.  7.]
 [ 5. 16.]
 [ 6.  6.]
 [-2. 14.]
 [ 6.  7.]
 [ 7.  6.]
 [ 5. 16.]
 [ 6.  6.]
 [-2. 14.]
 [ 7.  7.]
 [ 7.  6.]
 [ 5. 16.]
 [ 6.  6.]
 [-2. 14.]
 [ 7.  6.]
 [ 6.  7.]
 [ 5. 16.]
 [ 6.  6.]
 [-2. 14.]
 [ 7.  7.]
 [ 6.  7.]
 [ 5. 16.]
 [ 6.  6.]
 [-2. 14.]
 [ 7.  7.]
 [ 6.  7.]
 [ 5. 16.]
 [ 6.  6.]
 [-2. 14.]
 [ 6.  7.]
 [ 7.  6.]]
