Maze:
##########################
#                        #
#                        #
#                        #
#                        #
#                        #
#     ##############     #
#     #            #     #
#     #      S     #     #
#     #            #     #
#     #            #     #
#     #          A #     #
#     #     B      #     #
#     #         D  #     #
#     #            #     #
#     #            #     #
#     #       C    #     #
#     #            #     #
#     #            #     #
#     ##############     #
#                        #
#                        #
#                        #
#                        #
#                        #
##########################
[[ 7.  2.]
 [11.  5.]
 [ 6.  6.]
 [ 8. 10.]
 [10.  7.]
 [ 7.  2.]
 [11.  6.]
 [ 6.  6.]
 [ 7. 10.]
 [10.  8.]
 [ 7.  2.]
 [11.  7.]
 [ 6.  6.]
 [ 6. 10.]
 [10.  9.]
 [ 7.  2.]
 [11.  8.]
 [ 6.  6.]
 [ 5. 10.]
 [10. 10.]
 [ 7.  2.]
 [11.  9.]
 [ 6.  6.]
 [ 4.  9.]
 [10. 11.]
 [ 7.  2.]
 [11. 10.]
 [ 6.  6.]
 [ 4.  8.]
 [10. 12.]
 [ 7.  2.]
 [11. 11.]
 [ 6.  6.]
 [ 4.  7.]
 [10. 13.]
 [ 7.  2.]
 [11. 12.]
 [ 6.  6.]
 [ 5.  6.]
 [10. 14.]
 [ 7.  3.]
 [11. 13.]
 [ 6.  6.]
 [ 5.  6.]
 [10. 15.]
 [ 6.  4.]
 [11. 14.]
 [ 6.  6.]
 [ 5.  6.]
 [10. 16.]
 [ 5.  5.]
 [11. 15.]
 [ 6.  6.]
 [ 5.  6.]
 [10. 17.]
 [ 5.  6.]
 [11. 16.]
 [ 6.  6.]
 [ 6.  5.]
 [10. 17.]
 [ 5.  5.]
 [10. 17.]
 [ 6.  6.]
 [ 6.  5.]
 [ 9. 17.]
 [ 6.  5.]
 [ 9. 17.]
 [ 6.  6.]
 [ 5.  6.]
 [ 8. 17.]
 [ 5.  5.]
 [ 8. 17.]
 [ 6.  6.]
 [ 5.  6.]
 [ 7. 17.]
 [ 5.  6.]
 [ 7. 17.]
 [ 6.  6.]
 [ 6.  5.]
 [ 6. 17.]
 [ 5.  5.]
 [ 6. 17.]
 [ 6.  6.]
 [ 6.  5.]
 [ 5. 17.]
 [ 6.  5.]
 [ 5. 17.]
 [ 6.  6.]
 [ 5.  6.]
 [ 4. 17.]
 [ 5.  5.]
 [ 4. 17.]
 [ 6.  6.]
 [ 5.  6.]
 [ 3. 17.]
 [ 5.  6.]
 [ 3. 17.]
 [ 6.  6.]
 [ 6.  5.]
 [ 2. 17.]
 [ 5.  6.]
 [ 3. 17.]
 [ 6.  6.]
 [ 6.  5.]
 [ 2. 17.]
 [ 5.  5.]
 [ 2. 17.]
 [ 6.  6.]
 [ 6.  5.]
 [ 1. 17.]]
