Maze:
##########################
#                        #
#                        #
#                        #
#                        #
#                        #
#     ##############     #
#     #            #     #
#     #            #     #
#     #            #     #
#     #            #     #
#     #            #     #
#     #     C    D #     #
#     #        S   #     #
#     #         A  #     #
#     #            #     #
#     #     B      #     #
#     #            #     #
#     #            #     #
#     ##############     #
#                        #
#                        #
#                        #
#                        #
#                        #
##########################
[[ 9.  7.]
 [10.  8.]
 [ 6. 10.]
 [ 6.  6.]
 [11.  6.]
 [ 8.  7.]
 [10.  7.]
 [ 7.  9.]
 [ 6.  6.]
 [11.  5.]
 [ 7.  6.]
 [10.  6.]
 [ 8.  8.]
 [ 6.  6.]
 [11.  4.]
 [ 7.  6.]
 [10.  5.]
 [ 8.  7.]
 [ 6.  6.]
 [11.  3.]
 [ 7.  6.]
 [10.  4.]
 [ 8.  6.]
 [ 6.  6.]
 [11.  2.]
 [ 7.  6.]
 [10.  3.]
 [ 8.  6.]
 [ 6.  6.]
 [11.  1.]
 [ 7.  6.]
 [10.  2.]
 [ 8.  6.]
 [ 6.  6.]
 [11.  0.]
 [ 7.  6.]
 [10.  1.]
 [ 8.  6.]
 [ 6.  6.]
 [11. -1.]
 [ 7.  6.]
 [10.  0.]
 [ 8.  6.]
 [ 6.  6.]
 [11. -2.]
 [ 7.  6.]
 [10. -1.]
 [ 8.  6.]
 [ 6.  6.]
 [11. -3.]
 [ 7.  6.]
 [10. -2.]
 [ 8.  6.]
 [ 6.  6.]
 [11. -4.]
 [ 7.  6.]
 [10. -3.]
 [ 8.  6.]
 [ 6.  6.]
 [11. -5.]
 [ 7.  6.]
 [10. -4.]
 [ 8.  6.]
 [ 6.  6.]
 [11. -5.]
 [ 7.  6.]
 [11. -5.]
 [ 8.  6.]
 [ 6.  6.]
 [12. -5.]
 [ 7.  6.]
 [12. -5.]
 [ 8.  6.]
 [ 6.  6.]
 [13. -5.]
 [ 7.  6.]
 [13. -5.]
 [ 8.  6.]
 [ 6.  6.]
 [14. -5.]
 [ 7.  6.]
 [14. -5.]
 [ 8.  6.]
 [ 6.  6.]
 [15. -5.]
 [ 7.  6.]
 [15. -5.]
 [ 8.  6.]
 [ 6.  6.]
 [16. -5.]
 [ 7.  6.]
 [16. -5.]
 [ 8.  6.]
 [ 6.  6.]
 [17. -5.]
 [ 7.  6.]
 [16. -5.]
 [ 8.  6.]
 [ 6.  6.]
 [17. -5.]]
