Maze:
##########################
#                        #
#                        #
#                        #
#                        #
#                        #
#     ##############     #
#     # S          #     #
#     #            #     #
#     #            #     #
#     #           C#     #
#     #            #     #
#     #     BD     #     #
#     #            #     #
#     #A           #     #
#     #            #     #
#     #            #     #
#     #            #     #
#     #            #     #
#     ##############     #
#                        #
#                        #
#                        #
#                        #
#                        #
##########################
[[ 2.  1.]
 [ 1.  8.]
 [ 6.  6.]
 [12.  4.]
 [ 7.  6.]
 [ 2.  1.]
 [ 2.  8.]
 [ 6.  6.]
 [12.  4.]
 [ 8.  6.]
 [ 2.  1.]
 [ 3.  8.]
 [ 6.  6.]
 [12.  4.]
 [ 9.  6.]
 [ 2.  1.]
 [ 4.  8.]
 [ 6.  6.]
 [12.  4.]
 [10.  6.]
 [ 2.  1.]
 [ 5.  8.]
 [ 6.  6.]
 [13.  3.]
 [10.  7.]
 [ 2.  1.]
 [ 6.  8.]
 [ 6.  6.]
 [13.  3.]
 [11.  7.]
 [ 2.  1.]
 [ 7.  8.]
 [ 6.  6.]
 [13.  2.]
 [12.  7.]
 [ 2.  1.]
 [ 8.  8.]
 [ 6.  6.]
 [13.  1.]
 [13.  7.]
 [ 2.  1.]
 [ 9.  8.]
 [ 6.  6.]
 [13.  1.]
 [14.  7.]
 [ 2.  1.]
 [10.  8.]
 [ 6.  6.]
 [13.  0.]
 [15.  7.]
 [ 2.  1.]
 [11.  8.]
 [ 6.  6.]
 [13.  0.]
 [16.  7.]
 [ 2.  1.]
 [12.  8.]
 [ 6.  6.]
 [13.  0.]
 [17.  7.]
 [ 2.  1.]
 [13.  8.]
 [ 6.  6.]
 [13.  0.]
 [17.  7.]
 [ 2.  1.]
 [14.  8.]
 [ 6.  6.]
 [13.  0.]
 [17.  7.]
 [ 2.  1.]
 [15.  8.]
 [ 6.  6.]
 [13.  0.]
 [17.  7.]
 [ 2.  1.]
 [16.  8.]
 [ 6.  6.]
 [13.  0.]
 [17.  7.]
 [ 2.  1.]
 [17.  7.]
 [ 6.  6.]
 [13.  0.]
 [17.  6.]
 [ 2.  1.]
 [17.  6.]
 [ 6.  6.]
 [12.  0.]
 [17.  5.]
 [ 2.  1.]
 [17.  5.]
 [ 6.  6.]
 [11.  0.]
 [17.  4.]
 [ 2.  1.]
 [17.  4.]
 [ 6.  6.]
 [10.  0.]
 [17.  3.]
 [ 2.  1.]
 [17.  4.]
 [ 6.  6.]
 [10.  0.]
 [17.  3.]
 [ 2.  1.]
 [17.  3.]
 [ 6.  6.]
 [ 9.  0.]
 [17.  2.]]
