Maze:
##########################
#                        #
#                        #
#                        #
#                        #
#                        #
#     ##############     #
#     #            #     #
#     # S          #     #
#     #            #     #
#     #          C #     #
#     #            #     #
#     #     B      #     #
#     #            #     #
#     #            #     #
#     #   A        #     #
#     #            #     #
#     #            #     #
#     #    D       #     #
#     ##############     #
#                        #
#                        #
#                        #
#                        #
#                        #
##########################
[[ 2.  2.]
 [ 4.  9.]
 [ 6.  6.]
 [11.  4.]
 [ 5. 12.]
 [ 2.  2.]
 [ 4. 10.]
 [ 6.  6.]
 [11.  4.]
 [ 5. 13.]
 [ 2.  2.]
 [ 4. 11.]
 [ 6.  6.]
 [11.  4.]
 [ 5. 14.]
 [ 2.  2.]
 [ 4. 12.]
 [ 6.  6.]
 [11.  4.]
 [ 5. 15.]
 [ 2.  2.]
 [ 4. 13.]
 [ 6.  6.]
 [11.  4.]
 [ 5. 16.]
 [ 2.  2.]
 [ 4. 14.]
 [ 6.  6.]
 [11.  4.]
 [ 5. 17.]
 [ 2.  2.]
 [ 4. 15.]
 [ 6.  6.]
 [11.  4.]
 [ 5. 17.]
 [ 2.  2.]
 [ 4. 16.]
 [ 6.  6.]
 [10.  4.]
 [ 5. 17.]
 [ 2.  2.]
 [ 5. 17.]
 [ 6.  6.]
 [ 9.  4.]
 [ 6. 17.]
 [ 2.  2.]
 [ 6. 17.]
 [ 6.  6.]
 [ 8.  4.]
 [ 7. 17.]
 [ 2.  2.]
 [ 7. 17.]
 [ 6.  6.]
 [ 7.  5.]
 [ 8. 17.]
 [ 2.  2.]
 [ 8. 17.]
 [ 6.  6.]
 [ 7.  5.]
 [ 9. 17.]
 [ 2.  2.]
 [ 9. 17.]
 [ 6.  6.]
 [ 7.  5.]
 [10. 17.]
 [ 2.  2.]
 [10. 17.]
 [ 6.  6.]
 [ 7.  5.]
 [11. 17.]
 [ 2.  2.]
 [11. 17.]
 [ 6.  6.]
 [ 7.  5.]
 [12. 17.]
 [ 2.  2.]
 [12. 17.]
 [ 6.  6.]
 [ 7.  5.]
 [13. 17.]
 [ 2.  2.]
 [13. 17.]
 [ 6.  6.]
 [ 7.  5.]
 [14. 17.]
 [ 2.  2.]
 [14. 17.]
 [ 6.  6.]
 [ 7.  5.]
 [15. 17.]
 [ 2.  2.]
 [15. 17.]
 [ 6.  6.]
 [ 7.  5.]
 [16. 17.]
 [ 2.  2.]
 [16. 17.]
 [ 6.  6.]
 [ 7.  5.]
 [17. 17.]
 [ 2.  2.]
 [16. 17.]
 [ 6.  6.]
 [ 7.  5.]
 [17. 17.]]
