Maze:
##########################
#                        #
#                        #
#                        #
#                        #
#                        #
#     ##############     #
#     #            #     #
#     #        C   #     #
#     #            #     #
#     #            #     #
#     #            #     #
#     #     B      #     #
#     #            #     #
#     #            #     #
#     #   D        #     #
#     #  S         #     #
#     #       A    #     #
#     #            #     #
#     ##############     #
#                        #
#                        #
#                        #
#                        #
#                        #
##########################
[[ 3. 10.]
 [ 8. 11.]
 [ 6.  6.]
 [ 9.  2.]
 [ 4.  9.]
 [ 2. 11.]
 [ 7. 11.]
 [ 6.  6.]
 [ 9.  2.]
 [ 3. 10.]
 [ 1. 12.]
 [ 6. 11.]
 [ 6.  6.]
 [ 9.  2.]
 [ 2. 10.]
 [ 1. 13.]
 [ 5. 11.]
 [ 6.  6.]
 [ 9.  2.]
 [ 1. 10.]
 [ 1. 13.]
 [ 4. 11.]
 [ 6.  6.]
 [ 9.  2.]
 [ 0. 10.]
 [ 1. 13.]
 [ 3. 11.]
 [ 6.  6.]
 [ 9.  2.]
 [-1. 10.]
 [ 1. 13.]
 [ 2. 11.]
 [ 6.  6.]
 [ 9.  2.]
 [-2. 10.]
 [ 1. 14.]
 [ 1. 11.]
 [ 6.  6.]
 [ 9.  2.]
 [-3. 10.]
 [ 1. 14.]
 [ 0. 11.]
 [ 6.  6.]
 [ 9.  2.]
 [-4. 10.]
 [ 1. 14.]
 [-1. 11.]
 [ 6.  6.]
 [ 9.  2.]
 [-5. 10.]
 [ 1. 14.]
 [-2. 11.]
 [ 6.  6.]
 [ 9.  2.]
 [-5. 10.]
 [ 1. 14.]
 [-3. 11.]
 [ 6.  6.]
 [ 9.  2.]
 [-5. 10.]
 [ 1. 14.]
 [-4. 11.]
 [ 6.  6.]
 [ 9.  2.]
 [-5. 10.]
 [ 1. 14.]
 [-5. 10.]
 [ 6.  6.]
 [ 9.  2.]
 [-5.  9.]
 [ 1. 14.]
 [-5.  9.]
 [ 6.  6.]
 [ 9.  2.]
 [-5.  8.]
 [ 1. 14.]
 [-5.  8.]
 [ 6.  6.]
 [ 9.  2.]
 [-5.  7.]
 [ 1. 14.]
 [-5.  7.]
 [ 6.  6.]
 [ 9.  2.]
 [-5.  6.]
 [ 1. 14.]
 [-5.  6.]
 [ 6.  6.]
 [ 9.  2.]
 [-5.  5.]
 [ 1. 14.]
 [-5.  5.]
 [ 6.  6.]
 [ 9.  2.]
 [-5.  4.]
 [ 1. 14.]
 [-5.  4.]
 [ 6.  6.]
 [ 9.  2.]
 [-5.  3.]
 [ 1. 14.]
 [-5.  4.]
 [ 6.  6.]
 [ 9.  2.]
 [-5.  3.]
 [ 1. 14.]
 [-5.  3.]
 [ 6.  6.]
 [ 9.  2.]
 [-5.  2.]]
