Maze:
##########################
#                        #
#                        #
#                        #
#                        #
#                        #
#     ##############     #
#     #  D         #     #
#     #      B     #     #
#     #            #     #
#     #            #     #
#     #            #     #
#     #     S      #     #
#     # A          #     #
#     #        C   #     #
#     #            #     #
#     #            #     #
#     #            #     #
#     #            #     #
#     ##############     #
#                        #
#                        #
#                        #
#                        #
#                        #
##########################
[[ 6.  6.]
 [ 2.  7.]
 [ 7.  2.]
 [ 9.  8.]
 [ 3.  1.]
 [ 6.  6.]
 [ 2.  6.]
 [ 6.  2.]
 [ 9.  7.]
 [ 3.  0.]
 [ 6.  6.]
 [ 2.  5.]
 [ 5.  2.]
 [ 8.  6.]
 [ 3. -1.]
 [ 6.  6.]
 [ 2.  4.]
 [ 4.  2.]
 [ 7.  6.]
 [ 3. -2.]
 [ 6.  6.]
 [ 2.  3.]
 [ 3.  3.]
 [ 7.  6.]
 [ 3. -3.]
 [ 6.  6.]
 [ 2.  2.]
 [ 2.  3.]
 [ 7.  6.]
 [ 3. -4.]
 [ 6.  6.]
 [ 2.  1.]
 [ 2.  2.]
 [ 7.  6.]
 [ 3. -5.]
 [ 6.  6.]
 [ 2.  0.]
 [ 2.  1.]
 [ 7.  6.]
 [ 3. -5.]
 [ 6.  6.]
 [ 2. -1.]
 [ 2.  0.]
 [ 7.  6.]
 [ 3. -5.]
 [ 6.  6.]
 [ 2. -2.]
 [ 2. -1.]
 [ 7.  6.]
 [ 3. -5.]
 [ 6.  6.]
 [ 2. -3.]
 [ 2. -2.]
 [ 7.  6.]
 [ 3. -5.]
 [ 6.  6.]
 [ 2. -4.]
 [ 2. -3.]
 [ 7.  6.]
 [ 3. -5.]
 [ 6.  6.]
 [ 3. -5.]
 [ 2. -4.]
 [ 7.  6.]
 [ 4. -5.]
 [ 6.  6.]
 [ 4. -5.]
 [ 3. -5.]
 [ 7.  6.]
 [ 5. -5.]
 [ 6.  6.]
 [ 5. -5.]
 [ 4. -5.]
 [ 7.  6.]
 [ 6. -5.]
 [ 6.  6.]
 [ 6. -5.]
 [ 5. -5.]
 [ 7.  6.]
 [ 7. -5.]
 [ 6.  6.]
 [ 7. -5.]
 [ 6. -5.]
 [ 7.  6.]
 [ 8. -5.]
 [ 6.  6.]
 [ 8. -5.]
 [ 7. -5.]
 [ 7.  6.]
 [ 9. -5.]
 [ 6.  6.]
 [ 9. -5.]
 [ 8. -5.]
 [ 7.  6.]
 [10. -5.]
 [ 6.  6.]
 [10. -5.]
 [ 9. -5.]
 [ 7.  6.]
 [11. -5.]
 [ 6.  6.]
 [10. -5.]
 [ 9. -5.]
 [ 7.  6.]
 [11. -5.]
 [ 6.  6.]
 [11. -5.]
 [10. -5.]
 [ 7.  6.]
 [12. -5.]]
