Maze:
##########################
#                        #
#                        #
#                        #
#                        #
#                        #
#     ##############     #
#     #            #     #
#     #            #     #
#     #            #     #
#     #            #     #
#     #     D      #     #
#     #     S      #     #
#     #         B  #     #
#     #            #     #
#     #            #     #
#     #        C   #     #
#     #   A        #     #
#     #            #     #
#     ##############     #
#                        #
#                        #
#                        #
#                        #
#                        #
##########################
[[ 6.  6.]
 [ 4. 11.]
 [10.  7.]
 [ 9. 10.]
 [ 6.  5.]
 [ 6.  6.]
 [ 4. 10.]
 [ 9.  7.]
 [10.  9.]
 [ 6.  5.]
 [ 6.  6.]
 [ 4.  9.]
 [ 8.  7.]
 [10.  8.]
 [ 6.  5.]
 [ 6.  6.]
 [ 4.  8.]
 [ 7.  7.]
 [ 9.  7.]
 [ 6.  5.]
 [ 6.  6.]
 [ 4.  7.]
 [ 7.  7.]
 [ 8.  7.]
 [ 6.  5.]
 [ 6.  6.]
 [ 5.  6.]
 [ 7.  7.]
 [ 8.  7.]
 [ 7.  6.]
 [ 6.  6.]
 [ 5.  6.]
 [ 7.  6.]
 [ 7.  7.]
 [ 7.  5.]
 [ 6.  6.]
 [ 5.  6.]
 [ 7.  6.]
 [ 7.  7.]
 [ 7.  4.]
 [ 6.  6.]
 [ 5.  5.]
 [ 7.  6.]
 [ 7.  7.]
 [ 7.  3.]
 [ 6.  6.]
 [ 6.  4.]
 [ 7.  6.]
 [ 7.  7.]
 [ 8.  2.]
 [ 6.  6.]
 [ 7.  3.]
 [ 7.  6.]
 [ 7.  7.]
 [ 9.  1.]
 [ 6.  6.]
 [ 8.  2.]
 [ 7.  6.]
 [ 7.  7.]
 [10.  0.]
 [ 6.  6.]
 [ 9.  1.]
 [ 7.  6.]
 [ 7.  7.]
 [11. -1.]
 [ 6.  6.]
 [10.  0.]
 [ 7.  6.]
 [ 7.  7.]
 [12. -2.]
 [ 6.  6.]
 [11. -1.]
 [ 7.  6.]
 [ 7.  7.]
 [13. -3.]
 [ 6.  6.]
 [12. -2.]
 [ 7.  6.]
 [ 7.  7.]
 [14. -4.]
 [ 6.  6.]
 [13. -3.]
 [ 7.  6.]
 [ 7.  7.]
 [15. -5.]
 [ 6.  6.]
 [14. -4.]
 [ 7.  6.]
 [ 7.  7.]
 [16. -5.]
 [ 6.  6.]
 [15. -4.]
 [ 7.  6.]
 [ 7.  7.]
 [17. -5.]
 [ 6.  6.]
 [16. -4.]
 [ 7.  6.]
 [ 7.  7.]
 [17. -5.]
 [ 6.  6.]
 [16. -4.]
 [ 7.  6.]
 [ 7.  7.]
 [17. -5.]]
