Maze:
##########################
#                        #
#                        #
#                        #
#                        #
#                        #
#     ##############     #
#     #            #     #
#     #            #     #
#     # D          #     #
#     #            #     #
#     #            #     #
#     #     S      #     #
#     #       B    #     #
#     #    A       #     #
#     #      C     #     #
#     #            #     #
#     #            #     #
#     #            #     #
#     ##############     #
#                        #
#                        #
#                        #
#                        #
#                        #
##########################
[[ 6.  6.]
 [ 5.  8.]
 [ 8.  7.]
 [ 7.  9.]
 [ 2.  3.]
 [ 6.  6.]
 [ 4.  7.]
 [ 7.  7.]
 [ 8.  9.]
 [ 2.  2.]
 [ 6.  6.]
 [ 3.  6.]
 [ 7.  7.]
 [ 8.  8.]
 [ 2.  1.]
 [ 6.  6.]
 [ 3.  5.]
 [ 7.  7.]
 [ 8.  8.]
 [ 2.  0.]
 [ 6.  6.]
 [ 3.  4.]
 [ 7.  7.]
 [ 8.  8.]
 [ 2. -1.]
 [ 6.  6.]
 [ 3.  3.]
 [ 7.  7.]
 [ 8.  8.]
 [ 2. -2.]
 [ 6.  6.]
 [ 3.  2.]
 [ 7.  7.]
 [ 8.  8.]
 [ 2. -3.]
 [ 6.  6.]
 [ 3.  1.]
 [ 7.  7.]
 [ 8.  8.]
 [ 2. -4.]
 [ 6.  6.]
 [ 3.  0.]
 [ 7.  7.]
 [ 8.  8.]
 [ 2. -5.]
 [ 6.  6.]
 [ 3. -1.]
 [ 7.  7.]
 [ 8.  8.]
 [ 2. -5.]
 [ 6.  6.]
 [ 3. -2.]
 [ 7.  7.]
 [ 8.  8.]
 [ 2. -5.]
 [ 6.  6.]
 [ 3. -3.]
 [ 7.  7.]
 [ 8.  8.]
 [ 2. -5.]
 [ 6.  6.]
 [ 3. -4.]
 [ 7.  7.]
 [ 8.  8.]
 [ 2. -5.]
 [ 6.  6.]
 [ 2. -5.]
 [ 7.  7.]
 [ 8.  8.]
 [ 1. -5.]
 [ 6.  6.]
 [ 1. -5.]
 [ 7.  7.]
 [ 8.  8.]
 [ 0. -5.]
 [ 6.  6.]
 [ 0. -5.]
 [ 7.  7.]
 [ 8.  8.]
 [-1. -5.]
 [ 6.  6.]
 [-1. -5.]
 [ 7.  7.]
 [ 8.  8.]
 [-2. -5.]
 [ 6.  6.]
 [-2. -5.]
 [ 7.  7.]
 [ 8.  8.]
 [-3. -5.]
 [ 6.  6.]
 [-3. -5.]
 [ 7.  7.]
 [ 8.  8.]
 [-4. -5.]
 [ 6.  6.]
 [-4. -5.]
 [ 7.  7.]
 [ 8.  8.]
 [-5. -5.]
 [ 6.  6.]
 [-4. -5.]
 [ 7.  7.]
 [ 8.  8.]
 [-5. -5.]]
