Maze:
##########################
#                        #
#                        #
#                        #
#                        #
#                        #
#     ##############     #
#     #            #     #
#     #            #     #
#     #            #     #
#     #            #     #
#     #            #     #
#     #     S  B   #     #
#     #            #     #
#     # D          #     #
#     #            #     #
#     #     A      #     #
#     #            #     #
#     #   C        #     #
#     ##############     #
#                        #
#                        #
#                        #
#                        #
#                        #
##########################
[[ 6.  6.]
 [ 6. 10.]
 [ 9.  6.]
 [ 4. 12.]
 [ 2.  8.]
 [ 6.  6.]
 [ 5.  9.]
 [ 8.  6.]
 [ 3. 13.]
 [ 1.  7.]
 [ 6.  6.]
 [ 4.  8.]
 [ 7.  6.]
 [ 3. 14.]
 [ 0.  6.]
 [ 6.  6.]
 [ 3.  7.]
 [ 7.  6.]
 [ 3. 15.]
 [-1.  6.]
 [ 6.  6.]
 [ 2.  7.]
 [ 7.  6.]
 [ 3. 15.]
 [-2.  6.]
 [ 6.  6.]
 [ 1.  7.]
 [ 7.  6.]
 [ 3. 15.]
 [-3.  6.]
 [ 6.  6.]
 [ 0.  7.]
 [ 7.  6.]
 [ 3. 15.]
 [-4.  6.]
 [ 6.  6.]
 [-1.  7.]
 [ 7.  6.]
 [ 3. 15.]
 [-5.  6.]
 [ 6.  6.]
 [-2.  7.]
 [ 7.  6.]
 [ 3. 15.]
 [-5.  6.]
 [ 6.  6.]
 [-3.  7.]
 [ 7.  6.]
 [ 3. 15.]
 [-5.  6.]
 [ 6.  6.]
 [-4.  7.]
 [ 7.  6.]
 [ 3. 15.]
 [-5.  6.]
 [ 6.  6.]
 [-5.  6.]
 [ 7.  6.]
 [ 3. 15.]
 [-5.  5.]
 [ 6.  6.]
 [-5.  5.]
 [ 7.  6.]
 [ 3. 15.]
 [-5.  4.]
 [ 6.  6.]
 [-5.  4.]
 [ 7.  6.]
 [ 3. 15.]
 [-5.  3.]
 [ 6.  6.]
 [-5.  3.]
 [ 7.  6.]
 [ 3. 15.]
 [-5.  2.]
 [ 6.  6.]
 [-5.  2.]
 [ 7.  6.]
 [ 3. 15.]
 [-5.  1.]
 [ 6.  6.]
 [-5.  1.]
 [ 7.  6.]
 [ 3. 15.]
 [-5.  0.]
 [ 6.  6.]
 [-5.  0.]
 [ 7.  6.]
 [ 3. 15.]
 [-5. -1.]
 [ 6.  6.]
 [-5. -1.]
 [ 7.  6.]
 [ 3. 15.]
 [-5. -2.]
 [ 6.  6.]
 [-5. -2.]
 [ 7.  6.]
 [ 3. 15.]
 [-5. -3.]
 [ 6.  6.]
 [-5. -2.]
 [ 7.  6.]
 [ 3. 15.]
 [-5. -3.]
 [ 6.  6.]
 [-5. -3.]
 [ 7.  6.]
 [ 3. 15.]
 [-5. -4.]]
