Maze:
##########################
#                        #
#                        #
#                        #
#                        #
#                        #
#     ##############     #
#     #         S  #     #
#     #            #     #
#     #            #     #
#     #           C#     #
#     #            #     #
#     #     A      #     #
#     #            #     #
#     #            #     #
#     #       B    #     #
#     #            #     #
#     #   D        #     #
#     #            #     #
#     ##############     #
#                        #
#                        #
#                        #
#                        #
#                        #
##########################
[[10.  1.]
 [ 6.  6.]
 [ 8.  9.]
 [12.  4.]
 [ 4. 11.]
 [10.  2.]
 [ 6.  6.]
 [ 8. 10.]
 [12.  5.]
 [ 5. 10.]
 [10.  3.]
 [ 6.  6.]
 [ 8. 11.]
 [12.  6.]
 [ 6.  9.]
 [10.  4.]
 [ 6.  6.]
 [ 8. 12.]
 [12.  7.]
 [ 6.  8.]
 [10.  5.]
 [ 6.  6.]
 [ 8. 13.]
 [12.  8.]
 [ 6.  7.]
 [10.  6.]
 [ 6.  6.]
 [ 8. 14.]
 [12.  9.]
 [ 6.  7.]
 [10.  7.]
 [ 6.  6.]
 [ 8. 15.]
 [12. 10.]
 [ 6.  7.]
 [10.  8.]
 [ 6.  6.]
 [ 8. 16.]
 [12. 11.]
 [ 6.  7.]
 [10.  9.]
 [ 6.  6.]
 [ 8. 17.]
 [12. 12.]
 [ 6.  7.]
 [10. 10.]
 [ 6.  6.]
 [ 8. 17.]
 [12. 13.]
 [ 6.  7.]
 [10. 11.]
 [ 6.  6.]
 [ 8. 17.]
 [12. 14.]
 [ 6.  7.]
 [10. 12.]
 [ 6.  6.]
 [ 7. 17.]
 [12. 15.]
 [ 6.  7.]
 [10. 13.]
 [ 6.  6.]
 [ 6. 17.]
 [12. 16.]
 [ 6.  7.]
 [10. 14.]
 [ 6.  6.]
 [ 5. 17.]
 [12. 17.]
 [ 6.  7.]
 [10. 15.]
 [ 6.  6.]
 [ 4. 17.]
 [12. 17.]
 [ 6.  7.]
 [11. 16.]
 [ 6.  6.]
 [ 3. 17.]
 [13. 17.]
 [ 6.  7.]
 [12. 16.]
 [ 6.  6.]
 [ 2. 17.]
 [14. 17.]
 [ 6.  7.]
 [13. 16.]
 [ 6.  6.]
 [ 2. 17.]
 [15. 17.]
 [ 6.  7.]
 [14. 16.]
 [ 6.  6.]
 [ 2. 17.]
 [16. 17.]
 [ 6.  7.]
 [15. 16.]
 [ 6.  6.]
 [ 2. 17.]
 [17. 17.]
 [ 6.  7.]
 [15. 16.]
 [ 6.  6.]
 [ 2. 17.]
 [17. 17.]
 [ 6.  7.]
 [16. 16.]
 [ 6.  6.]
 [ 2. 17.]
 [17. 17.]
 [ 6.  7.]]
