Maze:
##########################
#                        #
#                        #
#                        #
#                        #
#                        #
#     ##############     #
#     #          S #     #
#     #            #     #
#     #           C#     #
#     #            #     #
#     #            #     #
#     #     A      #     #
#     #            #     #
#     #         D  #     #
#     #            #     #
#     #       B    #     #
#     #            #     #
#     #            #     #
#     ##############     #
#                        #
#                        #
#                        #
#                        #
#                        #
##########################
[[11.  1.]
 [ 6.  6.]
 [ 8. 10.]
 [12.  3.]
 [10.  8.]
 [11.  2.]
 [ 6.  6.]
 [ 8. 11.]
 [12.  4.]
 [ 9.  8.]
 [11.  3.]
 [ 6.  6.]
 [ 8. 12.]
 [12.  5.]
 [ 8.  8.]
 [11.  4.]
 [ 6.  6.]
 [ 8. 13.]
 [12.  6.]
 [ 7.  7.]
 [11.  5.]
 [ 6.  6.]
 [ 8. 14.]
 [12.  7.]
 [ 7.  7.]
 [11.  6.]
 [ 6.  6.]
 [ 8. 15.]
 [12.  8.]
 [ 7.  7.]
 [11.  7.]
 [ 6.  6.]
 [ 8. 16.]
 [12.  9.]
 [ 7.  7.]
 [11.  8.]
 [ 6.  6.]
 [ 8. 17.]
 [12. 10.]
 [ 7.  7.]
 [11.  9.]
 [ 6.  6.]
 [ 8. 17.]
 [12. 11.]
 [ 7.  7.]
 [11. 10.]
 [ 6.  6.]
 [ 8. 17.]
 [12. 12.]
 [ 7.  7.]
 [11. 11.]
 [ 6.  6.]
 [ 8. 17.]
 [12. 13.]
 [ 7.  7.]
 [11. 12.]
 [ 6.  6.]
 [ 8. 17.]
 [12. 14.]
 [ 7.  7.]
 [11. 13.]
 [ 6.  6.]
 [ 7. 17.]
 [12. 15.]
 [ 7.  7.]
 [11. 14.]
 [ 6.  6.]
 [ 6. 17.]
 [12. 16.]
 [ 7.  7.]
 [11. 15.]
 [ 6.  6.]
 [ 5. 17.]
 [12. 17.]
 [ 7.  7.]
 [11. 16.]
 [ 6.  6.]
 [ 4. 17.]
 [12. 17.]
 [ 7.  7.]
 [12. 17.]
 [ 6.  6.]
 [ 3. 17.]
 [13. 17.]
 [ 7.  7.]
 [13. 17.]
 [ 6.  6.]
 [ 2. 17.]
 [14. 17.]
 [ 7.  7.]
 [14. 17.]
 [ 6.  6.]
 [ 2. 17.]
 [15. 17.]
 [ 7.  7.]
 [15. 17.]
 [ 6.  6.]
 [ 2. 17.]
 [16. 17.]
 [ 7.  7.]
 [15. 17.]
 [ 6.  6.]
 [ 2. 17.]
 [16. 17.]
 [ 7.  7.]
 [16. 17.]
 [ 6.  6.]
 [ 2. 17.]
 [17. 17.]
 [ 7.  7.]]
