Maze:
##########################
#                        #
#                        #
#                        #
#                        #
#                        #
#     ##############     #
#     #        D   #     #
#     # A          #     #
#     #            #     #
#     #            #     #
#     #            #     #
#     #     S    C #     #
#     #            #     #
#     #            #     #
#     #            #     #
#     #       B    #     #
#     #            #     #
#     #            #     #
#     ##############     #
#                        #
#                        #
#                        #
#                        #
#                        #
##########################
[[ 6.  6.]
 [ 2.  2.]
 [ 8. 10.]
 [11.  6.]
 [ 9.  1.]
 [ 6.  6.]
 [ 2.  2.]
 [ 8. 11.]
 [11.  7.]
 [ 9.  1.]
 [ 6.  6.]
 [ 2.  2.]
 [ 8. 12.]
 [11.  8.]
 [ 9.  1.]
 [ 6.  6.]
 [ 2.  2.]
 [ 8. 13.]
 [11.  9.]
 [ 9.  1.]
 [ 6.  6.]
 [ 2.  2.]
 [ 8. 14.]
 [11. 10.]
 [ 9.  1.]
 [ 6.  6.]
 [ 2.  2.]
 [ 8. 15.]
 [11. 11.]
 [ 9.  1.]
 [ 6.  6.]
 [ 2.  2.]
 [ 8. 16.]
 [11. 12.]
 [ 9.  1.]
 [ 6.  6.]
 [ 2.  2.]
 [ 8. 17.]
 [11. 13.]
 [ 9.  1.]
 [ 6.  6.]
 [ 2.  2.]
 [ 8. 17.]
 [11. 14.]
 [ 9.  1.]
 [ 6.  6.]
 [ 2.  2.]
 [ 7. 17.]
 [10. 15.]
 [ 9.  1.]
 [ 6.  6.]
 [ 2.  2.]
 [ 6. 17.]
 [ 9. 16.]
 [ 9.  1.]
 [ 6.  6.]
 [ 2.  2.]
 [ 5. 17.]
 [ 8. 16.]
 [ 9.  1.]
 [ 6.  6.]
 [ 2.  2.]
 [ 4. 17.]
 [ 7. 16.]
 [ 9.  1.]
 [ 6.  6.]
 [ 2.  2.]
 [ 3. 17.]
 [ 6. 16.]
 [ 9.  1.]
 [ 6.  6.]
 [ 2.  2.]
 [ 2. 17.]
 [ 5. 16.]
 [ 9.  1.]
 [ 6.  6.]
 [ 2.  2.]
 [ 1. 17.]
 [ 4. 16.]
 [ 9.  1.]
 [ 6.  6.]
 [ 2.  2.]
 [ 0. 17.]
 [ 3. 16.]
 [ 9.  1.]
 [ 6.  6.]
 [ 2.  2.]
 [-1. 17.]
 [ 2. 16.]
 [ 9.  1.]
 [ 6.  6.]
 [ 2.  2.]
 [-2. 17.]
 [ 1. 16.]
 [ 9.  1.]
 [ 6.  6.]
 [ 2.  2.]
 [-3. 17.]
 [ 0. 16.]
 [ 9.  1.]
 [ 6.  6.]
 [ 2.  2.]
 [-3. 17.]
 [ 0. 16.]
 [ 9.  1.]
 [ 6.  6.]
 [ 2.  2.]
 [-4. 17.]
 [-1. 16.]
 [ 9.  1.]]
