Maze:
##########################
#                        #
#                        #
#                        #
#                        #
#                        #
#     ##############     #
#     #            #     #
#     #       D    #     #
#     #            #     #
#     #         A  #     #
#     #           C#     #
#     #     B      #     #
#     #            #     #
#     #            #     #
#     #            #     #
#     #          S #     #
#     #            #     #
#     #            #     #
#     ##############     #
#                        #
#                        #
#                        #
#                        #
#                        #
##########################
[[11. 10.]
 [10.  4.]
 [ 6.  6.]
 [12.  5.]
 [ 8.  2.]
 [11.  9.]
 [10.  4.]
 [ 6.  6.]
 [12.  5.]
 [ 9.  3.]
 [11.  8.]
 [10.  3.]
 [ 6.  6.]
 [11.  4.]
 [10.  4.]
 [11.  7.]
 [10.  4.]
 [ 6.  6.]
 [11.  3.]
 [10.  3.]
 [11.  6.]
 [10.  3.]
 [ 6.  6.]
 [12.  4.]
 [10.  4.]
 [11.  5.]
 [10.  4.]
 [ 6.  6.]
 [12.  3.]
 [10.  3.]
 [11.  4.]
 [10.  3.]
 [ 6.  6.]
 [12.  2.]
 [10.  4.]
 [11.  3.]
 [10.  4.]
 [ 6.  6.]
 [12.  1.]
 [ 9.  3.]
 [11.  2.]
 [ 9.  3.]
 [ 6.  6.]
 [12.  0.]
 [ 9.  4.]
 [11.  1.]
 [ 9.  4.]
 [ 6.  6.]
 [12. -1.]
 [ 9.  3.]
 [11.  0.]
 [ 9.  3.]
 [ 6.  6.]
 [12. -2.]
 [ 9.  4.]
 [11. -1.]
 [ 9.  4.]
 [ 6.  6.]
 [12. -3.]
 [ 9.  3.]
 [11. -2.]
 [ 9.  3.]
 [ 6.  6.]
 [12. -4.]
 [ 9.  4.]
 [11. -3.]
 [ 9.  4.]
 [ 6.  6.]
 [12. -5.]
 [ 9.  3.]
 [11. -4.]
 [ 9.  3.]
 [ 6.  6.]
 [12. -5.]
 [ 9.  4.]
 [12. -5.]
 [ 9.  4.]
 [ 6.  6.]
 [13. -5.]
 [ 9.  3.]
 [13. -5.]
 [ 9.  3.]
 [ 6.  6.]
 [14. -5.]
 [ 9.  4.]
 [14. -5.]
 [ 9.  4.]
 [ 6.  6.]
 [15. -5.]
 [ 9.  3.]
 [15. -5.]
 [ 9.  3.]
 [ 6.  6.]
 [16. -5.]
 [ 9.  4.]
 [16. -5.]
 [ 9.  4.]
 [ 6.  6.]
 [17. -5.]
 [ 9.  3.]
 [16. -5.]
 [ 9.  4.]
 [ 6.  6.]
 [17. -5.]
 [ 9.  3.]
 [16. -5.]
 [ 9.  3.]
 [ 6.  6.]
 [17. -5.]
 [ 9.  4.]]
