Maze:
##########################
#                        #
#                        #
#                        #
#                        #
#                        #
#     ##############     #
#     #            #     #
#     #            #     #
#     #            #     #
#     #            #     #
#     #            #     #
#     #     D      #     #
#     #      A     #     #
#     #            #     #
#     #        C   #     #
#     #            #     #
#     #     B      #     #
#     #           S#     #
#     ##############     #
#                        #
#                        #
#                        #
#                        #
#                        #
##########################
[[12. 12.]
 [ 7.  7.]
 [ 6. 11.]
 [ 9.  9.]
 [ 6.  6.]
 [11. 11.]
 [ 7.  6.]
 [ 5. 12.]
 [ 8.  9.]
 [ 6.  6.]
 [10. 10.]
 [ 7.  6.]
 [ 4. 13.]
 [ 7.  9.]
 [ 6.  6.]
 [ 9. 10.]
 [ 7.  6.]
 [ 3. 14.]
 [ 6.  9.]
 [ 6.  6.]
 [ 8. 10.]
 [ 7.  6.]
 [ 2. 15.]
 [ 5.  9.]
 [ 6.  6.]
 [ 7. 10.]
 [ 7.  6.]
 [ 1. 16.]
 [ 4.  9.]
 [ 6.  6.]
 [ 6. 10.]
 [ 7.  6.]
 [ 1. 17.]
 [ 3.  9.]
 [ 6.  6.]
 [ 5. 10.]
 [ 7.  6.]
 [ 1. 17.]
 [ 2.  9.]
 [ 6.  6.]
 [ 4. 10.]
 [ 7.  6.]
 [ 1. 17.]
 [ 1.  9.]
 [ 6.  6.]
 [ 3. 10.]
 [ 7.  6.]
 [ 1. 17.]
 [ 0.  9.]
 [ 6.  6.]
 [ 2. 10.]
 [ 7.  6.]
 [ 1. 17.]
 [-1.  9.]
 [ 6.  6.]
 [ 1. 10.]
 [ 7.  6.]
 [ 1. 17.]
 [-2.  9.]
 [ 6.  6.]
 [ 0. 10.]
 [ 7.  6.]
 [ 1. 17.]
 [-3.  9.]
 [ 6.  6.]
 [-1. 10.]
 [ 7.  6.]
 [ 1. 17.]
 [-4.  9.]
 [ 6.  6.]
 [-2. 10.]
 [ 7.  6.]
 [ 1. 17.]
 [-5.  9.]
 [ 6.  6.]
 [-3. 10.]
 [ 7.  6.]
 [ 1. 17.]
 [-5.  9.]
 [ 6.  6.]
 [-4. 10.]
 [ 7.  6.]
 [ 1. 17.]
 [-5.  9.]
 [ 6.  6.]
 [-5.  9.]
 [ 7.  6.]
 [ 1. 17.]
 [-5.  8.]
 [ 6.  6.]
 [-5.  8.]
 [ 7.  6.]
 [ 1. 17.]
 [-5.  7.]
 [ 6.  6.]
 [-5.  7.]
 [ 7.  6.]
 [ 1. 17.]
 [-5.  6.]
 [ 6.  6.]
 [-5.  7.]
 [ 7.  6.]
 [ 1. 17.]
 [-5.  6.]
 [ 6.  6.]
 [-5.  6.]
 [ 7.  6.]
 [ 1. 17.]
 [-5.  5.]
 [ 6.  6.]]
