Maze:
##########################
#                        #
#                        #
#                        #
#                        #
#                        #
#     ##############     #
#     #            #     #
#     #            #     #
#     #        B   #     #
#     #            #     #
#     #           C#     #
#     #     S      #     #
#     #            #     #
#     # A          #     #
#     #            #     #
#     #            #     #
#     #            #     #
#     #    D       #     #
#     ##############     #
#                        #
#                        #
#                        #
#                        #
#                        #
##########################
[[ 6.  6.]
 [ 2.  8.]
 [ 9.  3.]
 [12.  5.]
 [ 5. 12.]
 [ 6.  6.]
 [ 2.  8.]
 [ 9.  2.]
 [11.  4.]
 [ 4. 11.]
 [ 6.  6.]
 [ 2.  8.]
 [ 9.  1.]
 [10.  3.]
 [ 3. 10.]
 [ 6.  6.]
 [ 2.  8.]
 [ 9.  0.]
 [10.  2.]
 [ 3. 10.]
 [ 6.  6.]
 [ 2.  8.]
 [ 9. -1.]
 [10.  1.]
 [ 3. 10.]
 [ 6.  6.]
 [ 2.  8.]
 [ 9. -2.]
 [10.  0.]
 [ 3. 10.]
 [ 6.  6.]
 [ 2.  8.]
 [ 9. -3.]
 [10. -1.]
 [ 3. 10.]
 [ 6.  6.]
 [ 2.  8.]
 [ 9. -4.]
 [10. -2.]
 [ 3. 10.]
 [ 6.  6.]
 [ 2.  8.]
 [ 9. -5.]
 [10. -3.]
 [ 3. 10.]
 [ 6.  6.]
 [ 2.  8.]
 [ 9. -5.]
 [10. -4.]
 [ 3. 10.]
 [ 6.  6.]
 [ 2.  8.]
 [ 8. -5.]
 [ 9. -5.]
 [ 3. 10.]
 [ 6.  6.]
 [ 2.  8.]
 [ 7. -5.]
 [ 8. -5.]
 [ 3. 10.]
 [ 6.  6.]
 [ 2.  8.]
 [ 6. -5.]
 [ 7. -5.]
 [ 3. 10.]
 [ 6.  6.]
 [ 2.  8.]
 [ 5. -5.]
 [ 6. -5.]
 [ 3. 10.]
 [ 6.  6.]
 [ 2.  8.]
 [ 4. -5.]
 [ 5. -5.]
 [ 3. 10.]
 [ 6.  6.]
 [ 2.  8.]
 [ 3. -5.]
 [ 4. -5.]
 [ 3. 10.]
 [ 6.  6.]
 [ 2.  8.]
 [ 2. -5.]
 [ 3. -5.]
 [ 3. 10.]
 [ 6.  6.]
 [ 2.  8.]
 [ 1. -5.]
 [ 2. -5.]
 [ 3. 10.]
 [ 6.  6.]
 [ 2.  8.]
 [ 0. -5.]
 [ 1. -5.]
 [ 3. 10.]
 [ 6.  6.]
 [ 2.  8.]
 [-1. -5.]
 [ 0. -5.]
 [ 3. 10.]
 [ 6.  6.]
 [ 2.  8.]
 [-1. -5.]
 [ 0. -5.]
 [ 3. 10.]
 [ 6.  6.]
 [ 2.  8.]
 [-2. -5.]
 [-1. -5.]
 [ 3. 10.]]
