Maze:
##########################
#                        #
#                        #
#                        #
#                        #
#                        #
#     ##############     #
#     #    A       #     #
#     #            #     #
#     #            #     #
#     #   B        #     #
#     #            #     #
#     #     D      #     #
#     #            #     #
#     #C           #     #
#     #            #     #
#     #       S    #     #
#     #            #     #
#     #            #     #
#     ##############     #
#                        #
#                        #
#                        #
#                        #
#                        #
##########################
[[ 8. 10.]
 [ 5.  1.]
 [ 4.  4.]
 [ 1.  8.]
 [ 6.  6.]
 [ 7. 10.]
 [ 5.  0.]
 [ 3.  5.]
 [ 1.  7.]
 [ 6.  6.]
 [ 6.  9.]
 [ 5.  0.]
 [ 3.  4.]
 [ 1.  6.]
 [ 6.  6.]
 [ 5.  8.]
 [ 5.  0.]
 [ 3.  3.]
 [ 1.  5.]
 [ 6.  6.]
 [ 4.  7.]
 [ 6. -1.]
 [ 3.  2.]
 [ 1.  4.]
 [ 6.  6.]
 [ 3.  6.]
 [ 6. -1.]
 [ 3.  1.]
 [ 1.  3.]
 [ 6.  6.]
 [ 3.  5.]
 [ 7. -1.]
 [ 3.  0.]
 [ 1.  2.]
 [ 6.  6.]
 [ 3.  4.]
 [ 8. -1.]
 [ 3. -1.]
 [ 1.  1.]
 [ 6.  6.]
 [ 3.  3.]
 [ 8. -1.]
 [ 3. -2.]
 [ 1.  0.]
 [ 6.  6.]
 [ 3.  2.]
 [ 8. -1.]
 [ 3. -3.]
 [ 1. -1.]
 [ 6.  6.]
 [ 3.  1.]
 [ 8. -1.]
 [ 3. -4.]
 [ 1. -2.]
 [ 6.  6.]
 [ 3.  0.]
 [ 8. -1.]
 [ 3. -5.]
 [ 1. -3.]
 [ 6.  6.]
 [ 3. -1.]
 [ 8. -1.]
 [ 3. -5.]
 [ 1. -4.]
 [ 6.  6.]
 [ 3. -2.]
 [ 8. -1.]
 [ 4. -5.]
 [ 2. -5.]
 [ 6.  6.]
 [ 3. -3.]
 [ 8. -1.]
 [ 5. -5.]
 [ 3. -5.]
 [ 6.  6.]
 [ 3. -4.]
 [ 8. -1.]
 [ 6. -5.]
 [ 4. -5.]
 [ 6.  6.]
 [ 4. -5.]
 [ 8.  0.]
 [ 7. -5.]
 [ 5. -5.]
 [ 6.  6.]
 [ 5. -5.]
 [ 8.  1.]
 [ 8. -5.]
 [ 6. -5.]
 [ 6.  6.]
 [ 6. -5.]
 [ 8.  1.]
 [ 9. -5.]
 [ 7. -5.]
 [ 6.  6.]
 [ 7. -5.]
 [ 8.  1.]
 [10. -5.]
 [ 8. -5.]
 [ 6.  6.]
 [ 7. -5.]
 [ 8.  1.]
 [10. -5.]
 [ 8. -5.]
 [ 6.  6.]
 [ 8. -5.]
 [ 8.  1.]
 [11. -5.]
 [ 9. -5.]
 [ 6.  6.]]
