Maze:
##########################
#                        #
#                        #
#                        #
#                        #
#                        #
#     ##############     #
#     #   C        #     #
#     #            #     #
#     #          S #     #
#     #            #     #
#     #            #     #
#     #     D      #     #
#     #            #     #
#     #            #     #
#     #            #     #
#     #            #     #
#     # B          #     #
#     #      A     #     #
#     ##############     #
#                        #
#                        #
#                        #
#                        #
#                        #
##########################
[[11.  3.]
 [ 7. 12.]
 [ 2. 11.]
 [ 4.  1.]
 [ 6.  6.]
 [10.  3.]
 [ 8. 12.]
 [ 1. 11.]
 [ 3.  1.]
 [ 6.  6.]
 [ 9.  3.]
 [ 8. 12.]
 [ 0. 11.]
 [ 2.  1.]
 [ 6.  6.]
 [ 8.  3.]
 [ 8. 12.]
 [-1. 11.]
 [ 1.  1.]
 [ 6.  6.]
 [ 7.  3.]
 [ 8. 12.]
 [-2. 11.]
 [ 0.  1.]
 [ 6.  6.]
 [ 6.  3.]
 [ 8. 12.]
 [-2. 11.]
 [-1.  1.]
 [ 6.  6.]
 [ 5.  3.]
 [ 8. 12.]
 [-2. 11.]
 [-2.  1.]
 [ 6.  6.]
 [ 4.  3.]
 [ 8. 12.]
 [-2. 11.]
 [-3.  1.]
 [ 6.  6.]
 [ 3.  3.]
 [ 8. 12.]
 [-2. 11.]
 [-4.  1.]
 [ 6.  6.]
 [ 2.  3.]
 [ 8. 12.]
 [-2. 11.]
 [-5.  1.]
 [ 6.  6.]
 [ 1.  3.]
 [ 8. 12.]
 [-2. 11.]
 [-5.  1.]
 [ 6.  6.]
 [ 0.  3.]
 [ 8. 12.]
 [-2. 11.]
 [-5.  1.]
 [ 6.  6.]
 [-1.  3.]
 [ 8. 12.]
 [-2. 12.]
 [-5.  1.]
 [ 6.  6.]
 [-2.  3.]
 [ 8. 12.]
 [-2. 12.]
 [-5.  1.]
 [ 6.  6.]
 [-3.  2.]
 [ 8. 12.]
 [-2. 12.]
 [-5.  1.]
 [ 6.  6.]
 [-4.  2.]
 [ 8. 12.]
 [-2. 12.]
 [-5.  1.]
 [ 6.  6.]
 [-5.  1.]
 [ 8. 12.]
 [-2. 12.]
 [-5.  0.]
 [ 6.  6.]
 [-5.  0.]
 [ 8. 12.]
 [-2. 12.]
 [-5. -1.]
 [ 6.  6.]
 [-5. -1.]
 [ 8. 12.]
 [-2. 12.]
 [-5. -2.]
 [ 6.  6.]
 [-5. -2.]
 [ 8. 12.]
 [-2. 12.]
 [-5. -3.]
 [ 6.  6.]
 [-5. -2.]
 [ 8. 12.]
 [-2. 12.]
 [-5. -3.]
 [ 6.  6.]
 [-5. -3.]
 [ 8. 12.]
 [-2. 12.]
 [-5. -4.]
 [ 6.  6.]]
