Maze:
##########################
#                        #
#                        #
#                        #
#                        #
#                        #
#     ##############     #
#     #            #     #
#     #            #     #
#     #           B#     #
#     #     C      #     #
#     #            #     #
#     #     D      #     #
#     #       A    #     #
#     #            #     #
#     #            #     #
#     #            #     #
#     #            #     #
#     #         S  #     #
#     ##############     #
#                        #
#                        #
#                        #
#                        #
#                        #
##########################
[[10. 12.]
 [ 8.  7.]
 [12.  3.]
 [ 6.  4.]
 [ 6.  6.]
 [10. 12.]
 [ 7.  7.]
 [12.  4.]
 [ 6.  3.]
 [ 6.  6.]
 [10. 12.]
 [ 7.  7.]
 [12.  5.]
 [ 6.  2.]
 [ 6.  6.]
 [10. 12.]
 [ 7.  7.]
 [11.  6.]
 [ 6.  1.]
 [ 6.  6.]
 [10. 12.]
 [ 7.  7.]
 [10.  7.]
 [ 6.  0.]
 [ 6.  6.]
 [10. 12.]
 [ 7.  7.]
 [ 9.  7.]
 [ 6. -1.]
 [ 6.  6.]
 [10. 12.]
 [ 6.  7.]
 [ 8.  7.]
 [ 6. -1.]
 [ 6.  6.]
 [10. 12.]
 [ 6.  7.]
 [ 7.  7.]
 [ 6. -1.]
 [ 6.  6.]
 [10. 12.]
 [ 5.  6.]
 [ 6.  7.]
 [ 6. -1.]
 [ 6.  6.]
 [10. 12.]
 [ 6.  5.]
 [ 5.  7.]
 [ 6. -1.]
 [ 6.  6.]
 [10. 12.]
 [ 6.  5.]
 [ 4.  7.]
 [ 6. -1.]
 [ 6.  6.]
 [10. 12.]
 [ 6.  5.]
 [ 4.  6.]
 [ 6. -1.]
 [ 6.  6.]
 [10. 12.]
 [ 6.  5.]
 [ 5.  5.]
 [ 6. -1.]
 [ 6.  6.]
 [10. 12.]
 [ 7.  6.]
 [ 6.  5.]
 [ 6. -1.]
 [ 6.  6.]
 [10. 12.]
 [ 6.  7.]
 [ 7.  5.]
 [ 6. -1.]
 [ 6.  6.]
 [10. 12.]
 [ 6.  7.]
 [ 8.  5.]
 [ 6. -1.]
 [ 6.  6.]
 [10. 12.]
 [ 6.  7.]
 [ 8.  6.]
 [ 6. -1.]
 [ 6.  6.]
 [10. 12.]
 [ 6.  7.]
 [ 8.  7.]
 [ 6. -1.]
 [ 6.  6.]
 [10. 12.]
 [ 6.  7.]
 [ 7.  7.]
 [ 6. -1.]
 [ 6.  6.]
 [10. 12.]
 [ 5.  6.]
 [ 6.  7.]
 [ 6. -1.]
 [ 6.  6.]
 [10. 12.]
 [ 5.  6.]
 [ 6.  7.]
 [ 6. -1.]
 [ 6.  6.]
 [10. 12.]
 [ 6.  5.]
 [ 5.  7.]
 [ 6. -1.]
 [ 6.  6.]]
