Maze:
##########################
#                        #
#                        #
#                        #
#                        #
#                        #
#     ##############     #
#     #           B#     #
#     #            #     #
#     #            #     #
#     #            #     #
#     #            #     #
#     #     C      #     #
#     #            #     #
#     #        S   #     #
#     #      A     #     #
#     #         D  #     #
#     #            #     #
#     #            #     #
#     ##############     #
#                        #
#                        #
#                        #
#                        #
#                        #
##########################
[[ 9.  8.]
 [ 7.  9.]
 [12.  1.]
 [ 6.  6.]
 [10. 10.]
 [ 9.  7.]
 [ 8. 10.]
 [12.  1.]
 [ 6.  6.]
 [10.  9.]
 [ 8.  6.]
 [ 9. 10.]
 [12.  1.]
 [ 6.  6.]
 [10.  8.]
 [ 7.  6.]
 [10.  9.]
 [12.  1.]
 [ 6.  6.]
 [10.  7.]
 [ 7.  6.]
 [10.  8.]
 [12.  1.]
 [ 6.  6.]
 [10.  6.]
 [ 7.  6.]
 [10.  7.]
 [12.  1.]
 [ 6.  6.]
 [10.  5.]
 [ 7.  6.]
 [10.  6.]
 [12.  1.]
 [ 6.  6.]
 [10.  4.]
 [ 7.  6.]
 [10.  5.]
 [12.  1.]
 [ 6.  6.]
 [10.  3.]
 [ 7.  6.]
 [10.  4.]
 [12.  1.]
 [ 6.  6.]
 [10.  2.]
 [ 7.  6.]
 [10.  3.]
 [13.  2.]
 [ 6.  6.]
 [10.  1.]
 [ 7.  6.]
 [10.  2.]
 [12.  3.]
 [ 6.  6.]
 [10.  0.]
 [ 7.  6.]
 [10.  1.]
 [11.  3.]
 [ 6.  6.]
 [10. -1.]
 [ 7.  6.]
 [10.  0.]
 [10.  2.]
 [ 6.  6.]
 [10. -2.]
 [ 7.  6.]
 [10. -1.]
 [10.  1.]
 [ 6.  6.]
 [10. -3.]
 [ 7.  6.]
 [10. -2.]
 [10.  0.]
 [ 6.  6.]
 [10. -4.]
 [ 7.  6.]
 [10. -3.]
 [10. -1.]
 [ 6.  6.]
 [10. -5.]
 [ 7.  6.]
 [10. -4.]
 [10. -2.]
 [ 6.  6.]
 [10. -5.]
 [ 7.  6.]
 [10. -4.]
 [10. -3.]
 [ 6.  6.]
 [10. -5.]
 [ 7.  6.]
 [10. -4.]
 [10. -3.]
 [ 6.  6.]
 [10. -5.]]
