Maze:
##########################
#                        #
#                        #
#                        #
#                        #
#                        #
#     ##############     #
#     #      B     #     #
#     #            #     #
#     #            #     #
#     #       C    #     #
#     #    D       #     #
#     #     A      #     #
#     #            #     #
#     #            #     #
#     #            #     #
#     #           S#     #
#     #            #     #
#     #            #     #
#     ##############     #
#                        #
#                        #
#                        #
#                        #
#                        #
##########################
[[12. 10.]
 [ 6.  6.]
 [ 7.  1.]
 [ 8.  4.]
 [ 5.  5.]
 [12. 10.]
 [ 6.  6.]
 [ 7.  2.]
 [ 9.  3.]
 [ 4.  4.]
 [12. 10.]
 [ 6.  6.]
 [ 8.  3.]
 [ 8.  2.]
 [ 3.  4.]
 [12. 10.]
 [ 6.  6.]
 [ 8.  4.]
 [ 8.  3.]
 [ 2.  4.]
 [12. 10.]
 [ 6.  6.]
 [ 7.  5.]
 [ 8.  4.]
 [ 1.  4.]
 [12.  9.]
 [ 6.  6.]
 [ 7.  5.]
 [ 8.  4.]
 [ 0.  4.]
 [12.  8.]
 [ 6.  6.]
 [ 7.  5.]
 [ 8.  4.]
 [-1.  4.]
 [11.  7.]
 [ 6.  6.]
 [ 7.  5.]
 [ 8.  4.]
 [-2.  4.]
 [10.  6.]
 [ 6.  6.]
 [ 7.  5.]
 [ 8.  4.]
 [-2.  4.]
 [ 9.  5.]
 [ 6.  6.]
 [ 7.  5.]
 [ 8.  4.]
 [-2.  4.]
 [ 8.  4.]
 [ 6.  6.]
 [ 7.  6.]
 [ 7.  4.]
 [-2.  4.]
 [ 7.  4.]
 [ 6.  6.]
 [ 7.  6.]
 [ 6.  4.]
 [-2.  4.]
 [ 6.  4.]
 [ 6.  6.]
 [ 7.  6.]
 [ 5.  4.]
 [-2.  4.]
 [ 5.  4.]
 [ 6.  6.]
 [ 7.  6.]
 [ 4.  4.]
 [-2.  4.]
 [ 4.  4.]
 [ 6.  6.]
 [ 7.  6.]
 [ 3.  4.]
 [-2.  4.]
 [ 3.  4.]
 [ 6.  6.]
 [ 7.  6.]
 [ 2.  4.]
 [-2.  4.]
 [ 2.  4.]
 [ 6.  6.]
 [ 7.  6.]
 [ 1.  4.]
 [-2.  4.]
 [ 1.  4.]
 [ 6.  6.]
 [ 7.  6.]
 [ 0.  4.]
 [-2.  4.]
 [ 0.  4.]
 [ 6.  6.]
 [ 7.  6.]
 [-1.  4.]
 [-3.  4.]
 [-1.  4.]
 [ 6.  6.]
 [ 7.  6.]
 [-2.  4.]
 [-4.  4.]
 [-1.  4.]
 [ 6.  6.]
 [ 7.  6.]
 [-2.  4.]
 [-4.  4.]
 [-2.  4.]
 [ 6.  6.]
 [ 7.  6.]
 [-3.  4.]
 [-5.  4.]]
