Maze:
##########################
#                        #
#                        #
#                        #
#                        #
#                        #
#     ##############     #
#     #            #     #
#     #     S      #     #
#     #         C  #     #
#     #            #     #
#     #            #     #
#     #     A      #     #
#     #            #     #
#     #            #     #
#     #        D   #     #
#     #            #     #
#     #            #     #
#     #          B #     #
#     ##############     #
#                        #
#                        #
#                        #
#                        #
#                        #
##########################
[[ 6.  2.]
 [ 6.  6.]
 [11. 12.]
 [10.  3.]
 [ 9.  9.]
 [ 7.  2.]
 [ 6.  6.]
 [11. 12.]
 [11.  3.]
 [ 9.  9.]
 [ 8.  2.]
 [ 6.  6.]
 [11. 12.]
 [12.  3.]
 [ 9.  9.]
 [ 9.  2.]
 [ 6.  6.]
 [11. 12.]
 [13.  3.]
 [ 9.  9.]
 [10.  2.]
 [ 6.  6.]
 [11. 12.]
 [14.  3.]
 [ 9.  9.]
 [11.  2.]
 [ 6.  6.]
 [11. 12.]
 [15.  3.]
 [ 9.  9.]
 [12.  2.]
 [ 6.  6.]
 [11. 12.]
 [16.  3.]
 [ 9.  9.]
 [13.  2.]
 [ 6.  6.]
 [11. 12.]
 [17.  3.]
 [10.  9.]
 [14.  2.]
 [ 6.  6.]
 [11. 13.]
 [17.  3.]
 [10.  8.]
 [15.  2.]
 [ 6.  6.]
 [11. 13.]
 [17.  3.]
 [11.  8.]
 [16.  2.]
 [ 6.  6.]
 [11. 13.]
 [17.  3.]
 [12.  8.]
 [17.  3.]
 [ 6.  6.]
 [11. 13.]
 [17.  4.]
 [13.  8.]
 [17.  4.]
 [ 6.  6.]
 [11. 13.]
 [17.  5.]
 [14.  8.]
 [17.  5.]
 [ 6.  6.]
 [11. 13.]
 [17.  6.]
 [15.  7.]
 [17.  6.]
 [ 6.  6.]
 [11. 13.]
 [17.  7.]
 [15.  6.]
 [17.  7.]
 [ 6.  6.]
 [11. 13.]
 [17.  8.]
 [16.  6.]
 [17.  8.]
 [ 6.  6.]
 [11. 13.]
 [17.  9.]
 [17.  7.]
 [17.  9.]
 [ 6.  6.]
 [11. 13.]
 [17. 10.]
 [17.  8.]
 [17. 10.]
 [ 6.  6.]
 [11. 13.]
 [17. 11.]
 [17.  9.]
 [17. 11.]
 [ 6.  6.]
 [11. 13.]
 [17. 12.]
 [17. 10.]
 [17. 11.]
 [ 6.  6.]
 [11. 13.]
 [17. 12.]
 [17. 10.]
 [17. 12.]
 [ 6.  6.]
 [11. 13.]
 [17. 13.]
 [17. 11.]]
