Maze:
##########################
#                        #
#                        #
#                        #
#                        #
#                        #
#     ##############     #
#     #            #     #
#     #            #     #
#     #            #     #
#     #         A  #     #
#     #            #     #
#     #     S  B   #     #
#     #            #     #
#     #           C#     #
#     #            #     #
#     #            #     #
#     #    D       #     #
#     #            #     #
#     ##############     #
#                        #
#                        #
#                        #
#                        #
#                        #
##########################
[[ 6.  6.]
 [10.  4.]
 [ 9.  6.]
 [12.  8.]
 [ 5. 11.]
 [ 6.  6.]
 [10.  3.]
 [ 9.  5.]
 [12.  8.]
 [ 5. 10.]
 [ 6.  6.]
 [10.  2.]
 [ 9.  4.]
 [12.  8.]
 [ 5.  9.]
 [ 6.  6.]
 [10.  1.]
 [ 9.  3.]
 [12.  8.]
 [ 5.  8.]
 [ 6.  6.]
 [10.  0.]
 [ 9.  2.]
 [12.  8.]
 [ 5.  7.]
 [ 6.  6.]
 [10. -1.]
 [ 9.  1.]
 [12.  8.]
 [ 5.  7.]
 [ 6.  6.]
 [10. -2.]
 [ 9.  0.]
 [13.  8.]
 [ 5.  7.]
 [ 6.  6.]
 [10. -3.]
 [ 9. -1.]
 [13.  8.]
 [ 5.  7.]
 [ 6.  6.]
 [10. -4.]
 [ 9. -2.]
 [13.  8.]
 [ 5.  7.]
 [ 6.  6.]
 [10. -5.]
 [ 9. -3.]
 [13.  8.]
 [ 5.  7.]
 [ 6.  6.]
 [10. -5.]
 [ 9. -4.]
 [13.  8.]
 [ 5.  7.]
 [ 6.  6.]
 [11. -5.]
 [10. -5.]
 [13.  8.]
 [ 5.  7.]
 [ 6.  6.]
 [12. -5.]
 [11. -5.]
 [13.  8.]
 [ 5.  7.]
 [ 6.  6.]
 [13. -5.]
 [12. -5.]
 [13.  8.]
 [ 5.  7.]
 [ 6.  6.]
 [14. -5.]
 [13. -5.]
 [13.  8.]
 [ 5.  7.]
 [ 6.  6.]
 [15. -5.]
 [14. -5.]
 [13.  8.]
 [ 5.  7.]
 [ 6.  6.]
 [16. -5.]
 [15. -5.]
 [13.  8.]
 [ 5.  7.]
 [ 6.  6.]
 [17. -5.]
 [16. -5.]
 [13.  8.]
 [ 5.  7.]
 [ 6.  6.]
 [17. -5.]
 [16. -5.]
 [13.  8.]
 [ 5.  7.]]
