Maze:
##########################
#                        #
#                        #
#                        #
#                        #
#                        #
#     ##############     #
#     #           D#     #
#     #     A      #     #
#     #            #     #
#     #            #     #
#     #            #     #
#     #     C      #     #
#     #            #     #
#     #        S   #     #
#     #            #     #
#     #            #     #
#     #  B         #     #
#     #            #     #
#     ##############     #
#                        #
#                        #
#                        #
#                        #
#                        #
##########################
[[ 9.  8.]
 [ 6.  2.]
 [ 3. 11.]
 [ 6.  6.]
 [12.  1.]
 [ 8.  8.]
 [ 6.  1.]
 [ 3. 11.]
 [ 6.  6.]
 [13.  1.]
 [ 7.  7.]
 [ 7.  0.]
 [ 3. 11.]
 [ 6.  6.]
 [13.  1.]
 [ 7.  7.]
 [ 8.  0.]
 [ 3. 10.]
 [ 6.  6.]
 [14.  1.]
 [ 7.  7.]
 [ 9.  0.]
 [ 4.  9.]
 [ 6.  6.]
 [15.  1.]
 [ 7.  7.]
 [10.  0.]
 [ 5.  8.]
 [ 6.  6.]
 [16.  1.]
 [ 7.  7.]
 [11.  0.]
 [ 6.  7.]
 [ 6.  6.]
 [17.  1.]
 [ 6.  7.]
 [12.  0.]
 [ 7.  7.]
 [ 6.  6.]
 [17.  1.]
 [ 7.  6.]
 [13.  0.]
 [ 6.  7.]
 [ 6.  6.]
 [17.  1.]
 [ 7.  6.]
 [14.  0.]
 [ 6.  7.]
 [ 6.  6.]
 [17.  1.]
 [ 7.  6.]
 [15.  0.]
 [ 6.  7.]
 [ 6.  6.]
 [17.  1.]
 [ 7.  6.]
 [16.  0.]
 [ 6.  7.]
 [ 6.  6.]
 [17.  1.]
 [ 7.  6.]
 [17.  1.]
 [ 6.  7.]
 [ 6.  6.]
 [17.  2.]
 [ 7.  6.]
 [17.  2.]
 [ 6.  7.]
 [ 6.  6.]
 [17.  3.]
 [ 7.  6.]
 [17.  3.]
 [ 6.  7.]
 [ 6.  6.]
 [17.  4.]
 [ 7.  6.]
 [17.  4.]
 [ 6.  7.]
 [ 6.  6.]
 [17.  5.]
 [ 7.  6.]
 [17.  5.]
 [ 6.  7.]
 [ 6.  6.]
 [17.  6.]
 [ 7.  6.]
 [17.  6.]
 [ 6.  7.]
 [ 6.  6.]
 [17.  7.]
 [ 7.  6.]
 [17.  7.]
 [ 6.  7.]
 [ 6.  6.]
 [17.  8.]
 [ 7.  6.]
 [17.  8.]
 [ 6.  7.]
 [ 6.  6.]
 [17.  9.]
 [ 7.  6.]
 [17.  8.]
 [ 6.  7.]
 [ 6.  6.]
 [17.  9.]
 [ 7.  6.]
 [17.  9.]
 [ 6.  7.]
 [ 6.  6.]
 [17. 10.]]
