Maze:
##########################
#                        #
#                        #
#                        #
#                        #
#                        #
#     ##############     #
#     #            #     #
#     #            #     #
#     #            #     #
#     #            #     #
#     #            #     #
#     #     A      #     #
#     #         S  #     #
#     #  C         #     #
#     #            #     #
#     #            #     #
#     #        D   #     #
#     #           B#     #
#     ##############     #
#                        #
#                        #
#                        #
#                        #
#                        #
##########################
[[10.  7.]
 [ 6.  6.]
 [12. 12.]
 [ 3.  8.]
 [ 9. 11.]
 [11.  7.]
 [ 6.  6.]
 [13. 12.]
 [ 2.  8.]
 [ 9. 10.]
 [12.  7.]
 [ 6.  6.]
 [13. 12.]
 [ 1.  8.]
 [10.  9.]
 [13.  7.]
 [ 6.  6.]
 [13. 12.]
 [ 1.  8.]
 [11.  8.]
 [14.  7.]
 [ 6.  6.]
 [13. 12.]
 [ 1.  8.]
 [12.  8.]
 [15.  7.]
 [ 6.  6.]
 [13. 12.]
 [ 1.  8.]
 [13.  8.]
 [16.  7.]
 [ 6.  6.]
 [13. 12.]
 [ 1.  8.]
 [14.  8.]
 [17.  7.]
 [ 6.  6.]
 [13. 12.]
 [ 1.  8.]
 [15.  8.]
 [17.  7.]
 [ 6.  6.]
 [13. 12.]
 [ 1.  8.]
 [16.  8.]
 [17.  6.]
 [ 6.  6.]
 [13. 12.]
 [ 1.  8.]
 [17.  7.]
 [17.  5.]
 [ 6.  6.]
 [13. 12.]
 [ 1.  8.]
 [17.  6.]
 [17.  4.]
 [ 6.  6.]
 [13. 12.]
 [ 1.  8.]
 [17.  5.]
 [17.  3.]
 [ 6.  6.]
 [13. 12.]
 [ 1.  8.]
 [17.  4.]
 [17.  2.]
 [ 6.  6.]
 [13. 12.]
 [ 1.  8.]
 [17.  3.]
 [17.  1.]
 [ 6.  6.]
 [13. 12.]
 [ 1.  8.]
 [17.  2.]
 [17.  0.]
 [ 6.  6.]
 [13. 12.]
 [ 1.  8.]
 [17.  1.]
 [17. -1.]
 [ 6.  6.]
 [13. 12.]
 [ 1.  8.]
 [17.  0.]
 [17. -2.]
 [ 6.  6.]
 [13. 12.]
 [ 1.  8.]
 [17. -1.]
 [17. -3.]
 [ 6.  6.]
 [13. 12.]
 [ 1.  8.]
 [17. -2.]
 [17. -4.]
 [ 6.  6.]
 [13. 12.]
 [ 1.  8.]
 [17. -3.]
 [17. -4.]
 [ 6.  6.]
 [13. 12.]
 [ 1.  8.]
 [17. -3.]
 [17. -5.]
 [ 6.  6.]
 [13. 12.]
 [ 1.  8.]
 [17. -4.]]
