Maze:
##########################
#                        #
#                        #
#                        #
#                        #
#                        #
#     ##############     #
#     #            #     #
#     #           S#     #
#     #            #     #
#     #     C      #     #
#     #            #     #
#     #     D      #     #
#     #         A  #     #
#     #            #     #
#     #            #     #
#     #            #     #
#     #            #     #
#     #      B     #     #
#     ##############     #
#                        #
#                        #
#                        #
#                        #
#                        #
##########################
[[12.  2.]
 [10.  7.]
 [ 7. 12.]
 [ 6.  4.]
 [ 6.  6.]
 [12.  2.]
 [10.  6.]
 [ 8. 12.]
 [ 6.  3.]
 [ 6.  6.]
 [12.  1.]
 [ 9.  6.]
 [ 8. 12.]
 [ 6.  2.]
 [ 6.  6.]
 [12.  1.]
 [ 8.  6.]
 [ 8. 11.]
 [ 6.  1.]
 [ 6.  6.]
 [11.  1.]
 [ 7.  6.]
 [ 8. 10.]
 [ 6.  0.]
 [ 6.  6.]
 [10.  1.]
 [ 7.  6.]
 [ 8.  9.]
 [ 6. -1.]
 [ 6.  6.]
 [ 9.  0.]
 [ 7.  6.]
 [ 8.  8.]
 [ 6. -2.]
 [ 6.  6.]
 [ 8. -1.]
 [ 7.  6.]
 [ 8.  7.]
 [ 5. -3.]
 [ 6.  6.]
 [ 7. -2.]
 [ 7.  6.]
 [ 8.  7.]
 [ 4. -4.]
 [ 6.  6.]
 [ 6. -3.]
 [ 7.  6.]
 [ 8.  7.]
 [ 3. -4.]
 [ 6.  6.]
 [ 5. -3.]
 [ 7.  6.]
 [ 8.  7.]
 [ 2. -4.]
 [ 6.  6.]
 [ 4. -3.]
 [ 7.  6.]
 [ 8.  7.]
 [ 1. -4.]
 [ 6.  6.]
 [ 3. -3.]
 [ 7.  6.]
 [ 8.  7.]
 [ 0. -4.]
 [ 6.  6.]
 [ 2. -3.]
 [ 7.  6.]
 [ 8.  7.]
 [-1. -4.]
 [ 6.  6.]
 [ 1. -3.]
 [ 7.  6.]
 [ 8.  7.]
 [-2. -4.]
 [ 6.  6.]
 [ 0. -3.]
 [ 7.  6.]
 [ 8.  7.]
 [-3. -4.]
 [ 6.  6.]
 [-1. -3.]
 [ 7.  6.]
 [ 8.  7.]
 [-4. -4.]
 [ 6.  6.]
 [-2. -3.]
 [ 7.  6.]
 [ 8.  7.]
 [-5. -4.]
 [ 6.  6.]
 [-3. -3.]
 [ 7.  6.]
 [ 8.  7.]
 [-5. -4.]
 [ 6.  6.]
 [-4. -3.]
 [ 7.  6.]
 [ 8.  7.]
 [-5. -4.]
 [ 6.  6.]
 [-4. -3.]
 [ 7.  6.]
 [ 8.  7.]
 [-5. -4.]
 [ 6.  6.]
 [-5. -4.]
 [ 7.  6.]
 [ 8.  7.]
 [-5. -5.]
 [ 6.  6.]]
