Maze:
##########################
#                        #
#                        #
#                        #
#                        #
#                        #
#     ##############     #
#     #            #     #
#     #            #     #
#     #            #     #
#     #        S   #     #
#     #            #     #
#     #     B    A #     #
#     #            #     #
#     #         D  #     #
#     #            #     #
#     #C           #     #
#     #            #     #
#     #            #     #
#     ##############     #
#                        #
#                        #
#                        #
#                        #
#                        #
##########################
[[ 9.  4.]
 [11.  6.]
 [ 6.  6.]
 [ 1. 10.]
 [10.  8.]
 [10.  4.]
 [12.  5.]
 [ 6.  6.]
 [ 0. 10.]
 [10.  7.]
 [11.  4.]
 [13.  5.]
 [ 6.  6.]
 [ 0. 10.]
 [10.  6.]
 [12.  4.]
 [14.  5.]
 [ 6.  6.]
 [ 0. 10.]
 [10.  7.]
 [13.  4.]
 [15.  5.]
 [ 6.  6.]
 [ 0. 10.]
 [ 9.  7.]
 [14.  4.]
 [16.  5.]
 [ 6.  6.]
 [ 0. 10.]
 [ 8.  7.]
 [15.  4.]
 [17.  5.]
 [ 6.  6.]
 [ 0. 10.]
 [ 7.  7.]
 [16.  4.]
 [17.  5.]
 [ 6.  6.]
 [-1. 10.]
 [ 7.  7.]
 [17.  5.]
 [17.  6.]
 [ 6.  6.]
 [-1. 10.]
 [ 7.  7.]
 [17.  6.]
 [17.  7.]
 [ 6.  6.]
 [-1. 10.]
 [ 7.  7.]
 [17.  7.]
 [17.  8.]
 [ 6.  6.]
 [-1. 10.]
 [ 7.  7.]
 [17.  8.]
 [17.  9.]
 [ 6.  6.]
 [-1. 10.]
 [ 7.  7.]
 [17.  9.]
 [17. 10.]
 [ 6.  6.]
 [-1. 10.]
 [ 7.  7.]
 [17. 10.]
 [17. 11.]
 [ 6.  6.]
 [-1. 10.]
 [ 7.  7.]
 [17. 11.]
 [17. 12.]
 [ 6.  6.]
 [-1. 10.]
 [ 7.  7.]
 [17. 12.]
 [17. 13.]
 [ 6.  6.]
 [-1. 10.]
 [ 7.  7.]
 [17. 13.]
 [17. 14.]
 [ 6.  6.]
 [-1. 10.]
 [ 7.  7.]
 [17. 14.]
 [17. 15.]
 [ 6.  6.]
 [-1. 10.]
 [ 7.  7.]
 [17. 15.]
 [17. 16.]
 [ 6.  6.]
 [-1. 10.]
 [ 7.  7.]
 [17. 16.]
 [17. 17.]
 [ 6.  6.]
 [-1. 10.]
 [ 7.  7.]
 [17. 16.]
 [17. 17.]
 [ 6.  6.]
 [-1. 10.]
 [ 7.  7.]]
