Maze:
##########################
#                        #
#                        #
#                        #
#                        #
#                        #
#     ##############     #
#     #            #     #
#     # D          #     #
#     #            #     #
#     #            #     #
#     #            #     #
#     #     S      #     #
#     #C           #     #
#     #            #     #
#     #         A  #     #
#     #     B      #     #
#     #            #     #
#     #            #     #
#     ##############     #
#                        #
#                        #
#                        #
#                        #
#                        #
##########################
[[ 6.  6.]
 [10.  9.]
 [ 6. 10.]
 [ 1.  7.]
 [ 2.  2.]
 [ 6.  6.]
 [10.  9.]
 [ 5. 11.]
 [ 0.  7.]
 [ 2.  3.]
 [ 6.  6.]
 [10.  9.]
 [ 4. 12.]
 [-1.  7.]
 [ 2.  4.]
 [ 6.  6.]
 [10.  9.]
 [ 3. 12.]
 [-2.  7.]
 [ 1.  5.]
 [ 6.  6.]
 [10.  9.]
 [ 2. 12.]
 [-3.  7.]
 [ 0.  6.]
 [ 6.  6.]
 [10.  9.]
 [ 1. 12.]
 [-4.  7.]
 [-1.  7.]
 [ 6.  6.]
 [10.  9.]
 [ 0. 12.]
 [-5.  7.]
 [-2.  7.]
 [ 6.  6.]
 [10.  9.]
 [-1. 12.]
 [-5.  7.]
 [-3.  7.]
 [ 6.  6.]
 [10.  9.]
 [-2. 11.]
 [-5.  7.]
 [-4.  7.]
 [ 6.  6.]
 [10.  9.]
 [-3. 10.]
 [-5.  7.]
 [-4.  7.]
 [ 6.  6.]
 [10.  9.]
 [-4.  9.]
 [-5.  7.]
 [-4.  7.]
 [ 6.  6.]
 [10.  9.]
 [-4.  8.]
 [-5.  7.]
 [-4.  7.]
 [ 6.  6.]
 [10.  9.]
 [-4.  7.]
 [-5.  7.]
 [-5.  8.]
 [ 6.  6.]
 [10.  9.]
 [-4.  7.]
 [-5.  6.]
 [-5.  8.]
 [ 6.  6.]
 [10.  9.]
 [-4.  7.]
 [-5.  5.]
 [-5.  8.]
 [ 6.  6.]
 [10.  9.]
 [-5.  8.]
 [-5.  4.]
 [-4.  7.]
 [ 6.  6.]
 [10.  9.]
 [-4.  7.]
 [-5.  3.]
 [-5.  8.]
 [ 6.  6.]
 [10.  9.]
 [-5.  8.]
 [-5.  2.]
 [-4.  7.]
 [ 6.  6.]
 [10.  9.]
 [-4.  7.]
 [-5.  1.]
 [-5.  8.]
 [ 6.  6.]
 [10.  9.]
 [-5.  8.]
 [-5.  0.]
 [-4.  7.]
 [ 6.  6.]
 [10.  9.]
 [-5.  8.]
 [-5.  0.]
 [-4.  7.]
 [ 6.  6.]
 [10.  9.]
 [-4.  7.]
 [-5. -1.]
 [-5.  8.]]
