Maze:
##########################
#                        #
#                        #
#                        #
#                        #
#                        #
#     ##############     #
#     #            #     #
#     #A           #     #
#     #            #     #
#     #         C  #     #
#     #            #     #
#     #     D    S #     #
#     #     B      #     #
#     #            #     #
#     #            #     #
#     #            #     #
#     #            #     #
#     #            #     #
#     ##############     #
#                        #
#                        #
#                        #
#                        #
#                        #
##########################
[[11.  6.]
 [ 1.  2.]
 [ 6.  7.]
 [10.  4.]
 [ 6.  6.]
 [11.  5.]
 [ 1.  2.]
 [ 6.  7.]
 [10.  3.]
 [ 6.  6.]
 [11.  4.]
 [ 1.  2.]
 [ 6.  7.]
 [10.  2.]
 [ 6.  6.]
 [11.  3.]
 [ 1.  2.]
 [ 6.  7.]
 [10.  1.]
 [ 6.  6.]
 [11.  2.]
 [ 1.  2.]
 [ 6.  7.]
 [10.  0.]
 [ 6.  6.]
 [11.  1.]
 [ 1.  2.]
 [ 6.  7.]
 [10. -1.]
 [ 6.  6.]
 [11.  0.]
 [ 1.  2.]
 [ 6.  7.]
 [10. -2.]
 [ 6.  6.]
 [11. -1.]
 [ 1.  2.]
 [ 6.  7.]
 [10. -3.]
 [ 6.  6.]
 [11. -2.]
 [ 1.  2.]
 [ 6.  7.]
 [10. -4.]
 [ 6.  6.]
 [11. -3.]
 [ 1.  2.]
 [ 6.  7.]
 [10. -5.]
 [ 6.  6.]
 [11. -4.]
 [ 1.  2.]
 [ 6.  7.]
 [10. -5.]
 [ 6.  6.]
 [10. -5.]
 [ 1.  2.]
 [ 6.  7.]
 [ 9. -5.]
 [ 6.  6.]
 [ 9. -5.]
 [ 1.  2.]
 [ 6.  7.]
 [ 8. -5.]
 [ 6.  6.]
 [ 8. -5.]
 [ 1.  2.]
 [ 6.  7.]
 [ 7. -5.]
 [ 6.  6.]
 [ 7. -5.]
 [ 1.  2.]
 [ 6.  7.]
 [ 6. -5.]
 [ 6.  6.]
 [ 6. -5.]
 [ 1.  2.]
 [ 6.  7.]
 [ 5. -5.]
 [ 6.  6.]
 [ 5. -5.]
 [ 1.  2.]
 [ 6.  7.]
 [ 4. -5.]
 [ 6.  6.]
 [ 4. -5.]
 [ 1.  2.]
 [ 6.  7.]
 [ 3. -5.]
 [ 6.  6.]
 [ 3. -5.]
 [ 1.  2.]
 [ 6.  7.]
 [ 2. -5.]
 [ 6.  6.]
 [ 2. -5.]
 [ 1.  2.]
 [ 6.  7.]
 [ 1. -5.]
 [ 6.  6.]
 [ 2. -5.]
 [ 1.  2.]
 [ 6.  7.]
 [ 1. -5.]
 [ 6.  6.]
 [ 1. -5.]
 [ 1.  2.]
 [ 6.  7.]
 [ 0. -5.]
 [ 6.  6.]]
