Maze:
##########################
#                        #
#                        #
#                        #
#                        #
#                        #
#     ##############     #
#     #            #     #
#     #            #     #
#     #            #     #
#     #      B     #     #
#     #            #     #
#     #    AS      #     #
#     #            #     #
#     #            #     #
#     #          C #     #
#     #            #     #
#     #         D  #     #
#     #            #     #
#     ##############     #
#                        #
#                        #
#                        #
#                        #
#                        #
##########################
[[ 6.  6.]
 [ 5.  6.]
 [ 7.  4.]
 [11.  9.]
 [10. 11.]
 [ 6.  6.]
 [ 4.  6.]
 [ 8.  3.]
 [12.  8.]
 [10. 10.]
 [ 6.  6.]
 [ 3.  6.]
 [ 9.  2.]
 [13.  8.]
 [11.  9.]
 [ 6.  6.]
 [ 2.  6.]
 [10.  2.]
 [14.  8.]
 [12.  8.]
 [ 6.  6.]
 [ 2.  6.]
 [11.  2.]
 [15.  8.]
 [13.  8.]
 [ 6.  6.]
 [ 2.  6.]
 [12.  2.]
 [16.  8.]
 [14.  8.]
 [ 6.  6.]
 [ 2.  6.]
 [13.  2.]
 [17.  8.]
 [15.  8.]
 [ 6.  6.]
 [ 2.  6.]
 [14.  2.]
 [17.  8.]
 [16.  8.]
 [ 6.  6.]
 [ 2.  6.]
 [15.  2.]
 [17.  8.]
 [16.  8.]
 [ 6.  6.]
 [ 2.  6.]
 [16.  3.]
 [17.  8.]
 [16.  8.]
 [ 6.  6.]
 [ 2.  6.]
 [16.  4.]
 [17.  8.]
 [16.  8.]
 [ 6.  6.]
 [ 2.  6.]
 [16.  5.]
 [17.  8.]
 [16.  8.]
 [ 6.  6.]
 [ 2.  6.]
 [16.  6.]
 [17.  8.]
 [16.  8.]
 [ 6.  6.]
 [ 2.  6.]
 [16.  7.]
 [17.  8.]
 [16.  8.]
 [ 6.  6.]
 [ 2.  6.]
 [16.  8.]
 [17.  8.]
 [17.  7.]
 [ 6.  6.]
 [ 2.  6.]
 [16.  8.]
 [17.  9.]
 [17.  7.]
 [ 6.  6.]
 [ 2.  6.]
 [16.  8.]
 [17. 10.]
 [17.  7.]
 [ 6.  6.]
 [ 2.  6.]
 [17.  7.]
 [17. 11.]
 [16.  8.]
 [ 6.  6.]
 [ 2.  6.]
 [16.  8.]
 [17. 12.]
 [17.  7.]
 [ 6.  6.]
 [ 2.  6.]
 [17.  7.]
 [17. 13.]
 [16.  8.]
 [ 6.  6.]
 [ 2.  6.]
 [17.  7.]
 [17. 13.]
 [16.  8.]
 [ 6.  6.]
 [ 1.  6.]
 [16.  8.]
 [17. 14.]
 [17.  7.]]
