Maze:
##########################
#                        #
#                        #
#                        #
#                        #
#                        #
#     ##############     #
#     #          D #     #
#     #         A  #     #
#     #            #     #
#     #            #     #
#     #            #     #
#     #    SB      #     #
#     #            #     #
#     #   C        #     #
#     #            #     #
#     #            #     #
#     #            #     #
#     #            #     #
#     ##############     #
#                        #
#                        #
#                        #
#                        #
#                        #
##########################
[[ 5.  6.]
 [10.  2.]
 [ 6.  6.]
 [ 4.  8.]
 [11.  1.]
 [ 4.  6.]
 [ 9.  3.]
 [ 6.  6.]
 [ 3.  9.]
 [10.  2.]
 [ 3.  6.]
 [ 8.  4.]
 [ 6.  6.]
 [ 3. 10.]
 [ 9.  3.]
 [ 2.  6.]
 [ 7.  5.]
 [ 6.  6.]
 [ 3. 11.]
 [ 8.  4.]
 [ 1.  7.]
 [ 7.  5.]
 [ 6.  6.]
 [ 3. 12.]
 [ 8.  4.]
 [ 1.  8.]
 [ 7.  5.]
 [ 6.  6.]
 [ 3. 13.]
 [ 8.  4.]
 [ 1.  9.]
 [ 7.  5.]
 [ 6.  6.]
 [ 3. 14.]
 [ 8.  4.]
 [ 1. 10.]
 [ 7.  5.]
 [ 6.  6.]
 [ 3. 15.]
 [ 8.  4.]
 [ 1. 11.]
 [ 7.  5.]
 [ 6.  6.]
 [ 3. 16.]
 [ 8.  4.]
 [ 1. 12.]
 [ 7.  5.]
 [ 6.  6.]
 [ 3. 17.]
 [ 8.  4.]
 [ 1. 13.]
 [ 7.  5.]
 [ 6.  6.]
 [ 3. 17.]
 [ 8.  4.]
 [ 1. 14.]
 [ 7.  5.]
 [ 6.  6.]
 [ 3. 17.]
 [ 8.  4.]
 [ 1. 15.]
 [ 7.  5.]
 [ 6.  6.]
 [ 3. 17.]
 [ 8.  4.]
 [ 2. 16.]
 [ 7.  5.]
 [ 6.  6.]
 [ 4. 17.]
 [ 8.  4.]
 [ 3. 16.]
 [ 7.  5.]
 [ 6.  6.]
 [ 5. 17.]
 [ 8.  4.]
 [ 4. 16.]
 [ 7.  5.]
 [ 6.  6.]
 [ 6. 17.]
 [ 8.  4.]
 [ 5. 16.]
 [ 7.  5.]
 [ 6.  6.]
 [ 7. 17.]
 [ 8.  4.]
 [ 6. 16.]
 [ 7.  5.]
 [ 6.  6.]
 [ 8. 17.]
 [ 8.  4.]
 [ 7. 16.]
 [ 7.  5.]
 [ 6.  6.]
 [ 9. 17.]
 [ 8.  4.]
 [ 8. 16.]
 [ 7.  5.]
 [ 6.  6.]
 [10. 17.]
 [ 8.  4.]
 [ 8. 16.]
 [ 7.  5.]
 [ 6.  6.]
 [10. 17.]
 [ 8.  4.]
 [ 9. 16.]
 [ 7.  5.]
 [ 6.  6.]
 [11. 17.]
 [ 8.  4.]]
