Maze:
##########################
#                        #
#                        #
#                        #
#                        #
#                        #
#     ##############     #
#     #D           #     #
#     #           S#     #
#     #            #     #
#     #            #     #
#     #          C #     #
#     #   B A      #     #
#     #            #     #
#     #            #     #
#     #            #     #
#     #            #     #
#     #            #     #
#     #            #     #
#     ##############     #
#                        #
#                        #
#                        #
#                        #
#                        #
##########################
[[12.  2.]
 [ 6.  6.]
 [ 4.  6.]
 [11.  5.]
 [ 1.  1.]
 [12.  3.]
 [ 6.  6.]
 [ 3.  6.]
 [11.  6.]
 [ 2.  2.]
 [12.  4.]
 [ 6.  6.]
 [ 2.  6.]
 [11.  7.]
 [ 2.  3.]
 [12.  5.]
 [ 6.  6.]
 [ 1.  5.]
 [11.  8.]
 [ 2.  4.]
 [12.  6.]
 [ 6.  6.]
 [ 2.  4.]
 [11.  9.]
 [ 1.  5.]
 [12.  7.]
 [ 6.  6.]
 [ 1.  5.]
 [11. 10.]
 [ 2.  4.]
 [12.  8.]
 [ 6.  6.]
 [ 2.  4.]
 [11. 11.]
 [ 1.  5.]
 [12.  9.]
 [ 6.  6.]
 [ 1.  5.]
 [11. 12.]
 [ 2.  4.]
 [12. 10.]
 [ 6.  6.]
 [ 2.  4.]
 [11. 13.]
 [ 1.  5.]
 [12. 11.]
 [ 6.  6.]
 [ 1.  5.]
 [11. 14.]
 [ 2.  4.]
 [12. 12.]
 [ 6.  6.]
 [ 2.  4.]
 [11. 15.]
 [ 1.  5.]
 [12. 13.]
 [ 6.  6.]
 [ 1.  5.]
 [11. 16.]
 [ 2.  4.]
 [12. 14.]
 [ 6.  6.]
 [ 2.  4.]
 [11. 17.]
 [ 1.  5.]
 [12. 15.]
 [ 6.  6.]
 [ 1.  5.]
 [11. 17.]
 [ 2.  4.]
 [12. 16.]
 [ 6.  6.]
 [ 2.  4.]
 [11. 17.]
 [ 1.  5.]
 [11. 17.]
 [ 6.  6.]
 [ 1.  5.]
 [10. 17.]
 [ 2.  4.]
 [10. 17.]
 [ 6.  6.]
 [ 2.  4.]
 [ 9. 17.]
 [ 1.  5.]
 [ 9. 17.]
 [ 6.  6.]
 [ 1.  5.]
 [ 8. 17.]
 [ 2.  4.]
 [ 8. 17.]
 [ 6.  6.]
 [ 2.  4.]
 [ 7. 17.]
 [ 1.  5.]
 [ 7. 17.]
 [ 6.  6.]
 [ 1.  5.]
 [ 6. 17.]
 [ 2.  4.]
 [ 7. 17.]
 [ 6.  6.]
 [ 1.  5.]
 [ 6. 17.]
 [ 2.  4.]
 [ 6. 17.]
 [ 6.  6.]
 [ 2.  4.]
 [ 5. 17.]
 [ 1.  5.]]
