Maze:
##########################
#                        #
#                        #
#                        #
#                        #
#                        #
#     ##############     #
#     #            #     #
#     #            #     #
#     #            #     #
#     #            #     #
#     #            #     #
#     #     B      #     #
#     #            #     #
#     #            #     #
#     #  D         #     #
#     #    A       #     #
#     #         C  #     #
#     # S          #     #
#     ##############     #
#                        #
#                        #
#                        #
#                        #
#                        #
##########################
[[ 2. 12.]
 [ 5. 10.]
 [ 6.  6.]
 [10. 11.]
 [ 3.  9.]
 [ 3. 12.]
 [ 6. 10.]
 [ 6.  6.]
 [11. 11.]
 [ 4.  9.]
 [ 4. 12.]
 [ 7. 10.]
 [ 6.  6.]
 [11. 11.]
 [ 5.  9.]
 [ 5. 12.]
 [ 8. 10.]
 [ 6.  6.]
 [11. 11.]
 [ 6.  9.]
 [ 6. 12.]
 [ 9. 10.]
 [ 6.  6.]
 [11. 11.]
 [ 7.  9.]
 [ 7. 12.]
 [10. 10.]
 [ 6.  6.]
 [11. 11.]
 [ 8.  9.]
 [ 8. 12.]
 [11. 11.]
 [ 6.  6.]
 [11. 10.]
 [ 9.  9.]
 [ 9. 12.]
 [11. 10.]
 [ 6.  6.]
 [11. 11.]
 [10.  9.]
 [10. 12.]
 [11. 11.]
 [ 6.  6.]
 [12. 10.]
 [11. 10.]
 [11. 11.]
 [12. 12.]
 [ 6.  6.]
 [13. 10.]
 [12. 11.]
 [12. 11.]
 [12. 13.]
 [ 6.  6.]
 [14.  9.]
 [13. 12.]
 [13. 12.]
 [11. 14.]
 [ 6.  6.]
 [15.  8.]
 [13. 13.]
 [13. 13.]
 [10. 14.]
 [ 6.  6.]
 [16.  7.]
 [13. 14.]
 [12. 14.]
 [ 9. 14.]
 [ 6.  6.]
 [16.  7.]
 [13. 15.]
 [11. 14.]
 [ 8. 14.]
 [ 6.  6.]
 [16.  7.]
 [14. 16.]
 [10. 14.]
 [ 7. 14.]
 [ 6.  6.]
 [16.  7.]
 [14. 16.]
 [ 9. 14.]
 [ 6. 14.]
 [ 6.  6.]
 [16.  7.]
 [14. 16.]
 [ 8. 14.]
 [ 5. 14.]
 [ 6.  6.]
 [16.  7.]
 [14. 16.]
 [ 7. 14.]
 [ 4. 14.]
 [ 6.  6.]
 [16.  7.]
 [14. 16.]
 [ 6. 14.]
 [ 3. 14.]
 [ 6.  6.]
 [16.  7.]
 [14. 16.]
 [ 6. 14.]
 [ 3. 14.]
 [ 6.  6.]
 [16.  7.]
 [14. 16.]
 [ 5. 14.]
 [ 2. 14.]
 [ 6.  6.]
 [16.  7.]
 [14. 16.]]
