Maze:
##########################
#                        #
#                        #
#                        #
#                        #
#                        #
#     ##############     #
#     #            #     #
#     #  B         #     #
#     #            #     #
#     #C           #     #
#     #            #     #
#     #     D S    #     #
#     #            #     #
#     #            #     #
#     #          A #     #
#     #            #     #
#     #            #     #
#     #            #     #
#     ##############     #
#                        #
#                        #
#                        #
#                        #
#                        #
##########################
[[ 8.  6.]
 [11.  9.]
 [ 3.  2.]
 [ 1.  4.]
 [ 6.  6.]
 [ 8.  7.]
 [12.  9.]
 [ 2.  3.]
 [ 0.  5.]
 [ 6.  6.]
 [ 9.  7.]
 [13.  9.]
 [ 1.  4.]
 [-1.  6.]
 [ 6.  6.]
 [10.  7.]
 [13.  9.]
 [ 1.  5.]
 [-2.  7.]
 [ 6.  6.]
 [11.  8.]
 [14.  9.]
 [ 1.  5.]
 [-3.  7.]
 [ 6.  6.]
 [12.  8.]
 [15.  9.]
 [ 1.  5.]
 [-4.  7.]
 [ 6.  6.]
 [13.  8.]
 [16.  9.]
 [ 1.  5.]
 [-5.  7.]
 [ 6.  6.]
 [14.  8.]
 [17.  9.]
 [ 1.  5.]
 [-5.  7.]
 [ 6.  6.]
 [15.  8.]
 [17.  9.]
 [ 1.  5.]
 [-5.  7.]
 [ 6.  6.]
 [16.  8.]
 [17.  9.]
 [ 1.  5.]
 [-5.  7.]
 [ 6.  6.]
 [17.  9.]
 [17. 10.]
 [ 1.  5.]
 [-5.  7.]
 [ 6.  6.]
 [17. 10.]
 [17. 11.]
 [ 1.  5.]
 [-5.  7.]
 [ 6.  6.]
 [17. 11.]
 [17. 12.]
 [ 1.  5.]
 [-5.  7.]
 [ 6.  6.]
 [17. 12.]
 [17. 13.]
 [ 2.  5.]
 [-5.  7.]
 [ 6.  6.]
 [17. 13.]
 [17. 14.]
 [ 3.  5.]
 [-5.  7.]
 [ 6.  6.]
 [17. 14.]
 [17. 15.]
 [ 4.  5.]
 [-5.  7.]
 [ 6.  6.]
 [17. 15.]
 [17. 16.]
 [ 5.  5.]
 [-5.  7.]
 [ 6.  6.]
 [17. 16.]
 [17. 17.]
 [ 5.  5.]
 [-5.  7.]
 [ 6.  6.]
 [17. 16.]
 [17. 17.]
 [ 5.  5.]
 [-5.  7.]
 [ 6.  6.]]
