Maze:
##########################
#                        #
#                        #
#                        #
#                        #
#                        #
#     ##############     #
#     #            #     #
#     #            #     #
#     #            #     #
#     #      A     #     #
#     #         B  #     #
#     #     D      #     #
#     #   S        #     #
#     #            #     #
#     #     C      #     #
#     #            #     #
#     #            #     #
#     #            #     #
#     ##############     #
#                        #
#                        #
#                        #
#                        #
#                        #
##########################
[[ 4.  7.]
 [ 7.  4.]
 [10.  5.]
 [ 6.  9.]
 [ 6.  6.]
 [ 5.  8.]
 [ 8.  3.]
 [11.  6.]
 [ 6. 10.]
 [ 6.  6.]
 [ 5.  9.]
 [ 9.  2.]
 [11.  7.]
 [ 6. 11.]
 [ 6.  6.]
 [ 5. 10.]
 [ 9.  2.]
 [11.  7.]
 [ 6. 12.]
 [ 6.  6.]
 [ 5. 11.]
 [ 9.  2.]
 [11.  7.]
 [ 6. 13.]
 [ 6.  6.]
 [ 5. 12.]
 [ 9.  2.]
 [11.  7.]
 [ 6. 14.]
 [ 6.  6.]
 [ 5. 13.]
 [ 9.  2.]
 [11.  7.]
 [ 6. 15.]
 [ 6.  6.]
 [ 5. 14.]
 [ 9.  2.]
 [11.  7.]
 [ 6. 16.]
 [ 6.  6.]
 [ 5. 15.]
 [ 9.  2.]
 [11.  7.]
 [ 6. 17.]
 [ 6.  6.]
 [ 5. 16.]
 [ 9.  2.]
 [11.  7.]
 [ 6. 17.]
 [ 6.  6.]
 [ 6. 17.]
 [ 9.  2.]
 [11.  7.]
 [ 7. 17.]
 [ 6.  6.]
 [ 7. 17.]
 [ 9.  2.]
 [11.  7.]
 [ 8. 17.]
 [ 6.  6.]
 [ 8. 17.]
 [ 9.  2.]
 [11.  7.]
 [ 9. 17.]
 [ 6.  6.]
 [ 9. 17.]
 [ 9.  2.]
 [11.  7.]
 [10. 17.]
 [ 6.  6.]
 [10. 17.]
 [ 9.  2.]
 [10.  7.]
 [11. 17.]
 [ 6.  6.]
 [11. 17.]
 [ 9.  2.]
 [ 9.  7.]
 [12. 17.]
 [ 6.  6.]
 [12. 17.]
 [ 9.  2.]
 [ 8.  7.]
 [13. 17.]
 [ 6.  6.]
 [13. 17.]
 [ 9.  2.]
 [ 7.  7.]
 [14. 17.]
 [ 6.  6.]
 [14. 17.]
 [ 9.  2.]
 [ 7.  7.]
 [15. 17.]
 [ 6.  6.]
 [15. 17.]
 [ 9.  2.]
 [ 7.  7.]
 [16. 17.]
 [ 6.  6.]
 [15. 17.]
 [ 9.  2.]
 [ 7.  7.]
 [16. 17.]
 [ 6.  6.]
 [16. 17.]
 [ 9.  2.]
 [ 7.  7.]
 [17. 17.]
 [ 6.  6.]]
