Maze:
##########################
#                        #
#                        #
#                        #
#                        #
#                        #
#     ##############     #
#     #            #     #
#     #            #     #
#     #          S #     #
#     #            #     #
#     #        B   #     #
#     #     C     A#     #
#     #            #     #
#     #            #     #
#     #            #     #
#     #            #     #
#     #            #     #
#     #      D     #     #
#     ##############     #
#                        #
#                        #
#                        #
#                        #
#                        #
##########################
[[11.  3.]
 [12.  6.]
 [ 9.  5.]
 [ 6.  6.]
 [ 7. 12.]
 [12.  3.]
 [12.  6.]
 [ 8.  5.]
 [ 6.  6.]
 [ 7. 11.]
 [13.  4.]
 [12.  7.]
 [ 7.  5.]
 [ 6.  6.]
 [ 7. 10.]
 [13.  5.]
 [12.  7.]
 [ 7.  5.]
 [ 6.  6.]
 [ 7.  9.]
 [13.  6.]
 [11.  8.]
 [ 7.  5.]
 [ 6.  6.]
 [ 7.  8.]
 [12.  7.]
 [11.  8.]
 [ 7.  5.]
 [ 6.  6.]
 [ 7.  7.]
 [11.  8.]
 [10.  9.]
 [ 7.  5.]
 [ 6.  6.]
 [ 7.  7.]
 [10.  9.]
 [ 9. 10.]
 [ 7.  5.]
 [ 6.  6.]
 [ 7.  6.]
 [ 9. 10.]
 [ 8. 11.]
 [ 7.  6.]
 [ 6.  6.]
 [ 6.  5.]
 [ 8. 11.]
 [ 7. 12.]
 [ 7.  6.]
 [ 6.  6.]
 [ 6.  5.]
 [ 7. 12.]
 [ 6. 13.]
 [ 7.  6.]
 [ 6.  6.]
 [ 6.  5.]
 [ 6. 13.]
 [ 5. 14.]
 [ 7.  6.]
 [ 6.  6.]
 [ 6.  5.]
 [ 5. 14.]
 [ 4. 15.]
 [ 7.  6.]
 [ 6.  6.]
 [ 6.  5.]
 [ 4. 15.]
 [ 3. 16.]
 [ 7.  6.]
 [ 6.  6.]
 [ 6.  5.]
 [ 3. 16.]
 [ 2. 17.]
 [ 7.  6.]
 [ 6.  6.]
 [ 6.  5.]
 [ 2. 17.]
 [ 1. 17.]
 [ 7.  6.]
 [ 6.  6.]
 [ 6.  5.]
 [ 1. 17.]
 [ 0. 17.]
 [ 7.  6.]
 [ 6.  6.]
 [ 6.  5.]
 [ 0. 17.]
 [-1. 17.]
 [ 7.  6.]
 [ 6.  6.]
 [ 6.  5.]
 [-1. 17.]
 [-2. 17.]
 [ 7.  6.]
 [ 6.  6.]
 [ 6.  5.]
 [-2. 17.]
 [-3. 17.]
 [ 7.  6.]
 [ 6.  6.]
 [ 6.  5.]
 [-2. 17.]
 [-3. 17.]
 [ 7.  6.]
 [ 6.  6.]
 [ 6.  5.]
 [-3. 17.]
 [-4. 17.]
 [ 7.  6.]
 [ 6.  6.]
 [ 6.  5.]]
