Maze:
##########################
#                        #
#                        #
#                        #
#                        #
#                        #
#     ##############     #
#     #            #     #
#     #            #     #
#     #   B        #     #
#     #            #     #
#     #    C       #     #
#     #     S      #     #
#     #      D     #     #
#     #           A#     #
#     #            #     #
#     #            #     #
#     #            #     #
#     #            #     #
#     ##############     #
#                        #
#                        #
#                        #
#                        #
#                        #
##########################
[[ 6.  6.]
 [12.  8.]
 [ 4.  3.]
 [ 5.  5.]
 [ 7.  7.]
 [ 6.  6.]
 [12.  8.]
 [ 4.  3.]
 [ 4.  4.]
 [ 8.  7.]
 [ 6.  6.]
 [13.  8.]
 [ 4.  4.]
 [ 4.  5.]
 [ 9.  7.]
 [ 6.  6.]
 [14.  8.]
 [ 4.  5.]
 [ 4.  6.]
 [10.  7.]
 [ 6.  6.]
 [15.  8.]
 [ 3.  6.]
 [ 4.  7.]
 [11.  7.]
 [ 6.  6.]
 [16.  8.]
 [ 3.  7.]
 [ 4.  8.]
 [12.  7.]
 [ 6.  6.]
 [17.  8.]
 [ 3.  8.]
 [ 5.  9.]
 [13.  7.]
 [ 6.  6.]
 [17.  8.]
 [ 3.  9.]
 [ 6. 10.]
 [14.  7.]
 [ 6.  6.]
 [17.  8.]
 [ 3. 10.]
 [ 7. 11.]
 [15.  7.]
 [ 6.  6.]
 [17.  8.]
 [ 3. 11.]
 [ 8. 12.]
 [16.  7.]
 [ 6.  6.]
 [17.  9.]
 [ 3. 12.]
 [ 9. 13.]
 [17.  8.]
 [ 6.  6.]
 [17. 10.]
 [ 3. 13.]
 [10. 13.]
 [17.  9.]
 [ 6.  6.]
 [17. 11.]
 [ 3. 13.]
 [10. 13.]
 [17. 10.]
 [ 6.  6.]
 [17. 12.]
 [ 3. 13.]
 [10. 13.]
 [17. 11.]
 [ 6.  6.]
 [17. 13.]
 [ 3. 13.]
 [10. 13.]
 [17. 12.]
 [ 6.  6.]
 [17. 14.]
 [ 3. 13.]
 [10. 13.]
 [17. 13.]
 [ 6.  6.]
 [17. 15.]
 [ 3. 13.]
 [10. 13.]
 [17. 14.]
 [ 6.  6.]
 [17. 16.]
 [ 3. 13.]
 [10. 13.]
 [17. 15.]
 [ 6.  6.]
 [17. 17.]
 [ 3. 13.]
 [10. 13.]
 [17. 16.]
 [ 6.  6.]
 [17. 17.]
 [ 3. 13.]
 [10. 13.]
 [17. 16.]]
