Maze:
##########################
#                        #
#                        #
#                        #
#                        #
#                        #
#     ##############     #
#     #            #     #
#     #            #     #
#     #            #     #
#     #            #     #
#     #            #     #
#     #     D      #     #
#     #         A  #     #
#     #       S    #     #
#     #C           #     #
#     #            #     #
#     #            #     #
#     #           B#     #
#     ##############     #
#                        #
#                        #
#                        #
#                        #
#                        #
##########################
[[ 8.  8.]
 [10.  7.]
 [12. 12.]
 [ 1.  9.]
 [ 6.  6.]
 [ 9.  8.]
 [11.  7.]
 [12. 12.]
 [ 1.  9.]
 [ 6.  6.]
 [10.  8.]
 [12.  7.]
 [13. 12.]
 [ 1.  9.]
 [ 6.  6.]
 [11.  8.]
 [13.  7.]
 [14. 12.]
 [ 1.  9.]
 [ 6.  6.]
 [12.  8.]
 [14.  7.]
 [15. 12.]
 [ 1.  9.]
 [ 6.  6.]
 [13.  8.]
 [15.  7.]
 [16. 12.]
 [ 1.  9.]
 [ 6.  6.]
 [14.  8.]
 [16.  7.]
 [16. 12.]
 [ 1.  9.]
 [ 6.  6.]
 [15.  8.]
 [17.  7.]
 [17. 12.]
 [ 1.  9.]
 [ 6.  6.]
 [16.  8.]
 [17.  7.]
 [17. 12.]
 [ 1.  9.]
 [ 6.  6.]
 [17.  7.]
 [17.  6.]
 [17. 12.]
 [ 1.  9.]
 [ 6.  6.]
 [17.  6.]
 [17.  5.]
 [17. 12.]
 [ 1.  9.]
 [ 6.  6.]
 [17.  5.]
 [17.  4.]
 [17. 12.]
 [ 1.  9.]
 [ 6.  6.]
 [17.  4.]
 [17.  3.]
 [17. 12.]
 [ 1.  9.]
 [ 6.  6.]
 [17.  3.]
 [17.  2.]
 [17. 12.]
 [ 1.  9.]
 [ 6.  6.]
 [17.  2.]
 [17.  1.]
 [17. 12.]
 [ 1.  9.]
 [ 6.  6.]
 [17.  1.]
 [17.  0.]
 [17. 12.]
 [ 1.  9.]
 [ 6.  6.]
 [17.  0.]
 [17. -1.]
 [17. 12.]
 [ 1.  9.]
 [ 6.  6.]
 [17. -1.]
 [17. -2.]
 [17. 12.]
 [ 1.  9.]
 [ 6.  6.]
 [17. -2.]
 [17. -3.]
 [17. 12.]
 [ 1.  9.]
 [ 6.  6.]
 [17. -3.]
 [17. -4.]
 [17. 12.]
 [ 1.  9.]
 [ 6.  6.]
 [17. -3.]
 [17. -4.]
 [17. 12.]
 [ 1.  9.]
 [ 6.  6.]
 [17. -4.]
 [17. -5.]
 [17. 12.]
 [ 1.  9.]
 [ 6.  6.]]
