Maze:
##########################
#                        #
#                        #
#                        #
#                        #
#                        #
#     ##############     #
#     #A           #     #
#     #            #     #
#     #            #     #
#     #          S #     #
#     #            #     #
#     #     C      #     #
#     #            #     #
#     #           D#     #
#     #            #     #
#     #   B        #     #
#     #            #     #
#     #            #     #
#     ##############     #
#                        #
#                        #
#                        #
#                        #
#                        #
##########################
[[11.  4.]
 [ 1.  1.]
 [ 4. 10.]
 [ 6.  6.]
 [12.  8.]
 [11.  3.]
 [ 1.  2.]
 [ 3. 11.]
 [ 6.  6.]
 [12.  7.]
 [11.  2.]
 [ 1.  3.]
 [ 2. 11.]
 [ 6.  6.]
 [12.  6.]
 [11.  1.]
 [ 2.  4.]
 [ 2. 11.]
 [ 6.  6.]
 [12.  5.]
 [11.  0.]
 [ 3.  5.]
 [ 2. 11.]
 [ 6.  6.]
 [12.  4.]
 [11. -1.]
 [ 4.  6.]
 [ 2. 11.]
 [ 6.  6.]
 [12.  3.]
 [11. -2.]
 [ 5.  6.]
 [ 2. 11.]
 [ 6.  6.]
 [12.  2.]
 [11. -3.]
 [ 5.  6.]
 [ 2. 11.]
 [ 6.  6.]
 [12.  1.]
 [11. -4.]
 [ 5.  6.]
 [ 2. 11.]
 [ 6.  6.]
 [12.  0.]
 [11. -5.]
 [ 5.  6.]
 [ 2. 11.]
 [ 6.  6.]
 [12. -1.]
 [11. -5.]
 [ 5.  6.]
 [ 2. 11.]
 [ 6.  6.]
 [12. -2.]
 [11. -5.]
 [ 5.  6.]
 [ 2. 11.]
 [ 6.  6.]
 [12. -3.]
 [11. -5.]
 [ 5.  6.]
 [ 2. 11.]
 [ 6.  6.]
 [12. -4.]
 [10. -5.]
 [ 5.  6.]
 [ 2. 11.]
 [ 6.  6.]
 [11. -5.]
 [ 9. -5.]
 [ 5.  6.]
 [ 2. 11.]
 [ 6.  6.]
 [10. -5.]
 [ 8. -5.]
 [ 5.  6.]
 [ 2. 11.]
 [ 6.  6.]
 [ 9. -5.]
 [ 7. -5.]
 [ 5.  6.]
 [ 2. 11.]
 [ 6.  6.]
 [ 8. -5.]
 [ 6. -5.]
 [ 5.  6.]
 [ 2. 11.]
 [ 6.  6.]
 [ 7. -5.]
 [ 5. -5.]
 [ 5.  6.]
 [ 2. 11.]
 [ 6.  6.]
 [ 6. -5.]
 [ 4. -5.]
 [ 5.  6.]
 [ 2. 11.]
 [ 6.  6.]
 [ 5. -5.]
 [ 4. -5.]
 [ 5.  6.]
 [ 2. 11.]
 [ 6.  6.]
 [ 5. -5.]
 [ 3. -5.]
 [ 5.  6.]
 [ 2. 11.]
 [ 6.  6.]
 [ 4. -5.]]
