Maze:
##########################
#                        #
#                        #
#                        #
#                        #
#                        #
#     ##############     #
#     #      C     #     #
#     #            #     #
#     #            #     #
#     #            #     #
#     #            #     #
#     #     A      #     #
#     #            #     #
#     #           D#     #
#     #            #     #
#     #  S         #     #
#     #         B  #     #
#     #            #     #
#     ##############     #
#                        #
#                        #
#                        #
#                        #
#                        #
##########################
[[ 3. 10.]
 [ 6.  6.]
 [10. 11.]
 [ 7.  1.]
 [12.  8.]
 [ 3.  9.]
 [ 6.  6.]
 [10. 11.]
 [ 7.  1.]
 [12.  9.]
 [ 3.  8.]
 [ 6.  6.]
 [10. 11.]
 [ 7.  1.]
 [11. 10.]
 [ 4.  7.]
 [ 6.  6.]
 [ 9. 12.]
 [ 7.  1.]
 [10. 11.]
 [ 5.  6.]
 [ 6.  6.]
 [ 8. 13.]
 [ 7.  1.]
 [ 9. 12.]
 [ 5.  6.]
 [ 6.  6.]
 [ 7. 14.]
 [ 7.  1.]
 [ 8. 13.]
 [ 5.  6.]
 [ 6.  6.]
 [ 6. 15.]
 [ 7.  1.]
 [ 7. 14.]
 [ 5.  6.]
 [ 6.  6.]
 [ 5. 16.]
 [ 7.  1.]
 [ 6. 15.]
 [ 5.  6.]
 [ 6.  6.]
 [ 4. 17.]
 [ 7.  1.]
 [ 5. 16.]
 [ 5.  6.]
 [ 6.  6.]
 [ 3. 17.]
 [ 7.  1.]
 [ 4. 17.]
 [ 5.  6.]
 [ 6.  6.]
 [ 2. 17.]
 [ 7.  1.]
 [ 3. 17.]
 [ 5.  6.]
 [ 6.  6.]
 [ 1. 17.]
 [ 7.  1.]
 [ 2. 17.]
 [ 5.  6.]
 [ 6.  6.]
 [ 0. 17.]
 [ 7.  1.]
 [ 1. 17.]
 [ 5.  6.]
 [ 6.  6.]
 [-1. 17.]
 [ 7.  1.]
 [ 0. 17.]
 [ 5.  6.]
 [ 6.  6.]
 [-2. 17.]
 [ 7.  1.]
 [-1. 17.]
 [ 5.  6.]
 [ 6.  6.]
 [-3. 17.]
 [ 7.  1.]
 [-2. 17.]
 [ 5.  6.]
 [ 6.  6.]
 [-4. 17.]
 [ 7.  1.]
 [-3. 17.]
 [ 5.  6.]
 [ 6.  6.]
 [-5. 17.]
 [ 7.  1.]
 [-4. 17.]
 [ 5.  6.]
 [ 6.  6.]
 [-5. 17.]
 [ 7.  1.]
 [-4. 17.]]
