Maze:
##########################
#                        #
#                        #
#                        #
#                        #
#                        #
#     ##############     #
#     #            #     #
#     #            #     #
#     #          D #     #
#     #    A       #     #
#     #            #     #
#     #     B      #     #
#     #            #     #
#     #           S#     #
#     #            #     #
#     #            #     #
#     #  C         #     #
#     #            #     #
#     ##############     #
#                        #
#                        #
#                        #
#                        #
#                        #
##########################
[[12.  8.]
 [ 5.  4.]
 [ 6.  6.]
 [ 3. 11.]
 [11.  3.]
 [12.  9.]
 [ 5.  5.]
 [ 6.  6.]
 [ 3. 11.]
 [11.  4.]
 [12. 10.]
 [ 5.  5.]
 [ 6.  6.]
 [ 3. 11.]
 [11.  5.]
 [12. 11.]
 [ 5.  5.]
 [ 6.  6.]
 [ 3. 11.]
 [11.  6.]
 [12. 12.]
 [ 5.  5.]
 [ 6.  6.]
 [ 3. 11.]
 [11.  7.]
 [12. 13.]
 [ 5.  5.]
 [ 6.  6.]
 [ 3. 11.]
 [11.  8.]
 [12. 14.]
 [ 5.  5.]
 [ 6.  6.]
 [ 3. 11.]
 [11.  9.]
 [12. 15.]
 [ 5.  5.]
 [ 6.  6.]
 [ 3. 11.]
 [11. 10.]
 [12. 16.]
 [ 5.  5.]
 [ 6.  6.]
 [ 3. 11.]
 [11. 11.]
 [12. 17.]
 [ 5.  5.]
 [ 6.  6.]
 [ 3. 11.]
 [11. 12.]
 [12. 17.]
 [ 5.  5.]
 [ 6.  6.]
 [ 3. 11.]
 [11. 13.]
 [12. 17.]
 [ 5.  5.]
 [ 6.  6.]
 [ 3. 11.]
 [11. 14.]
 [12. 17.]
 [ 5.  5.]
 [ 6.  6.]
 [ 3. 11.]
 [11. 15.]
 [12. 17.]
 [ 5.  5.]
 [ 6.  6.]
 [ 3. 11.]
 [11. 16.]
 [13. 17.]
 [ 5.  5.]
 [ 6.  6.]
 [ 3. 11.]
 [12. 17.]
 [14. 17.]
 [ 5.  5.]
 [ 6.  6.]
 [ 3. 11.]
 [13. 17.]
 [15. 17.]
 [ 5.  5.]
 [ 6.  6.]
 [ 3. 11.]
 [14. 17.]
 [16. 17.]
 [ 5.  5.]
 [ 6.  6.]
 [ 3. 11.]
 [15. 17.]
 [17. 17.]
 [ 5.  5.]
 [ 6.  6.]
 [ 3. 11.]
 [16. 17.]
 [17. 17.]
 [ 5.  5.]
 [ 6.  6.]
 [ 3. 11.]
 [16. 17.]]
