Maze:
##########################
#                        #
#                        #
#                        #
#                        #
#                        #
#     ##############     #
#     #            #     #
#     #            #     #
#     #           C#     #
#     #            #     #
#     #            #     #
#     #     A   B  #     #
#     #            #     #
#     #            #     #
#     #            #     #
#     #            #     #
#     #  S         #     #
#     #    D       #     #
#     ##############     #
#                        #
#                        #
#                        #
#                        #
#                        #
##########################
[[ 3. 11.]
 [ 6.  6.]
 [10.  6.]
 [12.  3.]
 [ 5. 12.]
 [ 2. 10.]
 [ 6.  6.]
 [ 9.  6.]
 [12.  2.]
 [ 4. 12.]
 [ 1.  9.]
 [ 6.  6.]
 [ 8.  6.]
 [12.  1.]
 [ 3. 11.]
 [ 0.  8.]
 [ 6.  6.]
 [ 7.  6.]
 [12.  1.]
 [ 2. 10.]
 [-1.  7.]
 [ 6.  6.]
 [ 7.  6.]
 [12.  1.]
 [ 1.  9.]
 [-2.  6.]
 [ 6.  6.]
 [ 7.  6.]
 [12.  1.]
 [ 0.  8.]
 [-3.  5.]
 [ 6.  6.]
 [ 7.  6.]
 [12.  1.]
 [-1.  7.]
 [-4.  4.]
 [ 6.  6.]
 [ 7.  6.]
 [12.  1.]
 [-2.  6.]
 [-5.  3.]
 [ 6.  6.]
 [ 7.  6.]
 [12.  1.]
 [-3.  5.]
 [-5.  2.]
 [ 6.  6.]
 [ 7.  6.]
 [12.  1.]
 [-4.  4.]
 [-5.  1.]
 [ 6.  6.]
 [ 7.  6.]
 [12.  1.]
 [-4.  3.]
 [-5.  0.]
 [ 6.  6.]
 [ 7.  6.]
 [12.  1.]
 [-4.  2.]
 [-5. -1.]
 [ 6.  6.]
 [ 7.  6.]
 [12.  1.]
 [-4.  1.]
 [-5. -2.]
 [ 6.  6.]
 [ 7.  6.]
 [12.  1.]
 [-4.  0.]
 [-5. -3.]
 [ 6.  6.]
 [ 7.  6.]
 [12.  1.]
 [-4. -1.]
 [-5. -4.]
 [ 6.  6.]
 [ 7.  6.]
 [12.  1.]
 [-4. -2.]
 [-5. -5.]
 [ 6.  6.]
 [ 7.  6.]
 [12.  1.]
 [-4. -3.]
 [-5. -5.]
 [ 6.  6.]
 [ 7.  6.]
 [12.  1.]
 [-4. -4.]
 [-5. -5.]
 [ 6.  6.]
 [ 7.  6.]
 [12.  1.]
 [-4. -4.]]
