Maze:
##########################
#                        #
#                        #
#                        #
#                        #
#                        #
#     ##############     #
#     #            #     #
#     #   C        #     #
#     #            #     #
#     #     B      #     #
#     #            #     #
#     #     A      #     #
#     #            #     #
#     #       S    #     #
#     #            #     #
#     #            #     #
#     #            #     #
#     #      D     #     #
#     ##############     #
#                        #
#                        #
#                        #
#                        #
#                        #
##########################
[[ 8.  8.]
 [ 6.  6.]
 [ 6.  4.]
 [ 4.  2.]
 [ 7. 12.]
 [ 8.  7.]
 [ 6.  6.]
 [ 6.  5.]
 [ 3.  1.]
 [ 7. 11.]
 [ 7.  6.]
 [ 6.  6.]
 [ 6.  5.]
 [ 3.  1.]
 [ 7. 10.]
 [ 7.  6.]
 [ 6.  6.]
 [ 6.  5.]
 [ 3.  1.]
 [ 7.  9.]
 [ 7.  6.]
 [ 6.  6.]
 [ 6.  5.]
 [ 3.  1.]
 [ 7.  8.]
 [ 7.  6.]
 [ 6.  6.]
 [ 6.  5.]
 [ 3.  1.]
 [ 7.  7.]
 [ 6.  5.]
 [ 6.  6.]
 [ 5.  6.]
 [ 3.  1.]
 [ 7.  6.]
 [ 6.  5.]
 [ 6.  6.]
 [ 6.  7.]
 [ 3.  1.]
 [ 7.  5.]
 [ 5.  6.]
 [ 6.  6.]
 [ 6.  7.]
 [ 3.  1.]
 [ 6.  5.]
 [ 5.  6.]
 [ 6.  6.]
 [ 7.  6.]
 [ 3.  1.]
 [ 5.  5.]
 [ 6.  7.]
 [ 6.  6.]
 [ 7.  6.]
 [ 3.  1.]
 [ 5.  6.]
 [ 6.  7.]
 [ 6.  6.]
 [ 6.  5.]
 [ 3.  1.]
 [ 5.  7.]
 [ 7.  6.]
 [ 6.  6.]
 [ 6.  5.]
 [ 3.  1.]
 [ 6.  7.]
 [ 7.  6.]
 [ 6.  6.]
 [ 5.  6.]
 [ 3.  1.]
 [ 7.  7.]
 [ 6.  5.]
 [ 6.  6.]
 [ 5.  6.]
 [ 3.  1.]
 [ 7.  6.]
 [ 6.  5.]
 [ 6.  6.]
 [ 6.  7.]
 [ 3.  1.]
 [ 7.  5.]
 [ 5.  6.]
 [ 6.  6.]
 [ 6.  7.]
 [ 3.  1.]
 [ 6.  5.]
 [ 5.  6.]
 [ 6.  6.]
 [ 7.  6.]
 [ 3.  1.]
 [ 5.  5.]
 [ 6.  7.]
 [ 6.  6.]
 [ 7.  6.]
 [ 3.  1.]
 [ 5.  6.]
 [ 6.  7.]
 [ 6.  6.]
 [ 6.  5.]
 [ 3.  1.]
 [ 5.  7.]
 [ 6.  7.]
 [ 6.  6.]
 [ 6.  5.]
 [ 3.  1.]
 [ 5.  7.]
 [ 7.  6.]
 [ 6.  6.]
 [ 6.  5.]
 [ 3.  1.]
 [ 6.  7.]]
