Maze:
##########################
#                        #
#                        #
#                        #
#                        #
#                        #
#     ##############     #
#     #            #     #
#     #            #     #
#     #            #     #
#     #  A         #     #
#     #            #     #
#     #     C      #     #
#     #            #     #
#     #            #     #
#     #D           #     #
#     #   B        #     #
#     #         S  #     #
#     #            #     #
#     ##############     #
#                        #
#                        #
#                        #
#                        #
#                        #
##########################
[[10. 11.]
 [ 3.  4.]
 [ 4. 10.]
 [ 6.  6.]
 [ 1.  9.]
 [11. 11.]
 [ 4.  5.]
 [ 3. 10.]
 [ 6.  6.]
 [ 2. 10.]
 [11. 11.]
 [ 5.  6.]
 [ 4. 10.]
 [ 6.  6.]
 [ 3. 10.]
 [11. 11.]
 [ 5.  6.]
 [ 5. 10.]
 [ 6.  6.]
 [ 4. 10.]
 [12. 11.]
 [ 5.  6.]
 [ 6. 10.]
 [ 6.  6.]
 [ 5. 10.]
 [13. 11.]
 [ 5.  6.]
 [ 7. 10.]
 [ 6.  6.]
 [ 6. 10.]
 [14. 11.]
 [ 5.  6.]
 [ 8. 10.]
 [ 6.  6.]
 [ 7. 10.]
 [15. 11.]
 [ 5.  6.]
 [ 9. 10.]
 [ 6.  6.]
 [ 8. 10.]
 [16. 11.]
 [ 5.  6.]
 [10. 10.]
 [ 6.  6.]
 [ 9. 10.]
 [17. 11.]
 [ 5.  6.]
 [11. 10.]
 [ 6.  6.]
 [10. 10.]
 [17. 11.]
 [ 5.  6.]
 [12. 10.]
 [ 6.  6.]
 [11. 10.]
 [17. 11.]
 [ 5.  6.]
 [13. 10.]
 [ 6.  6.]
 [12. 10.]
 [17. 11.]
 [ 5.  6.]
 [14. 10.]
 [ 6.  6.]
 [13. 10.]
 [17. 11.]
 [ 5.  6.]
 [15. 10.]
 [ 6.  6.]
 [14. 10.]
 [17. 11.]
 [ 5.  6.]
 [16.  9.]
 [ 6.  6.]
 [15. 10.]
 [17. 12.]
 [ 5.  6.]
 [16.  8.]
 [ 6.  6.]
 [16. 10.]
 [17. 13.]
 [ 5.  6.]
 [16.  7.]
 [ 6.  6.]
 [17. 10.]
 [17. 14.]
 [ 5.  6.]
 [16.  6.]
 [ 6.  6.]
 [17. 11.]
 [17. 15.]
 [ 5.  6.]
 [16.  5.]
 [ 6.  6.]
 [17. 12.]
 [17. 16.]
 [ 5.  6.]
 [16.  5.]
 [ 6.  6.]
 [17. 13.]
 [17. 16.]
 [ 5.  6.]
 [16.  5.]
 [ 6.  6.]
 [17. 13.]
 [17. 17.]
 [ 5.  6.]
 [16.  5.]
 [ 6.  6.]
 [17. 14.]]
