Maze:
##########################
#                        #
#                        #
#                        #
#                        #
#                        #
#     ##############     #
#     #            #     #
#     #            #     #
#     #            #     #
#     #            #     #
#     #S           #     #
#     #   D C      #     #
#     #            #     #
#     #            #     #
#     #      A     #     #
#     #    B       #     #
#     #            #     #
#     #            #     #
#     ##############     #
#                        #
#                        #
#                        #
#                        #
#                        #
##########################
[[ 1.  5.]
 [ 7.  9.]
 [ 5. 10.]
 [ 6.  6.]
 [ 4.  6.]
 [ 0.  5.]
 [ 6.  9.]
 [ 6. 10.]
 [ 6.  6.]
 [ 3.  6.]
 [-1.  5.]
 [ 6. 10.]
 [ 6.  9.]
 [ 6.  6.]
 [ 2.  6.]
 [-2.  5.]
 [ 6.  9.]
 [ 6. 10.]
 [ 6.  6.]
 [ 1.  6.]
 [-3.  5.]
 [ 6. 10.]
 [ 6.  9.]
 [ 6.  6.]
 [ 0.  6.]
 [-4.  5.]
 [ 6.  9.]
 [ 6. 10.]
 [ 6.  6.]
 [-1.  6.]
 [-5.  5.]
 [ 6. 10.]
 [ 6.  9.]
 [ 6.  6.]
 [-2.  6.]
 [-5.  5.]
 [ 6.  9.]
 [ 6. 10.]
 [ 6.  6.]
 [-3.  6.]
 [-5.  5.]
 [ 6. 10.]
 [ 6.  9.]
 [ 6.  6.]
 [-4.  6.]
 [-5.  4.]
 [ 6.  9.]
 [ 6. 10.]
 [ 6.  6.]
 [-5.  5.]
 [-5.  3.]
 [ 6. 10.]
 [ 6.  9.]
 [ 6.  6.]
 [-5.  4.]
 [-5.  2.]
 [ 6.  9.]
 [ 6. 10.]
 [ 6.  6.]
 [-5.  3.]
 [-5.  1.]
 [ 6. 10.]
 [ 6.  9.]
 [ 6.  6.]
 [-5.  2.]
 [-5.  0.]
 [ 6.  9.]
 [ 6. 10.]
 [ 6.  6.]
 [-5.  1.]
 [-5. -1.]
 [ 6. 10.]
 [ 6.  9.]
 [ 6.  6.]
 [-5.  0.]
 [-5. -2.]
 [ 6.  9.]
 [ 6. 10.]
 [ 6.  6.]
 [-5. -1.]
 [-5. -3.]
 [ 6. 10.]
 [ 6.  9.]
 [ 6.  6.]
 [-5. -2.]
 [-5. -4.]
 [ 6.  9.]
 [ 6. 10.]
 [ 6.  6.]
 [-5. -3.]
 [-5. -5.]
 [ 6. 10.]
 [ 6.  9.]
 [ 6.  6.]
 [-5. -4.]
 [-5. -5.]
 [ 6.  9.]
 [ 6. 10.]
 [ 6.  6.]
 [-5. -4.]
 [-5. -5.]
 [ 6. 10.]
 [ 6.  9.]
 [ 6.  6.]
 [-5. -4.]]
