Maze:
##########################
#                        #
#                        #
#                        #
#                        #
#                        #
#     ##############     #
#     #      C     #     #
#     #            #     #
#     #         A  #     #
#     #            #     #
#     #            #     #
#     #     B      #     #
#     #     S      #     #
#     #            #     #
#     #            #     #
#     #            #     #
#     #            #     #
#     #    D       #     #
#     ##############     #
#                        #
#                        #
#                        #
#                        #
#                        #
##########################
[[ 6.  7.]
 [10.  3.]
 [ 6.  6.]
 [ 7.  1.]
 [ 5. 12.]
 [ 6.  7.]
 [11.  3.]
 [ 6.  6.]
 [ 8.  2.]
 [ 5. 11.]
 [ 6.  7.]
 [12.  3.]
 [ 6.  6.]
 [ 9.  2.]
 [ 5. 10.]
 [ 6.  7.]
 [13.  3.]
 [ 6.  6.]
 [10.  2.]
 [ 5.  9.]
 [ 6.  7.]
 [14.  3.]
 [ 6.  6.]
 [11.  2.]
 [ 5.  8.]
 [ 6.  7.]
 [15.  3.]
 [ 6.  6.]
 [12.  2.]
 [ 5.  8.]
 [ 6.  7.]
 [16.  3.]
 [ 6.  6.]
 [13.  2.]
 [ 5.  8.]
 [ 6.  7.]
 [17.  3.]
 [ 6.  6.]
 [14.  2.]
 [ 5.  8.]
 [ 6.  7.]
 [17.  3.]
 [ 6.  6.]
 [15.  2.]
 [ 5.  8.]
 [ 6.  7.]
 [17.  3.]
 [ 6.  6.]
 [16.  2.]
 [ 5.  8.]
 [ 6.  7.]
 [17.  4.]
 [ 6.  6.]
 [17.  3.]
 [ 5.  8.]
 [ 6.  7.]
 [17.  5.]
 [ 6.  6.]
 [17.  4.]
 [ 5.  8.]
 [ 6.  7.]
 [17.  6.]
 [ 6.  6.]
 [17.  5.]
 [ 5.  8.]
 [ 6.  7.]
 [17.  7.]
 [ 6.  6.]
 [17.  6.]
 [ 5.  8.]
 [ 6.  7.]
 [17.  8.]
 [ 6.  6.]
 [17.  7.]
 [ 5.  8.]
 [ 6.  7.]
 [17.  9.]
 [ 6.  6.]
 [17.  8.]
 [ 5.  8.]
 [ 6.  7.]
 [17. 10.]
 [ 6.  6.]
 [17.  9.]
 [ 5.  8.]
 [ 6.  7.]
 [17. 11.]
 [ 6.  6.]
 [17. 10.]
 [ 5.  8.]
 [ 6.  7.]
 [17. 12.]
 [ 6.  6.]
 [17. 11.]
 [ 5.  8.]
 [ 6.  7.]
 [17. 13.]
 [ 6.  6.]
 [17. 12.]
 [ 5.  8.]
 [ 6.  7.]
 [17. 13.]
 [ 6.  6.]
 [17. 12.]
 [ 5.  8.]
 [ 6.  7.]
 [17. 14.]
 [ 6.  6.]
 [17. 13.]
 [ 5.  8.]]
