Maze:
##########################
#                        #
#                        #
#                        #
#                        #
#                        #
#     ##############     #
#     #            #     #
#     #  C         #     #
#     #       S    #     #
#     #            #     #
#     #            #     #
#     #     B   D  #     #
#     #   A        #     #
#     #            #     #
#     #            #     #
#     #            #     #
#     #            #     #
#     #            #     #
#     ##############     #
#                        #
#                        #
#                        #
#                        #
#                        #
##########################
[[ 8.  3.]
 [ 4.  7.]
 [ 6.  6.]
 [ 3.  2.]
 [10.  6.]
 [ 8.  2.]
 [ 3.  8.]
 [ 6.  6.]
 [ 3.  3.]
 [ 9.  5.]
 [ 8.  1.]
 [ 2.  9.]
 [ 6.  6.]
 [ 3.  4.]
 [ 8.  4.]
 [ 8.  0.]
 [ 1. 10.]
 [ 6.  6.]
 [ 3.  5.]
 [ 8.  3.]
 [ 8. -1.]
 [ 0. 11.]
 [ 6.  6.]
 [ 3.  6.]
 [ 8.  2.]
 [ 8. -2.]
 [ 0. 12.]
 [ 6.  6.]
 [ 3.  7.]
 [ 8.  1.]
 [ 8. -3.]
 [ 0. 13.]
 [ 6.  6.]
 [ 3.  8.]
 [ 8.  0.]
 [ 8. -4.]
 [ 0. 14.]
 [ 6.  6.]
 [ 3.  9.]
 [ 8. -1.]
 [ 8. -5.]
 [ 0. 15.]
 [ 6.  6.]
 [ 3. 10.]
 [ 8. -2.]
 [ 8. -5.]
 [ 0. 16.]
 [ 6.  6.]
 [ 3. 11.]
 [ 8. -3.]
 [ 8. -5.]
 [ 0. 16.]
 [ 6.  6.]
 [ 3. 12.]
 [ 8. -4.]
 [ 8. -5.]
 [ 0. 17.]
 [ 6.  6.]
 [ 2. 13.]
 [ 8. -4.]
 [ 8. -5.]
 [ 0. 17.]
 [ 6.  6.]
 [ 2. 14.]
 [ 8. -4.]
 [ 8. -5.]
 [-1. 17.]
 [ 6.  6.]
 [ 1. 15.]
 [ 8. -4.]
 [ 8. -5.]
 [-2. 17.]
 [ 6.  6.]
 [ 0. 16.]
 [ 8. -4.]
 [ 8. -5.]
 [-3. 17.]
 [ 6.  6.]
 [-1. 16.]
 [ 8. -4.]
 [ 8. -5.]
 [-4. 17.]
 [ 6.  6.]
 [-2. 16.]
 [ 8. -4.]
 [ 8. -5.]
 [-5. 17.]
 [ 6.  6.]
 [-3. 16.]
 [ 8. -4.]
 [ 8. -5.]
 [-5. 17.]
 [ 6.  6.]
 [-4. 16.]
 [ 8. -4.]
 [ 8. -5.]
 [-5. 17.]
 [ 6.  6.]
 [-4. 16.]
 [ 8. -4.]]
