Maze:
##########################
#                        #
#                        #
#                        #
#                        #
#                        #
#     ##############     #
#     #            #     #
#     #   S        #     #
#     #            #     #
#     #            #     #
#     #            #     #
#     #     B      #     #
#     #  A         #     #
#     #            #     #
#     #            #     #
#     #     D      #     #
#     #       C    #     #
#     #            #     #
#     ##############     #
#                        #
#                        #
#                        #
#                        #
#                        #
##########################
[[ 4.  2.]
 [ 3.  7.]
 [ 6.  6.]
 [ 8. 11.]
 [ 6. 10.]
 [ 4.  1.]
 [ 2.  7.]
 [ 6.  6.]
 [ 7. 10.]
 [ 5.  9.]
 [ 4.  0.]
 [ 1.  7.]
 [ 6.  6.]
 [ 6.  9.]
 [ 4.  8.]
 [ 4. -1.]
 [ 0.  7.]
 [ 6.  6.]
 [ 5.  9.]
 [ 3.  7.]
 [ 4. -1.]
 [-1.  7.]
 [ 6.  6.]
 [ 4.  8.]
 [ 2.  6.]
 [ 4. -1.]
 [-2.  7.]
 [ 6.  6.]
 [ 3.  8.]
 [ 1.  6.]
 [ 4. -1.]
 [-3.  7.]
 [ 6.  6.]
 [ 2.  8.]
 [ 0.  6.]
 [ 4. -1.]
 [-4.  7.]
 [ 6.  6.]
 [ 1.  8.]
 [-1.  6.]
 [ 4. -1.]
 [-5.  7.]
 [ 6.  6.]
 [ 0.  8.]
 [-2.  6.]
 [ 4. -1.]
 [-5.  7.]
 [ 6.  6.]
 [-1.  8.]
 [-3.  6.]
 [ 4. -1.]
 [-5.  7.]
 [ 6.  6.]
 [-2.  8.]
 [-4.  6.]
 [ 4. -1.]
 [-5.  8.]
 [ 6.  6.]
 [-3.  8.]
 [-5.  7.]
 [ 4. -1.]
 [-5.  9.]
 [ 6.  6.]
 [-4.  8.]
 [-5.  8.]
 [ 4. -1.]
 [-5. 10.]
 [ 6.  6.]
 [-4.  8.]
 [-5.  8.]
 [ 4. -1.]
 [-5. 11.]
 [ 6.  6.]
 [-5.  9.]
 [-5.  8.]
 [ 4. -1.]
 [-5. 12.]
 [ 6.  6.]
 [-5. 10.]
 [-5.  7.]
 [ 4. -1.]
 [-5. 13.]
 [ 6.  6.]
 [-5. 11.]
 [-5.  7.]
 [ 4. -1.]
 [-5. 14.]
 [ 6.  6.]
 [-5. 12.]
 [-5.  7.]
 [ 4. -1.]
 [-5. 15.]
 [ 6.  6.]
 [-5. 13.]
 [-5.  7.]
 [ 4. -1.]
 [-5. 16.]
 [ 6.  6.]
 [-5. 14.]
 [-5.  7.]
 [ 4. -1.]
 [-5. 16.]
 [ 6.  6.]
 [-5. 14.]
 [-5.  7.]
 [ 4. -1.]
 [-5. 17.]
 [ 6.  6.]
 [-5. 15.]
 [-5.  7.]]
