Maze:
##########################
#                        #
#                        #
#                        #
#                        #
#                        #
#     ##############     #
#     #            #     #
#     #            #     #
#     #            #     #
#     #            #     #
#     #            #     #
#     #     S      #     #
#     #          B #     #
#     #    A       #     #
#     #            #     #
#     #         C  #     #
#     #     D      #     #
#     #            #     #
#     ##############     #
#                        #
#                        #
#                        #
#                        #
#                        #
##########################
[[ 6.  6.]
 [ 5.  8.]
 [11.  7.]
 [10. 10.]
 [ 6. 11.]
 [ 6.  6.]
 [ 4.  8.]
 [11.  8.]
 [ 9. 10.]
 [ 6. 10.]
 [ 6.  6.]
 [ 3.  8.]
 [10.  9.]
 [ 8. 10.]
 [ 5.  9.]
 [ 6.  6.]
 [ 2.  8.]
 [ 9.  9.]
 [ 7. 10.]
 [ 5.  8.]
 [ 6.  6.]
 [ 1.  8.]
 [ 8. 10.]
 [ 6. 10.]
 [ 5.  7.]
 [ 6.  6.]
 [ 0.  8.]
 [ 7. 10.]
 [ 5. 10.]
 [ 5.  7.]
 [ 6.  6.]
 [-1.  8.]
 [ 6. 10.]
 [ 4. 10.]
 [ 5.  7.]
 [ 6.  6.]
 [-2.  8.]
 [ 5. 10.]
 [ 3. 10.]
 [ 5.  7.]
 [ 6.  6.]
 [-3.  8.]
 [ 4. 10.]
 [ 2. 10.]
 [ 5.  7.]
 [ 6.  6.]
 [-4.  8.]
 [ 3. 10.]
 [ 1. 10.]
 [ 5.  7.]
 [ 6.  6.]
 [-5.  8.]
 [ 2. 10.]
 [ 0. 10.]
 [ 5.  7.]
 [ 6.  6.]
 [-5.  8.]
 [ 1. 10.]
 [-1. 10.]
 [ 5.  7.]
 [ 6.  6.]
 [-5.  8.]
 [ 0. 10.]
 [-2.  9.]
 [ 5.  7.]
 [ 6.  6.]
 [-5.  8.]
 [-1. 10.]
 [-3.  9.]
 [ 5.  7.]
 [ 6.  6.]
 [-5.  8.]
 [-2. 10.]
 [-4.  9.]
 [ 5.  7.]
 [ 6.  6.]
 [-5.  7.]
 [-3. 10.]
 [-5.  8.]
 [ 5.  7.]
 [ 6.  6.]
 [-5.  6.]
 [-4.  9.]
 [-5.  7.]
 [ 5.  7.]
 [ 6.  6.]
 [-5.  5.]
 [-4.  8.]
 [-5.  6.]
 [ 5.  7.]
 [ 6.  6.]
 [-5.  4.]
 [-4.  7.]
 [-5.  5.]
 [ 5.  7.]
 [ 6.  6.]
 [-5.  3.]
 [-4.  6.]
 [-5.  4.]
 [ 5.  7.]
 [ 6.  6.]
 [-5.  3.]
 [-4.  6.]
 [-5.  4.]
 [ 5.  7.]
 [ 6.  6.]
 [-5.  2.]
 [-4.  5.]
 [-5.  3.]
 [ 5.  7.]]
