Maze:
##########################
#                        #
#                        #
#                        #
#                        #
#                        #
#     ##############     #
#     #            #     #
#     #            #     #
#     #            #     #
#     #   B        #     #
#     #            #     #
#     #     SD     #     #
#     #            #     #
#     #        C   #     #
#     #            #     #
#     #            #     #
#     #            #     #
#     #     A      #     #
#     ##############     #
#                        #
#                        #
#                        #
#                        #
#                        #
##########################
[[ 6.  6.]
 [ 6. 12.]
 [ 4.  4.]
 [ 9.  8.]
 [ 7.  6.]
 [ 6.  6.]
 [ 6. 13.]
 [ 4.  4.]
 [ 8.  9.]
 [ 7.  6.]
 [ 6.  6.]
 [ 6. 14.]
 [ 4.  4.]
 [ 8. 10.]
 [ 7.  6.]
 [ 6.  6.]
 [ 6. 15.]
 [ 4.  4.]
 [ 8. 11.]
 [ 7.  6.]
 [ 6.  6.]
 [ 6. 16.]
 [ 3.  4.]
 [ 8. 12.]
 [ 7.  6.]
 [ 6.  6.]
 [ 6. 17.]
 [ 3.  4.]
 [ 8. 13.]
 [ 7.  6.]
 [ 6.  6.]
 [ 6. 17.]
 [ 3.  4.]
 [ 8. 14.]
 [ 7.  6.]
 [ 6.  6.]
 [ 6. 17.]
 [ 3.  4.]
 [ 7. 15.]
 [ 7.  6.]
 [ 6.  6.]
 [ 6. 17.]
 [ 3.  4.]
 [ 7. 16.]
 [ 7.  6.]
 [ 6.  6.]
 [ 5. 17.]
 [ 3.  4.]
 [ 6. 17.]
 [ 7.  6.]
 [ 6.  6.]
 [ 4. 17.]
 [ 3.  4.]
 [ 5. 17.]
 [ 7.  6.]
 [ 6.  6.]
 [ 3. 17.]
 [ 3.  4.]
 [ 4. 17.]
 [ 7.  6.]
 [ 6.  6.]
 [ 2. 17.]
 [ 2.  4.]
 [ 3. 17.]
 [ 7.  6.]
 [ 6.  6.]
 [ 1. 17.]
 [ 2.  4.]
 [ 2. 17.]
 [ 7.  6.]
 [ 6.  6.]
 [ 0. 17.]
 [ 2.  4.]
 [ 1. 17.]
 [ 7.  6.]
 [ 6.  6.]
 [-1. 17.]
 [ 2.  4.]
 [ 0. 17.]
 [ 7.  6.]
 [ 6.  6.]
 [-2. 17.]
 [ 2.  4.]
 [-1. 17.]
 [ 7.  6.]
 [ 6.  6.]
 [-3. 17.]
 [ 2.  4.]
 [-2. 17.]
 [ 7.  6.]
 [ 6.  6.]
 [-4. 17.]
 [ 2.  4.]
 [-3. 17.]
 [ 7.  6.]
 [ 6.  6.]
 [-5. 17.]
 [ 2.  4.]
 [-4. 17.]
 [ 7.  6.]
 [ 6.  6.]
 [-5. 17.]
 [ 2.  4.]
 [-4. 17.]
 [ 7.  6.]]
