Maze:
##########################
#                        #
#                        #
#                        #
#                        #
#                        #
#     ##############     #
#     #            #     #
#     #            #     #
#     #            #     #
#     #            #     #
#     #  A         #     #
#     #     DB     #     #
#     #            #     #
#     #     S      #     #
#     #            #     #
#     #        C   #     #
#     #            #     #
#     #            #     #
#     ##############     #
#                        #
#                        #
#                        #
#                        #
#                        #
##########################
[[ 6.  8.]
 [ 3.  5.]
 [ 7.  6.]
 [ 9. 10.]
 [ 6.  6.]
 [ 7.  9.]
 [ 2.  5.]
 [ 8.  6.]
 [ 9. 10.]
 [ 6.  6.]
 [ 7.  9.]
 [ 1.  5.]
 [ 9.  6.]
 [ 9. 10.]
 [ 6.  6.]
 [ 7.  9.]
 [ 0.  5.]
 [ 9.  7.]
 [ 9. 10.]
 [ 6.  6.]
 [ 7.  9.]
 [-1.  5.]
 [ 9.  8.]
 [ 9. 10.]
 [ 6.  6.]
 [ 8.  9.]
 [-2.  5.]
 [ 9.  9.]
 [ 9. 10.]
 [ 6.  6.]
 [ 9.  9.]
 [-2.  5.]
 [ 9. 10.]
 [10. 10.]
 [ 6.  6.]
 [ 9. 10.]
 [-2.  5.]
 [10. 10.]
 [10. 11.]
 [ 6.  6.]
 [10. 10.]
 [-2.  5.]
 [10. 11.]
 [11. 11.]
 [ 6.  6.]
 [10. 11.]
 [-2.  5.]
 [11. 11.]
 [11. 12.]
 [ 6.  6.]
 [11. 11.]
 [-2.  5.]
 [11. 12.]
 [12. 12.]
 [ 6.  6.]
 [11. 12.]
 [-2.  5.]
 [12. 12.]
 [12. 13.]
 [ 6.  6.]
 [12. 12.]
 [-2.  5.]
 [12. 13.]
 [13. 13.]
 [ 6.  6.]
 [12. 13.]
 [-2.  5.]
 [13. 13.]
 [13. 14.]
 [ 6.  6.]
 [13. 13.]
 [-2.  5.]
 [13. 14.]
 [14. 14.]
 [ 6.  6.]
 [13. 14.]
 [-2.  5.]
 [14. 14.]
 [14. 15.]
 [ 6.  6.]
 [14. 14.]
 [-2.  5.]
 [14. 15.]
 [15. 15.]
 [ 6.  6.]
 [14. 15.]
 [-2.  5.]
 [15. 15.]
 [15. 16.]
 [ 6.  6.]
 [15. 15.]
 [-2.  5.]
 [15. 16.]
 [16. 16.]
 [ 6.  6.]
 [15. 16.]
 [-2.  5.]
 [16. 16.]
 [16. 17.]
 [ 6.  6.]
 [15. 16.]
 [-2.  5.]
 [16. 16.]
 [16. 17.]
 [ 6.  6.]
 [16. 16.]
 [-2.  5.]
 [16. 17.]
 [17. 17.]
 [ 6.  6.]]
