Maze:
##########################
#                        #
#                        #
#                        #
#                        #
#                        #
#     ##############     #
#     #  S         #     #
#     #            #     #
#     #            #     #
#     #        D   #     #
#     #            #     #
#     #     B      #     #
#     #      A     #     #
#     #            #     #
#     #            #     #
#     #            #     #
#     #            #     #
#     #           C#     #
#     ##############     #
#                        #
#                        #
#                        #
#                        #
#                        #
##########################
[[ 3.  1.]
 [ 7.  7.]
 [ 6.  6.]
 [12. 12.]
 [ 9.  4.]
 [ 3.  1.]
 [ 8.  8.]
 [ 6.  6.]
 [12. 12.]
 [ 8.  4.]
 [ 3.  1.]
 [ 8.  9.]
 [ 6.  6.]
 [11. 11.]
 [ 7.  5.]
 [ 3.  1.]
 [ 8. 10.]
 [ 6.  6.]
 [10. 10.]
 [ 7.  5.]
 [ 3.  1.]
 [ 7. 10.]
 [ 6.  6.]
 [ 9. 10.]
 [ 7.  5.]
 [ 3.  1.]
 [ 6. 10.]
 [ 6.  6.]
 [ 8. 10.]
 [ 7.  5.]
 [ 3.  1.]
 [ 5. 10.]
 [ 6.  6.]
 [ 7. 10.]
 [ 7.  5.]
 [ 3.  1.]
 [ 4. 10.]
 [ 6.  6.]
 [ 6. 10.]
 [ 7.  5.]
 [ 3.  1.]
 [ 3. 10.]
 [ 6.  6.]
 [ 5. 10.]
 [ 7.  5.]
 [ 3.  1.]
 [ 2. 10.]
 [ 6.  6.]
 [ 4. 10.]
 [ 7.  5.]
 [ 3.  1.]
 [ 1. 10.]
 [ 6.  6.]
 [ 3. 10.]
 [ 7.  5.]
 [ 3.  1.]
 [ 0. 10.]
 [ 6.  6.]
 [ 2. 10.]
 [ 7.  5.]
 [ 3.  1.]
 [-1. 10.]
 [ 6.  6.]
 [ 1. 10.]
 [ 7.  5.]
 [ 3.  1.]
 [-2. 10.]
 [ 6.  6.]
 [ 0. 10.]
 [ 7.  5.]
 [ 3.  1.]
 [-3. 10.]
 [ 6.  6.]
 [-1. 10.]
 [ 7.  5.]
 [ 3.  1.]
 [-4. 10.]
 [ 6.  6.]
 [-2. 10.]
 [ 7.  5.]
 [ 3.  1.]
 [-5. 10.]
 [ 6.  6.]
 [-3. 10.]
 [ 7.  5.]
 [ 3.  1.]
 [-5. 10.]
 [ 6.  6.]
 [-4. 10.]
 [ 7.  5.]
 [ 3.  1.]
 [-5. 10.]
 [ 6.  6.]
 [-4. 10.]
 [ 7.  5.]]
