Maze:
##########################
#                        #
#                        #
#                        #
#                        #
#                        #
#     ##############     #
#     #            #     #
#     #            #     #
#     #            #     #
#     #   B        #     #
#     #            #     #
#     #     A      #     #
#     #            #     #
#     #            #     #
#     #           S#     #
#     #       C    #     #
#     #         D  #     #
#     #            #     #
#     ##############     #
#                        #
#                        #
#                        #
#                        #
#                        #
##########################
[[12.  9.]
 [ 6.  6.]
 [ 4.  4.]
 [ 8. 10.]
 [10. 11.]
 [13.  9.]
 [ 6.  6.]
 [ 5.  5.]
 [ 8.  9.]
 [11. 11.]
 [14.  9.]
 [ 6.  6.]
 [ 5.  5.]
 [ 7.  8.]
 [12. 10.]
 [15.  9.]
 [ 6.  6.]
 [ 5.  5.]
 [ 7.  7.]
 [13. 10.]
 [16.  9.]
 [ 6.  6.]
 [ 5.  5.]
 [ 7.  7.]
 [14. 10.]
 [17.  9.]
 [ 6.  6.]
 [ 5.  5.]
 [ 7.  7.]
 [15. 10.]
 [17.  9.]
 [ 6.  6.]
 [ 5.  5.]
 [ 7.  7.]
 [16. 10.]
 [17.  8.]
 [ 6.  6.]
 [ 5.  5.]
 [ 7.  7.]
 [17.  9.]
 [17.  7.]
 [ 6.  6.]
 [ 5.  5.]
 [ 7.  7.]
 [17.  8.]
 [17.  6.]
 [ 6.  6.]
 [ 5.  5.]
 [ 7.  7.]
 [17.  7.]
 [17.  5.]
 [ 6.  6.]
 [ 5.  5.]
 [ 7.  7.]
 [17.  6.]
 [17.  4.]
 [ 6.  6.]
 [ 5.  5.]
 [ 7.  7.]
 [17.  5.]
 [17.  3.]
 [ 6.  6.]
 [ 5.  5.]
 [ 7.  7.]
 [17.  4.]
 [17.  2.]
 [ 6.  6.]
 [ 5.  5.]
 [ 7.  7.]
 [17.  3.]
 [17.  1.]
 [ 6.  6.]
 [ 5.  5.]
 [ 7.  7.]
 [17.  2.]
 [17.  0.]
 [ 6.  6.]
 [ 5.  5.]
 [ 7.  7.]
 [17.  1.]
 [17. -1.]
 [ 6.  6.]
 [ 5.  5.]
 [ 7.  7.]
 [17.  0.]
 [17. -2.]
 [ 6.  6.]
 [ 5.  5.]
 [ 7.  7.]
 [17. -1.]
 [17. -3.]
 [ 6.  6.]
 [ 5.  5.]
 [ 7.  7.]
 [17. -2.]
 [17. -4.]
 [ 6.  6.]
 [ 5.  5.]
 [ 7.  7.]
 [17. -3.]
 [17. -4.]
 [ 6.  6.]
 [ 5.  5.]
 [ 7.  7.]
 [17. -3.]
 [17. -5.]
 [ 6.  6.]
 [ 5.  5.]
 [ 7.  7.]
 [17. -4.]]
