Maze:
##########################
#                        #
#                        #
#                        #
#                        #
#                        #
#     ##############     #
#     #            #     #
#     #    B       #     #
#     #  S         #     #
#     #            #     #
#     #            #     #
#     #     D      #     #
#     #            #     #
#     #        A   #     #
#     #            #     #
#     #       C    #     #
#     #            #     #
#     #            #     #
#     ##############     #
#                        #
#                        #
#                        #
#                        #
#                        #
##########################
[[ 3.  3.]
 [ 9.  8.]
 [ 5.  2.]
 [ 8. 10.]
 [ 6.  6.]
 [ 3.  2.]
 [10.  7.]
 [ 6.  2.]
 [ 8.  9.]
 [ 6.  6.]
 [ 3.  1.]
 [11.  7.]
 [ 7.  2.]
 [ 9.  8.]
 [ 6.  6.]
 [ 3.  1.]
 [12.  7.]
 [ 8.  2.]
 [10.  8.]
 [ 6.  6.]
 [ 3.  1.]
 [13.  7.]
 [ 9.  3.]
 [11.  8.]
 [ 6.  6.]
 [ 3.  1.]
 [14.  7.]
 [10.  4.]
 [12.  8.]
 [ 6.  6.]
 [ 3.  1.]
 [15.  7.]
 [11.  5.]
 [13.  8.]
 [ 6.  6.]
 [ 3.  1.]
 [16.  7.]
 [12.  6.]
 [14.  8.]
 [ 6.  6.]
 [ 3.  1.]
 [17.  7.]
 [13.  7.]
 [15.  8.]
 [ 6.  6.]
 [ 3.  1.]
 [17.  7.]
 [14.  7.]
 [16.  8.]
 [ 6.  6.]
 [ 3.  1.]
 [17.  6.]
 [15.  7.]
 [17.  7.]
 [ 6.  6.]
 [ 3.  1.]
 [17.  5.]
 [16.  7.]
 [17.  6.]
 [ 6.  6.]
 [ 3.  1.]
 [17.  4.]
 [17.  6.]
 [17.  5.]
 [ 6.  6.]
 [ 3.  1.]
 [17.  3.]
 [17.  5.]
 [17.  4.]
 [ 6.  6.]
 [ 3.  1.]
 [17.  2.]
 [17.  4.]
 [17.  3.]
 [ 6.  6.]
 [ 3.  1.]
 [17.  1.]
 [17.  3.]
 [17.  2.]
 [ 6.  6.]
 [ 3.  1.]
 [17.  0.]
 [17.  2.]
 [17.  1.]
 [ 6.  6.]
 [ 3.  1.]
 [17. -1.]
 [17.  1.]
 [17.  0.]
 [ 6.  6.]
 [ 3.  1.]
 [17. -2.]
 [17.  0.]
 [17. -1.]
 [ 6.  6.]
 [ 3.  1.]
 [17. -3.]
 [17. -1.]
 [17. -2.]
 [ 6.  6.]
 [ 3.  1.]
 [17. -3.]
 [17. -1.]
 [17. -2.]
 [ 6.  6.]
 [ 3.  1.]
 [17. -4.]
 [17. -2.]
 [17. -3.]
 [ 6.  6.]]
