Maze:
##########################
#                        #
#                        #
#                        #
#                        #
#                        #
#     ##############     #
#     #            #     #
#     #       D    #     #
#     #  A         #     #
#     #        S   #     #
#     #            #     #
#     #     C      #     #
#     #      B     #     #
#     #            #     #
#     #            #     #
#     #            #     #
#     #            #     #
#     #            #     #
#     ##############     #
#                        #
#                        #
#                        #
#                        #
#                        #
##########################
[[ 9.  4.]
 [ 3.  3.]
 [ 7.  7.]
 [ 6.  6.]
 [ 8.  2.]
 [ 9.  3.]
 [ 4.  4.]
 [ 7.  7.]
 [ 6.  6.]
 [ 8.  1.]
 [ 9.  2.]
 [ 5.  5.]
 [ 7.  7.]
 [ 6.  6.]
 [ 8.  0.]
 [ 9.  1.]
 [ 5.  5.]
 [ 7.  7.]
 [ 6.  6.]
 [ 8. -1.]
 [ 9.  0.]
 [ 5.  5.]
 [ 7.  7.]
 [ 6.  6.]
 [ 8. -2.]
 [ 9. -1.]
 [ 5.  5.]
 [ 7.  7.]
 [ 6.  6.]
 [ 8. -3.]
 [ 9. -2.]
 [ 5.  5.]
 [ 7.  7.]
 [ 6.  6.]
 [ 8. -4.]
 [ 9. -3.]
 [ 5.  5.]
 [ 7.  7.]
 [ 6.  6.]
 [ 8. -5.]
 [ 9. -4.]
 [ 5.  5.]
 [ 7.  7.]
 [ 6.  6.]
 [ 8. -5.]
 [ 8. -5.]
 [ 5.  5.]
 [ 7.  7.]
 [ 6.  6.]
 [ 7. -5.]
 [ 7. -5.]
 [ 5.  5.]
 [ 7.  7.]
 [ 6.  6.]
 [ 6. -5.]
 [ 6. -5.]
 [ 5.  5.]
 [ 7.  7.]
 [ 6.  6.]
 [ 5. -5.]
 [ 5. -5.]
 [ 5.  5.]
 [ 7.  7.]
 [ 6.  6.]
 [ 4. -5.]
 [ 4. -5.]
 [ 5.  5.]
 [ 7.  7.]
 [ 6.  6.]
 [ 3. -5.]
 [ 3. -5.]
 [ 5.  5.]
 [ 7.  7.]
 [ 6.  6.]
 [ 2. -5.]
 [ 2. -5.]
 [ 5.  5.]
 [ 7.  7.]
 [ 6.  6.]
 [ 1. -5.]
 [ 1. -5.]
 [ 5.  5.]
 [ 7.  7.]
 [ 6.  6.]
 [ 0. -5.]
 [ 0. -5.]
 [ 5.  5.]
 [ 7.  7.]
 [ 6.  6.]
 [-1. -5.]
 [-1. -5.]
 [ 5.  5.]
 [ 7.  7.]
 [ 6.  6.]
 [-2. -5.]
 [-2. -5.]
 [ 5.  5.]
 [ 7.  7.]
 [ 6.  6.]
 [-3. -5.]
 [-2. -5.]
 [ 5.  5.]
 [ 7.  7.]
 [ 6.  6.]
 [-3. -5.]
 [-3. -5.]
 [ 5.  5.]
 [ 7.  7.]
 [ 6.  6.]
 [-4. -5.]]
