Maze:
##########################
#                        #
#                        #
#                        #
#                        #
#                        #
#     ##############     #
#     #            #     #
#     #      D     #     #
#     # S          #     #
#     #            #     #
#     #       A    #     #
#     #     C      #     #
#     #            #     #
#     #            #     #
#     #            #     #
#     #            #     #
#     #            #     #
#     #     B      #     #
#     ##############     #
#                        #
#                        #
#                        #
#                        #
#                        #
##########################
[[ 2.  3.]
 [ 8.  5.]
 [ 6. 12.]
 [ 6.  6.]
 [ 7.  2.]
 [ 2.  3.]
 [ 7.  6.]
 [ 6. 11.]
 [ 6.  6.]
 [ 7.  1.]
 [ 2.  2.]
 [ 7.  6.]
 [ 6. 10.]
 [ 6.  6.]
 [ 7.  0.]
 [ 2.  1.]
 [ 7.  6.]
 [ 6.  9.]
 [ 6.  6.]
 [ 7. -1.]
 [ 2.  0.]
 [ 7.  6.]
 [ 6.  8.]
 [ 6.  6.]
 [ 7. -2.]
 [ 2. -1.]
 [ 7.  6.]
 [ 6.  7.]
 [ 6.  6.]
 [ 7. -3.]
 [ 2. -2.]
 [ 7.  6.]
 [ 6.  7.]
 [ 6.  6.]
 [ 7. -4.]
 [ 2. -3.]
 [ 7.  6.]
 [ 6.  7.]
 [ 6.  6.]
 [ 7. -4.]
 [ 3. -3.]
 [ 7.  6.]
 [ 6.  7.]
 [ 6.  6.]
 [ 7. -4.]
 [ 4. -4.]
 [ 7.  6.]
 [ 6.  7.]
 [ 6.  6.]
 [ 8. -4.]
 [ 5. -4.]
 [ 7.  6.]
 [ 6.  7.]
 [ 6.  6.]
 [ 9. -4.]
 [ 6. -4.]
 [ 7.  6.]
 [ 6.  7.]
 [ 6.  6.]
 [10. -4.]
 [ 7. -4.]
 [ 7.  6.]
 [ 6.  7.]
 [ 6.  6.]
 [11. -4.]
 [ 8. -4.]
 [ 7.  6.]
 [ 6.  7.]
 [ 6.  6.]
 [12. -4.]
 [ 9. -4.]
 [ 7.  6.]
 [ 6.  7.]
 [ 6.  6.]
 [13. -4.]
 [10. -4.]
 [ 7.  6.]
 [ 6.  7.]
 [ 6.  6.]
 [14. -4.]
 [11. -4.]
 [ 7.  6.]
 [ 6.  7.]
 [ 6.  6.]
 [15. -4.]
 [12. -4.]
 [ 7.  6.]
 [ 6.  7.]
 [ 6.  6.]
 [16. -4.]
 [13. -4.]
 [ 7.  6.]
 [ 6.  7.]
 [ 6.  6.]
 [17. -4.]
 [14. -4.]
 [ 7.  6.]
 [ 6.  7.]
 [ 6.  6.]
 [17. -4.]
 [14. -4.]
 [ 7.  6.]
 [ 6.  7.]
 [ 6.  6.]
 [17. -4.]
 [15. -4.]
 [ 7.  6.]
 [ 6.  7.]
 [ 6.  6.]
 [17. -4.]]
