Maze:
##########################
#                        #
#                        #
#                        #
#                        #
#                        #
#     ##############     #
#     #     C      #     #
#     #            #     #
#     #            #     #
#     #  S         #     #
#     #            #     #
#     #     A      #     #
#     #    B       #     #
#     #            #     #
#     #            #     #
#     #            #     #
#     #          D #     #
#     #            #     #
#     ##############     #
#                        #
#                        #
#                        #
#                        #
#                        #
##########################
[[ 3.  4.]
 [ 6.  6.]
 [ 5.  7.]
 [ 6.  1.]
 [11. 11.]
 [ 2.  4.]
 [ 6.  6.]
 [ 5.  6.]
 [ 5.  1.]
 [11. 11.]
 [ 1.  4.]
 [ 6.  6.]
 [ 5.  6.]
 [ 4.  1.]
 [11. 11.]
 [ 0.  4.]
 [ 6.  6.]
 [ 5.  6.]
 [ 3.  1.]
 [11. 11.]
 [-1.  4.]
 [ 6.  6.]
 [ 5.  6.]
 [ 2.  1.]
 [11. 11.]
 [-2.  4.]
 [ 6.  6.]
 [ 5.  6.]
 [ 1.  1.]
 [11. 11.]
 [-3.  4.]
 [ 6.  6.]
 [ 5.  6.]
 [ 0.  1.]
 [11. 11.]
 [-3.  4.]
 [ 6.  6.]
 [ 5.  6.]
 [-1.  1.]
 [11. 11.]
 [-4.  4.]
 [ 6.  6.]
 [ 5.  6.]
 [-2.  2.]
 [11. 11.]
 [-5.  5.]
 [ 6.  6.]
 [ 5.  6.]
 [-3.  3.]
 [11. 11.]
 [-5.  6.]
 [ 6.  6.]
 [ 5.  6.]
 [-4.  4.]
 [11. 11.]
 [-5.  7.]
 [ 6.  6.]
 [ 5.  6.]
 [-5.  5.]
 [11. 11.]
 [-5.  8.]
 [ 6.  6.]
 [ 5.  6.]
 [-5.  6.]
 [11. 11.]
 [-5.  9.]
 [ 6.  6.]
 [ 5.  6.]
 [-5.  7.]
 [11. 11.]
 [-5. 10.]
 [ 6.  6.]
 [ 5.  6.]
 [-5.  8.]
 [11. 11.]
 [-5. 11.]
 [ 6.  6.]
 [ 5.  6.]
 [-5.  9.]
 [11. 11.]
 [-5. 12.]
 [ 6.  6.]
 [ 5.  6.]
 [-5. 10.]
 [11. 11.]
 [-5. 13.]
 [ 6.  6.]
 [ 5.  6.]
 [-5. 11.]
 [11. 11.]
 [-5. 14.]
 [ 6.  6.]
 [ 5.  6.]
 [-5. 12.]
 [11. 11.]
 [-5. 15.]
 [ 6.  6.]
 [ 5.  6.]
 [-5. 13.]
 [11. 11.]
 [-5. 15.]
 [ 6.  6.]
 [ 5.  6.]
 [-5. 13.]
 [11. 11.]
 [-5. 16.]
 [ 6.  6.]
 [ 5.  6.]
 [-5. 14.]
 [11. 11.]]
