Maze:
##########################
#                        #
#                        #
#                        #
#                        #
#                        #
#     ##############     #
#     #            #     #
#     #        D   #     #
#     #            #     #
#     #            #     #
#     #            #     #
#     #     B    A #     #
#     #            #     #
#     #       S    #     #
#     #            #     #
#     #            #     #
#     #            #     #
#     #    C       #     #
#     ##############     #
#                        #
#                        #
#                        #
#                        #
#                        #
##########################
[[ 8.  8.]
 [11.  6.]
 [ 6.  6.]
 [ 5. 12.]
 [ 9.  2.]
 [ 7.  8.]
 [10.  7.]
 [ 6.  6.]
 [ 5. 12.]
 [ 9.  1.]
 [ 6.  8.]
 [ 9.  7.]
 [ 6.  6.]
 [ 5. 12.]
 [ 9.  0.]
 [ 5.  8.]
 [ 8.  7.]
 [ 6.  6.]
 [ 5. 11.]
 [ 9. -1.]
 [ 4.  8.]
 [ 7.  7.]
 [ 6.  6.]
 [ 5. 10.]
 [ 9. -1.]
 [ 3.  8.]
 [ 6.  7.]
 [ 6.  6.]
 [ 4.  9.]
 [ 9. -1.]
 [ 2.  8.]
 [ 6.  7.]
 [ 6.  6.]
 [ 3.  9.]
 [ 9. -1.]
 [ 1.  7.]
 [ 6.  7.]
 [ 6.  6.]
 [ 2.  8.]
 [ 9. -1.]
 [ 0.  6.]
 [ 6.  7.]
 [ 6.  6.]
 [ 1.  7.]
 [ 9. -1.]
 [-1.  5.]
 [ 6.  7.]
 [ 6.  6.]
 [ 0.  6.]
 [ 9. -1.]
 [-2.  4.]
 [ 6.  7.]
 [ 6.  6.]
 [-1.  5.]
 [ 9. -1.]
 [-3.  3.]
 [ 6.  7.]
 [ 6.  6.]
 [-2.  4.]
 [ 9. -1.]
 [-4.  2.]
 [ 6.  7.]
 [ 6.  6.]
 [-3.  3.]
 [ 9. -1.]
 [-5.  1.]
 [ 6.  7.]
 [ 6.  6.]
 [-4.  2.]
 [ 9. -1.]
 [-5.  0.]
 [ 6.  7.]
 [ 6.  6.]
 [-5.  1.]
 [ 9. -1.]
 [-5. -1.]
 [ 6.  7.]
 [ 6.  6.]
 [-5.  0.]
 [ 9. -1.]
 [-5. -2.]
 [ 6.  7.]
 [ 6.  6.]
 [-5. -1.]
 [ 9. -1.]
 [-5. -3.]
 [ 6.  7.]
 [ 6.  6.]
 [-5. -2.]
 [ 9. -1.]
 [-5. -4.]
 [ 6.  7.]
 [ 6.  6.]
 [-5. -3.]
 [ 9. -1.]
 [-5. -5.]
 [ 6.  7.]
 [ 6.  6.]
 [-5. -4.]
 [ 9. -1.]
 [-5. -5.]
 [ 6.  7.]
 [ 6.  6.]
 [-5. -4.]
 [ 9. -1.]]
