Maze:
##########################
#                        #
#                        #
#                        #
#                        #
#                        #
#     ##############     #
#     #            #     #
#     #            #     #
#     #            #     #
#     #            #     #
#     #            #     #
#     #     BD     #     #
#     #            #     #
#     #   S        #     #
#     #            #     #
#     #           A#     #
#     #            #     #
#     #    C       #     #
#     ##############     #
#                        #
#                        #
#                        #
#                        #
#                        #
##########################
[[ 4.  8.]
 [12. 10.]
 [ 6.  6.]
 [ 5. 12.]
 [ 7.  6.]
 [ 4.  7.]
 [11. 10.]
 [ 6.  6.]
 [ 4. 11.]
 [ 7.  6.]
 [ 5.  6.]
 [10. 10.]
 [ 6.  6.]
 [ 3. 10.]
 [ 7.  6.]
 [ 6.  5.]
 [ 9. 10.]
 [ 6.  6.]
 [ 3.  9.]
 [ 7.  6.]
 [ 7.  5.]
 [ 8.  9.]
 [ 6.  6.]
 [ 2.  9.]
 [ 7.  6.]
 [ 7.  6.]
 [ 7.  8.]
 [ 6.  6.]
 [ 1.  9.]
 [ 6.  7.]
 [ 7.  6.]
 [ 7.  7.]
 [ 6.  6.]
 [ 0.  9.]
 [ 5.  6.]
 [ 7.  5.]
 [ 7.  6.]
 [ 6.  6.]
 [ 0.  9.]
 [ 6.  5.]
 [ 6.  4.]
 [ 6.  5.]
 [ 6.  6.]
 [ 0.  9.]
 [ 5.  5.]
 [ 6.  3.]
 [ 7.  5.]
 [ 6.  6.]
 [ 0.  9.]
 [ 4.  5.]
 [ 5.  2.]
 [ 6.  5.]
 [ 6.  6.]
 [ 0.  9.]
 [ 3.  6.]
 [ 4.  1.]
 [ 6.  5.]
 [ 6.  6.]
 [-1.  9.]
 [ 3.  6.]
 [ 3.  1.]
 [ 6.  5.]
 [ 6.  6.]
 [-1.  9.]
 [ 3.  6.]
 [ 3.  1.]
 [ 6.  5.]
 [ 6.  6.]
 [-2.  9.]
 [ 3.  6.]
 [ 3.  1.]
 [ 6.  5.]
 [ 6.  6.]
 [-2.  9.]
 [ 2.  7.]
 [ 2.  1.]
 [ 6.  5.]
 [ 6.  6.]
 [-2.  9.]
 [ 2.  7.]
 [ 2.  1.]
 [ 6.  5.]
 [ 6.  6.]
 [-2.  9.]
 [ 3.  7.]
 [ 2.  1.]
 [ 6.  5.]
 [ 6.  6.]
 [-2.  9.]
 [ 3.  8.]
 [ 2.  1.]
 [ 6.  5.]
 [ 6.  6.]
 [-2.  9.]
 [ 4.  8.]
 [ 2.  1.]
 [ 6.  5.]
 [ 6.  6.]
 [-2.  9.]
 [ 4.  9.]
 [ 2.  1.]
 [ 6.  5.]
 [ 6.  6.]
 [-2.  9.]
 [ 4.  9.]
 [ 2.  1.]
 [ 6.  5.]
 [ 6.  6.]
 [-2.  9.]
 [ 5. 10.]]
