Maze:
##########################
#                        #
#                        #
#                        #
#                        #
#                        #
#     ##############     #
#     #            #     #
#     #            #     #
#     #            #     #
#     #            #     #
#     #            #     #
#     #     A      #     #
#     #            #     #
#     #   S        #     #
#     #      C     #     #
#     #            #     #
#     #        D   #     #
#     #           B#     #
#     ##############     #
#                        #
#                        #
#                        #
#                        #
#                        #
##########################
[[ 4.  8.]
 [ 6.  6.]
 [12. 12.]
 [ 7.  9.]
 [ 9. 11.]
 [ 3.  9.]
 [ 6.  6.]
 [12. 12.]
 [ 6. 10.]
 [10. 12.]
 [ 2.  9.]
 [ 6.  6.]
 [13. 12.]
 [ 5. 10.]
 [11. 12.]
 [ 1.  9.]
 [ 6.  6.]
 [14. 12.]
 [ 4. 10.]
 [12. 12.]
 [ 0.  9.]
 [ 6.  6.]
 [15. 12.]
 [ 3. 10.]
 [13. 12.]
 [-1.  9.]
 [ 6.  6.]
 [16. 12.]
 [ 2. 10.]
 [14. 12.]
 [-2.  9.]
 [ 6.  6.]
 [17. 12.]
 [ 1. 10.]
 [15. 12.]
 [-3.  9.]
 [ 6.  6.]
 [17. 12.]
 [ 0. 10.]
 [16. 12.]
 [-4.  9.]
 [ 6.  6.]
 [17. 12.]
 [-1. 10.]
 [16. 12.]
 [-5.  9.]
 [ 6.  6.]
 [17. 12.]
 [-2. 10.]
 [16. 12.]
 [-5.  9.]
 [ 6.  6.]
 [17. 12.]
 [-3. 10.]
 [16. 12.]
 [-5.  9.]
 [ 6.  6.]
 [17. 12.]
 [-4. 10.]
 [16. 12.]
 [-5.  8.]
 [ 6.  6.]
 [17. 12.]
 [-5.  9.]
 [16. 12.]
 [-5.  7.]
 [ 6.  6.]
 [17. 12.]
 [-5.  8.]
 [16. 12.]
 [-5.  6.]
 [ 6.  6.]
 [17. 12.]
 [-5.  7.]
 [16. 12.]
 [-5.  5.]
 [ 6.  6.]
 [17. 12.]
 [-5.  6.]
 [16. 12.]
 [-5.  4.]
 [ 6.  6.]
 [17. 12.]
 [-5.  5.]
 [16. 12.]
 [-5.  3.]
 [ 6.  6.]
 [17. 12.]
 [-5.  4.]
 [16. 12.]
 [-5.  2.]
 [ 6.  6.]
 [17. 12.]
 [-5.  3.]
 [16. 12.]
 [-5.  1.]
 [ 6.  6.]
 [17. 12.]
 [-5.  2.]
 [16. 12.]
 [-5.  1.]
 [ 6.  6.]
 [17. 12.]
 [-5.  2.]
 [16. 12.]
 [-5.  0.]
 [ 6.  6.]
 [17. 12.]
 [-5.  1.]
 [16. 12.]]
