Maze:
##########################
#                        #
#                        #
#                        #
#                        #
#                        #
#     ##############     #
#     #       S    #     #
#     #            #     #
#     #            #     #
#     #            #     #
#     #         C  #     #
#     #     D      #     #
#     #            #     #
#     #        B   #     #
#     #            #     #
#     #            #     #
#     #            #     #
#     #   A        #     #
#     ##############     #
#                        #
#                        #
#                        #
#                        #
#                        #
##########################
[[ 8.  1.]
 [ 4. 12.]
 [ 9.  8.]
 [10.  5.]
 [ 6.  6.]
 [ 8.  1.]
 [ 4. 12.]
 [ 9.  7.]
 [10.  4.]
 [ 6.  6.]
 [ 8.  1.]
 [ 4. 12.]
 [ 9.  6.]
 [10.  3.]
 [ 6.  6.]
 [ 7.  1.]
 [ 4. 12.]
 [ 9.  5.]
 [10.  2.]
 [ 6.  6.]
 [ 6.  1.]
 [ 4. 12.]
 [ 9.  4.]
 [ 9.  1.]
 [ 6.  6.]
 [ 5.  1.]
 [ 4. 12.]
 [ 9.  3.]
 [ 8.  0.]
 [ 6.  6.]
 [ 4.  2.]
 [ 4. 12.]
 [ 9.  2.]
 [ 7.  0.]
 [ 6.  6.]
 [ 4.  3.]
 [ 4. 12.]
 [ 8.  1.]
 [ 6.  0.]
 [ 6.  6.]
 [ 4.  4.]
 [ 4. 12.]
 [ 7.  1.]
 [ 5.  0.]
 [ 6.  6.]
 [ 5.  5.]
 [ 4. 12.]
 [ 6.  1.]
 [ 4.  0.]
 [ 6.  6.]
 [ 5.  5.]
 [ 4. 12.]
 [ 5.  1.]
 [ 3.  0.]
 [ 6.  6.]
 [ 5.  5.]
 [ 4. 12.]
 [ 4.  1.]
 [ 2.  0.]
 [ 6.  6.]
 [ 5.  5.]
 [ 4. 12.]
 [ 3.  1.]
 [ 1.  0.]
 [ 6.  6.]
 [ 5.  5.]
 [ 4. 12.]
 [ 2.  1.]
 [ 0.  0.]
 [ 6.  6.]
 [ 5.  5.]
 [ 4. 12.]
 [ 1.  1.]
 [-1.  0.]
 [ 6.  6.]
 [ 5.  5.]
 [ 4. 12.]
 [ 0.  1.]
 [-2.  0.]
 [ 6.  6.]
 [ 5.  5.]
 [ 4. 12.]
 [-1.  1.]
 [-3.  0.]
 [ 6.  6.]
 [ 5.  5.]
 [ 4. 12.]
 [-2.  1.]
 [-4.  0.]
 [ 6.  6.]
 [ 5.  5.]
 [ 4. 12.]
 [-3.  1.]
 [-5.  0.]
 [ 6.  6.]
 [ 5.  5.]
 [ 4. 12.]
 [-4.  1.]
 [-5.  0.]
 [ 6.  6.]
 [ 5.  5.]
 [ 4. 12.]
 [-4.  1.]
 [-5.  0.]
 [ 6.  6.]
 [ 5.  5.]
 [ 4. 12.]
 [-5.  0.]
 [-5. -1.]
 [ 6.  6.]]
