Maze:
##########################
#                        #
#                        #
#                        #
#                        #
#                        #
#     ##############     #
#     #            #     #
#     # D          #     #
#     #     A      #     #
#     #    C       #     #
#     #            #     #
#     #     B      #     #
#     #            #     #
#     #            #     #
#     #            #     #
#     #S           #     #
#     #            #     #
#     #            #     #
#     ##############     #
#                        #
#                        #
#                        #
#                        #
#                        #
##########################
[[ 1. 10.]
 [ 6.  3.]
 [ 6.  6.]
 [ 5.  4.]
 [ 2.  2.]
 [ 1. 10.]
 [ 6.  4.]
 [ 6.  6.]
 [ 4.  5.]
 [ 1.  2.]
 [ 1. 10.]
 [ 6.  5.]
 [ 6.  6.]
 [ 3.  5.]
 [ 0.  1.]
 [ 1. 10.]
 [ 6.  5.]
 [ 6.  6.]
 [ 2.  5.]
 [-1.  0.]
 [ 1. 10.]
 [ 6.  5.]
 [ 6.  6.]
 [ 1.  5.]
 [-2. -1.]
 [ 1. 10.]
 [ 6.  5.]
 [ 6.  6.]
 [ 0.  6.]
 [-2. -2.]
 [ 1. 11.]
 [ 6.  5.]
 [ 6.  6.]
 [ 0.  7.]
 [-2. -2.]
 [ 1. 12.]
 [ 6.  5.]
 [ 6.  6.]
 [ 0.  8.]
 [-2. -2.]
 [ 1. 13.]
 [ 6.  5.]
 [ 6.  6.]
 [ 0.  9.]
 [-2. -2.]
 [ 1. 14.]
 [ 6.  5.]
 [ 6.  6.]
 [ 0. 10.]
 [-2. -2.]
 [ 1. 15.]
 [ 6.  5.]
 [ 6.  6.]
 [ 0. 11.]
 [-2. -2.]
 [ 1. 16.]
 [ 6.  5.]
 [ 6.  6.]
 [ 0. 12.]
 [-2. -2.]
 [ 1. 16.]
 [ 6.  5.]
 [ 6.  6.]
 [ 0. 13.]
 [-2. -2.]
 [ 1. 17.]
 [ 6.  5.]
 [ 6.  6.]
 [ 0. 14.]
 [-2. -2.]
 [ 1. 17.]
 [ 6.  5.]
 [ 6.  6.]
 [ 0. 15.]
 [-2. -2.]
 [ 1. 17.]
 [ 6.  5.]
 [ 6.  6.]
 [ 0. 16.]
 [-2. -2.]
 [ 2. 17.]
 [ 6.  5.]
 [ 6.  6.]
 [ 1. 17.]
 [-2. -2.]
 [ 3. 17.]
 [ 6.  5.]
 [ 6.  6.]
 [ 2. 17.]
 [-2. -2.]
 [ 4. 17.]
 [ 6.  5.]
 [ 6.  6.]
 [ 3. 17.]
 [-2. -2.]
 [ 5. 17.]
 [ 6.  5.]
 [ 6.  6.]
 [ 4. 17.]
 [-2. -2.]
 [ 5. 17.]
 [ 6.  5.]
 [ 6.  6.]
 [ 4. 17.]
 [-2. -2.]
 [ 6. 17.]
 [ 6.  5.]
 [ 6.  6.]
 [ 5. 17.]
 [-2. -2.]]
