Maze:
##########################
#                        #
#                        #
#                        #
#                        #
#                        #
#     ##############     #
#     #     A      #     #
#     #         B  #     #
#     #            #     #
#     #            #     #
#     #  C         #     #
#     #     D      #     #
#     #            #     #
#     #            #     #
#     #            #     #
#     # S          #     #
#     #            #     #
#     #            #     #
#     ##############     #
#                        #
#                        #
#                        #
#                        #
#                        #
##########################
[[ 2. 10.]
 [ 6.  1.]
 [10.  2.]
 [ 3.  5.]
 [ 6.  6.]
 [ 2. 10.]
 [ 7.  1.]
 [ 9.  2.]
 [ 3.  6.]
 [ 6.  6.]
 [ 2. 10.]
 [ 8.  1.]
 [ 8.  2.]
 [ 3.  7.]
 [ 6.  6.]
 [ 2. 10.]
 [ 8.  2.]
 [ 8.  1.]
 [ 3.  8.]
 [ 6.  6.]
 [ 2. 11.]
 [ 8.  1.]
 [ 8.  2.]
 [ 3.  9.]
 [ 6.  6.]
 [ 2. 12.]
 [ 8.  2.]
 [ 8.  1.]
 [ 3. 10.]
 [ 6.  6.]
 [ 2. 13.]
 [ 8.  1.]
 [ 8.  2.]
 [ 3. 11.]
 [ 6.  6.]
 [ 2. 14.]
 [ 8.  2.]
 [ 8.  1.]
 [ 3. 12.]
 [ 6.  6.]
 [ 2. 15.]
 [ 8.  1.]
 [ 8.  2.]
 [ 3. 13.]
 [ 6.  6.]
 [ 2. 16.]
 [ 8.  2.]
 [ 8.  1.]
 [ 3. 14.]
 [ 6.  6.]
 [ 2. 17.]
 [ 8.  1.]
 [ 8.  2.]
 [ 3. 15.]
 [ 6.  6.]
 [ 2. 17.]
 [ 8.  2.]
 [ 8.  1.]
 [ 3. 16.]
 [ 6.  6.]
 [ 1. 17.]
 [ 8.  1.]
 [ 8.  2.]
 [ 2. 17.]
 [ 6.  6.]
 [ 0. 17.]
 [ 8.  2.]
 [ 8.  1.]
 [ 1. 17.]
 [ 6.  6.]
 [-1. 17.]
 [ 8.  1.]
 [ 8.  2.]
 [ 0. 17.]
 [ 6.  6.]
 [-2. 17.]
 [ 8.  2.]
 [ 8.  1.]
 [-1. 17.]
 [ 6.  6.]
 [-3. 17.]
 [ 8.  1.]
 [ 8.  2.]
 [-2. 17.]
 [ 6.  6.]
 [-4. 17.]
 [ 8.  2.]
 [ 8.  1.]
 [-3. 17.]
 [ 6.  6.]
 [-5. 17.]
 [ 8.  1.]
 [ 8.  2.]
 [-4. 17.]
 [ 6.  6.]
 [-5. 17.]
 [ 8.  2.]
 [ 8.  1.]
 [-4. 17.]
 [ 6.  6.]
 [-5. 17.]
 [ 8.  1.]
 [ 8.  2.]
 [-4. 17.]
 [ 6.  6.]]
