Maze:
##########################
#                        #
#                        #
#                        #
#                        #
#                        #
#     ##############     #
#     #S           #     #
#     #            #     #
#     #            #     #
#     #      C     #     #
#     #            #     #
#     #     A      #     #
#     #            #     #
#     #            #     #
#     #         D  #     #
#     #            #     #
#     #       B    #     #
#     #            #     #
#     ##############     #
#                        #
#                        #
#                        #
#                        #
#                        #
##########################
[[ 1.  1.]
 [ 6.  6.]
 [ 8. 11.]
 [ 7.  4.]
 [10.  9.]
 [ 1.  1.]
 [ 6.  6.]
 [ 7. 11.]
 [ 7.  3.]
 [10. 10.]
 [ 1.  1.]
 [ 6.  6.]
 [ 6. 11.]
 [ 7.  2.]
 [10. 11.]
 [ 1.  1.]
 [ 6.  6.]
 [ 6. 10.]
 [ 7.  1.]
 [10. 12.]
 [ 1.  1.]
 [ 6.  6.]
 [ 6.  9.]
 [ 7.  0.]
 [10. 12.]
 [ 1.  1.]
 [ 6.  6.]
 [ 6.  8.]
 [ 6. -1.]
 [10. 12.]
 [ 1.  1.]
 [ 6.  6.]
 [ 6.  7.]
 [ 5. -1.]
 [10. 12.]
 [ 0.  1.]
 [ 6.  6.]
 [ 6.  7.]
 [ 4. -1.]
 [10. 12.]
 [-1.  1.]
 [ 6.  6.]
 [ 6.  7.]
 [ 3. -1.]
 [10. 12.]
 [-2.  1.]
 [ 6.  6.]
 [ 6.  7.]
 [ 2. -1.]
 [10. 12.]
 [-2.  1.]
 [ 6.  6.]
 [ 6.  7.]
 [ 1. -1.]
 [10. 12.]
 [-3.  1.]
 [ 6.  6.]
 [ 6.  7.]
 [ 0. -1.]
 [10. 12.]
 [-4.  1.]
 [ 6.  6.]
 [ 6.  7.]
 [-1. -1.]
 [10. 12.]
 [-5.  1.]
 [ 6.  6.]
 [ 6.  7.]
 [-2. -1.]
 [10. 12.]
 [-5.  1.]
 [ 6.  6.]
 [ 6.  7.]
 [-3. -1.]
 [10. 12.]
 [-5.  2.]
 [ 6.  6.]
 [ 6.  7.]
 [-4.  0.]
 [10. 12.]
 [-5.  3.]
 [ 6.  6.]
 [ 6.  7.]
 [-4.  1.]
 [10. 12.]
 [-5.  4.]
 [ 6.  6.]
 [ 6.  7.]
 [-5.  2.]
 [10. 12.]
 [-5.  5.]
 [ 6.  6.]
 [ 6.  7.]
 [-5.  3.]
 [10. 12.]
 [-5.  6.]
 [ 6.  6.]
 [ 6.  7.]
 [-5.  4.]
 [10. 12.]
 [-5.  6.]
 [ 6.  6.]
 [ 6.  7.]
 [-5.  4.]
 [10. 12.]
 [-5.  7.]
 [ 6.  6.]
 [ 6.  7.]
 [-5.  5.]
 [10. 12.]]
