Maze:
##########################
#                        #
#                        #
#                        #
#                        #
#                        #
#     ##############     #
#     #            #     #
#     #            #     #
#     #            #     #
#     # A          #     #
#     #         D  #     #
#     #     B      #     #
#     #            #     #
#     #            #     #
#     #            #     #
#     #     S      #     #
#     #   C        #     #
#     #            #     #
#     ##############     #
#                        #
#                        #
#                        #
#                        #
#                        #
##########################
[[ 6. 10.]
 [ 2.  4.]
 [ 6.  6.]
 [ 4. 11.]
 [10.  5.]
 [ 7. 10.]
 [ 3.  5.]
 [ 6.  6.]
 [ 5. 11.]
 [10.  5.]
 [ 8. 10.]
 [ 4.  6.]
 [ 6.  6.]
 [ 6. 11.]
 [10.  5.]
 [ 9. 10.]
 [ 5.  6.]
 [ 6.  6.]
 [ 7. 11.]
 [10.  4.]
 [10. 10.]
 [ 5.  6.]
 [ 6.  6.]
 [ 8. 11.]
 [11.  3.]
 [11. 10.]
 [ 5.  6.]
 [ 6.  6.]
 [ 9. 11.]
 [11.  2.]
 [12. 10.]
 [ 5.  6.]
 [ 6.  6.]
 [10. 11.]
 [11.  2.]
 [13. 10.]
 [ 5.  6.]
 [ 6.  6.]
 [11. 11.]
 [11.  1.]
 [14. 10.]
 [ 5.  6.]
 [ 6.  6.]
 [12. 11.]
 [11.  1.]
 [15. 10.]
 [ 5.  6.]
 [ 6.  6.]
 [13. 11.]
 [11.  1.]
 [16. 10.]
 [ 5.  6.]
 [ 6.  6.]
 [14. 11.]
 [11.  1.]
 [17. 10.]
 [ 5.  6.]
 [ 6.  6.]
 [15. 11.]
 [11.  1.]
 [17. 10.]
 [ 5.  6.]
 [ 6.  6.]
 [16. 11.]
 [11.  1.]
 [17.  9.]
 [ 5.  6.]
 [ 6.  6.]
 [17. 10.]
 [11.  1.]
 [17.  8.]
 [ 5.  6.]
 [ 6.  6.]
 [17.  9.]
 [11.  1.]
 [17.  7.]
 [ 5.  6.]
 [ 6.  6.]
 [17.  8.]
 [11.  1.]
 [17.  6.]
 [ 5.  6.]
 [ 6.  6.]
 [17.  7.]
 [11.  1.]
 [17.  5.]
 [ 5.  6.]
 [ 6.  6.]
 [17.  6.]
 [11.  1.]
 [17.  4.]
 [ 5.  6.]
 [ 6.  6.]
 [17.  5.]
 [11.  1.]
 [17.  3.]
 [ 5.  6.]
 [ 6.  6.]
 [17.  4.]
 [11.  1.]
 [17.  3.]
 [ 5.  6.]
 [ 6.  6.]
 [17.  4.]
 [11.  1.]
 [17.  2.]
 [ 5.  6.]
 [ 6.  6.]
 [17.  3.]
 [11.  1.]]
