Maze:
##########################
#                        #
#                        #
#                        #
#                        #
#                        #
#     ##############     #
#     #            #     #
#     #            #     #
#     #      A     #     #
#     #            #     #
#     #          S #     #
#     #     B      #     #
#     #    D       #     #
#     #            #     #
#     #       C    #     #
#     #            #     #
#     #            #     #
#     #            #     #
#     ##############     #
#                        #
#                        #
#                        #
#                        #
#                        #
##########################
[[11.  5.]
 [ 7.  3.]
 [ 6.  6.]
 [ 8.  9.]
 [ 5.  7.]
 [12.  5.]
 [ 7.  4.]
 [ 6.  6.]
 [ 9. 10.]
 [ 5.  6.]
 [13.  5.]
 [ 7.  5.]
 [ 6.  6.]
 [10. 10.]
 [ 5.  6.]
 [13.  5.]
 [ 7.  5.]
 [ 6.  6.]
 [11. 10.]
 [ 5.  6.]
 [13.  5.]
 [ 7.  5.]
 [ 6.  6.]
 [12. 10.]
 [ 5.  6.]
 [13.  5.]
 [ 7.  5.]
 [ 6.  6.]
 [13. 10.]
 [ 5.  6.]
 [13.  5.]
 [ 7.  5.]
 [ 6.  6.]
 [14.  9.]
 [ 5.  6.]
 [13.  5.]
 [ 7.  5.]
 [ 6.  6.]
 [14.  8.]
 [ 5.  6.]
 [13.  4.]
 [ 7.  5.]
 [ 6.  6.]
 [14.  7.]
 [ 5.  6.]
 [13.  3.]
 [ 7.  5.]
 [ 6.  6.]
 [14.  6.]
 [ 5.  6.]
 [13.  2.]
 [ 7.  5.]
 [ 6.  6.]
 [14.  5.]
 [ 5.  6.]
 [13.  1.]
 [ 7.  5.]
 [ 6.  6.]
 [14.  4.]
 [ 5.  6.]
 [13.  0.]
 [ 7.  5.]
 [ 6.  6.]
 [14.  3.]
 [ 5.  6.]
 [13. -1.]
 [ 7.  5.]
 [ 6.  6.]
 [14.  2.]
 [ 5.  6.]
 [13. -2.]
 [ 7.  5.]
 [ 6.  6.]
 [14.  1.]
 [ 5.  6.]
 [13. -3.]
 [ 7.  5.]
 [ 6.  6.]
 [14.  0.]
 [ 5.  6.]
 [13. -4.]
 [ 7.  5.]
 [ 6.  6.]
 [14. -1.]
 [ 5.  6.]
 [13. -5.]
 [ 7.  5.]
 [ 6.  6.]
 [14. -2.]
 [ 5.  6.]
 [13. -5.]
 [ 7.  5.]
 [ 6.  6.]
 [14. -3.]
 [ 5.  6.]
 [13. -5.]
 [ 7.  5.]
 [ 6.  6.]
 [14. -4.]
 [ 5.  6.]
 [13. -5.]
 [ 7.  5.]
 [ 6.  6.]
 [14. -4.]
 [ 5.  6.]
 [12. -5.]
 [ 7.  5.]
 [ 6.  6.]
 [13. -5.]
 [ 5.  6.]]
