Maze:
##########################
#                        #
#                        #
#                        #
#                        #
#                        #
#     ##############     #
#     #            #     #
#     #   A        #     #
#     #            #     #
#     #        D   #     #
#     #  B         #     #
#     #     S      #     #
#     # C          #     #
#     #            #     #
#     #            #     #
#     #            #     #
#     #            #     #
#     #            #     #
#     ##############     #
#                        #
#                        #
#                        #
#                        #
#                        #
##########################
[[ 6.  6.]
 [ 4.  2.]
 [ 3.  5.]
 [ 2.  7.]
 [ 9.  4.]
 [ 6.  6.]
 [ 4.  3.]
 [ 3.  6.]
 [ 2.  8.]
 [10.  4.]
 [ 6.  6.]
 [ 4.  4.]
 [ 3.  7.]
 [ 2.  9.]
 [11.  4.]
 [ 6.  6.]
 [ 4.  5.]
 [ 3.  8.]
 [ 2. 10.]
 [12.  4.]
 [ 6.  6.]
 [ 5.  6.]
 [ 3.  9.]
 [ 2. 11.]
 [13.  4.]
 [ 6.  6.]
 [ 5.  6.]
 [ 3. 10.]
 [ 2. 12.]
 [14.  4.]
 [ 6.  6.]
 [ 5.  6.]
 [ 3. 11.]
 [ 2. 13.]
 [14.  4.]
 [ 6.  6.]
 [ 5.  6.]
 [ 3. 12.]
 [ 2. 14.]
 [14.  4.]
 [ 6.  6.]
 [ 5.  6.]
 [ 3. 13.]
 [ 2. 15.]
 [14.  4.]
 [ 6.  6.]
 [ 5.  6.]
 [ 3. 14.]
 [ 2. 16.]
 [14.  4.]
 [ 6.  6.]
 [ 5.  6.]
 [ 3. 15.]
 [ 2. 17.]
 [14.  4.]
 [ 6.  6.]
 [ 5.  6.]
 [ 3. 16.]
 [ 2. 17.]
 [14.  4.]
 [ 6.  6.]
 [ 5.  6.]
 [ 2. 17.]
 [ 1. 17.]
 [14.  4.]
 [ 6.  6.]
 [ 5.  6.]
 [ 1. 17.]
 [ 0. 17.]
 [14.  4.]
 [ 6.  6.]
 [ 5.  6.]
 [ 0. 17.]
 [-1. 17.]
 [14.  4.]
 [ 6.  6.]
 [ 5.  6.]
 [-1. 17.]
 [-2. 17.]
 [14.  4.]
 [ 6.  6.]
 [ 5.  6.]
 [-2. 17.]
 [-3. 17.]
 [14.  4.]
 [ 6.  6.]
 [ 5.  6.]
 [-3. 17.]
 [-4. 17.]
 [14.  4.]
 [ 6.  6.]
 [ 5.  6.]
 [-4. 17.]
 [-5. 17.]
 [14.  4.]
 [ 6.  6.]
 [ 5.  6.]
 [-4. 17.]
 [-5. 17.]
 [14.  4.]]
