Maze:
##########################
#                        #
#                        #
#                        #
#                        #
#                        #
#     ##############     #
#     #    C       #     #
#     #            #     #
#     #            #     #
#     #            #     #
#     #            #     #
#     #     A      #     #
#     #   S        #     #
#     #      D     #     #
#     #            #     #
#     # B          #     #
#     #            #     #
#     #            #     #
#     ##############     #
#                        #
#                        #
#                        #
#                        #
#                        #
##########################
[[ 4.  7.]
 [ 6.  6.]
 [ 2. 10.]
 [ 5.  1.]
 [ 7.  8.]
 [ 5.  6.]
 [ 6.  6.]
 [ 2. 10.]
 [ 5.  1.]
 [ 7.  9.]
 [ 5.  6.]
 [ 6.  6.]
 [ 3.  9.]
 [ 5.  1.]
 [ 7.  9.]
 [ 5.  6.]
 [ 6.  6.]
 [ 4.  8.]
 [ 5.  1.]
 [ 7.  9.]
 [ 6.  5.]
 [ 6.  6.]
 [ 5.  7.]
 [ 5.  1.]
 [ 8.  9.]
 [ 7.  5.]
 [ 6.  6.]
 [ 5.  7.]
 [ 5.  1.]
 [ 9.  9.]
 [ 8.  5.]
 [ 6.  6.]
 [ 5.  7.]
 [ 5.  1.]
 [10.  9.]
 [ 9.  5.]
 [ 6.  6.]
 [ 5.  7.]
 [ 5.  1.]
 [10.  8.]
 [10.  5.]
 [ 6.  6.]
 [ 5.  7.]
 [ 5.  1.]
 [10.  7.]
 [11.  4.]
 [ 6.  6.]
 [ 5.  7.]
 [ 5.  1.]
 [10.  6.]
 [12.  4.]
 [ 6.  6.]
 [ 5.  7.]
 [ 5.  1.]
 [11.  5.]
 [13.  3.]
 [ 6.  6.]
 [ 5.  7.]
 [ 5.  1.]
 [12.  4.]
 [14.  2.]
 [ 6.  6.]
 [ 5.  7.]
 [ 5.  1.]
 [13.  3.]
 [15.  1.]
 [ 6.  6.]
 [ 5.  7.]
 [ 5.  1.]
 [14.  2.]
 [16.  0.]
 [ 6.  6.]
 [ 5.  7.]
 [ 5.  1.]
 [15.  1.]
 [17. -1.]
 [ 6.  6.]
 [ 5.  7.]
 [ 5.  1.]
 [16.  0.]
 [17. -2.]
 [ 6.  6.]
 [ 5.  7.]
 [ 5.  1.]
 [17. -1.]
 [17. -3.]
 [ 6.  6.]
 [ 5.  7.]
 [ 5.  1.]
 [17. -2.]
 [17. -4.]
 [ 6.  6.]
 [ 5.  7.]
 [ 5.  1.]
 [17. -3.]
 [17. -5.]
 [ 6.  6.]
 [ 5.  7.]
 [ 5.  1.]
 [17. -4.]
 [17. -5.]
 [ 6.  6.]
 [ 5.  7.]
 [ 5.  1.]
 [17. -4.]]
