Maze:
##########################
#                        #
#                        #
#                        #
#                        #
#                        #
#     ##############     #
#     #            #     #
#     #            #     #
#     #            #     #
#     #     S      #     #
#     #            #     #
#     #    DA      #     #
#     #            #     #
#     #         C  #     #
#     #            #     #
#     #            #     #
#     #            #     #
#     #   B        #     #
#     ##############     #
#                        #
#                        #
#                        #
#                        #
#                        #
##########################
[[ 6.  4.]
 [ 6.  6.]
 [ 4. 12.]
 [10.  8.]
 [ 5.  6.]
 [ 6.  3.]
 [ 6.  6.]
 [ 5. 11.]
 [10.  7.]
 [ 4.  6.]
 [ 6.  2.]
 [ 6.  6.]
 [ 5. 10.]
 [ 9.  6.]
 [ 3.  5.]
 [ 6.  1.]
 [ 6.  6.]
 [ 5.  9.]
 [ 8.  6.]
 [ 3.  4.]
 [ 6.  0.]
 [ 6.  6.]
 [ 5.  8.]
 [ 7.  6.]
 [ 3.  3.]
 [ 6. -1.]
 [ 6.  6.]
 [ 6.  7.]
 [ 7.  6.]
 [ 3.  2.]
 [ 6. -2.]
 [ 6.  6.]
 [ 6.  7.]
 [ 7.  6.]
 [ 3.  1.]
 [ 6. -3.]
 [ 6.  6.]
 [ 6.  7.]
 [ 7.  6.]
 [ 4.  0.]
 [ 6. -4.]
 [ 6.  6.]
 [ 6.  7.]
 [ 7.  6.]
 [ 4. -1.]
 [ 6. -5.]
 [ 6.  6.]
 [ 6.  7.]
 [ 7.  6.]
 [ 4. -2.]
 [ 6. -5.]
 [ 6.  6.]
 [ 6.  7.]
 [ 7.  6.]
 [ 5. -3.]
 [ 6. -5.]
 [ 6.  6.]
 [ 6.  7.]
 [ 7.  6.]
 [ 5. -4.]
 [ 7. -5.]
 [ 6.  6.]
 [ 6.  7.]
 [ 7.  6.]
 [ 6. -5.]
 [ 8. -5.]
 [ 6.  6.]
 [ 6.  7.]
 [ 7.  6.]
 [ 7. -5.]
 [ 9. -5.]
 [ 6.  6.]
 [ 6.  7.]
 [ 7.  6.]
 [ 8. -5.]
 [10. -5.]
 [ 6.  6.]
 [ 6.  7.]
 [ 7.  6.]
 [ 9. -5.]
 [11. -5.]
 [ 6.  6.]
 [ 6.  7.]
 [ 7.  6.]
 [10. -5.]
 [12. -5.]
 [ 6.  6.]
 [ 6.  7.]
 [ 7.  6.]
 [11. -5.]
 [13. -5.]
 [ 6.  6.]
 [ 6.  7.]
 [ 7.  6.]
 [12. -5.]
 [14. -5.]
 [ 6.  6.]
 [ 6.  7.]
 [ 7.  6.]
 [13. -5.]
 [14. -5.]
 [ 6.  6.]
 [ 6.  7.]
 [ 7.  6.]
 [13. -5.]
 [15. -5.]
 [ 6.  6.]
 [ 6.  7.]
 [ 7.  6.]
 [14. -5.]]
