Maze:
##########################
#                        #
#                        #
#                        #
#                        #
#                        #
#     ##############     #
#     #     S      #     #
#     #            #     #
#     #         C  #     #
#     #            #     #
#     #            #     #
#     #     A      #     #
#     # D          #     #
#     #            #     #
#     #            #     #
#     #            #     #
#     #            #     #
#     #B           #     #
#     ##############     #
#                        #
#                        #
#                        #
#                        #
#                        #
##########################
[[ 6.  1.]
 [ 6.  6.]
 [ 1. 12.]
 [10.  3.]
 [ 2.  7.]
 [ 5.  0.]
 [ 6.  6.]
 [ 1. 11.]
 [10.  4.]
 [ 2.  6.]
 [ 5. -1.]
 [ 6.  6.]
 [ 1. 10.]
 [ 9.  5.]
 [ 2.  5.]
 [ 5. -2.]
 [ 6.  6.]
 [ 2.  9.]
 [ 8.  5.]
 [ 2.  4.]
 [ 5. -3.]
 [ 6.  6.]
 [ 3.  8.]
 [ 7.  5.]
 [ 2.  3.]
 [ 5. -4.]
 [ 6.  6.]
 [ 4.  7.]
 [ 7.  5.]
 [ 2.  2.]
 [ 5. -5.]
 [ 6.  6.]
 [ 5.  6.]
 [ 7.  5.]
 [ 2.  1.]
 [ 5. -5.]
 [ 6.  6.]
 [ 5.  6.]
 [ 7.  5.]
 [ 2.  0.]
 [ 5. -5.]
 [ 6.  6.]
 [ 5.  6.]
 [ 7.  5.]
 [ 2. -1.]
 [ 5. -5.]
 [ 6.  6.]
 [ 5.  6.]
 [ 7.  5.]
 [ 2. -2.]
 [ 5. -5.]
 [ 6.  6.]
 [ 5.  6.]
 [ 7.  5.]
 [ 3. -3.]
 [ 5. -5.]
 [ 6.  6.]
 [ 5.  6.]
 [ 7.  5.]
 [ 4. -4.]
 [ 6. -5.]
 [ 6.  6.]
 [ 5.  6.]
 [ 7.  5.]
 [ 5. -5.]
 [ 7. -5.]
 [ 6.  6.]
 [ 5.  6.]
 [ 7.  5.]
 [ 6. -5.]
 [ 8. -5.]
 [ 6.  6.]
 [ 5.  6.]
 [ 7.  5.]
 [ 7. -5.]
 [ 9. -5.]
 [ 6.  6.]
 [ 5.  6.]
 [ 7.  5.]
 [ 8. -5.]
 [10. -5.]
 [ 6.  6.]
 [ 5.  6.]
 [ 7.  5.]
 [ 9. -5.]
 [11. -5.]
 [ 6.  6.]
 [ 5.  6.]
 [ 7.  5.]
 [10. -5.]
 [12. -5.]
 [ 6.  6.]
 [ 5.  6.]
 [ 7.  5.]
 [11. -5.]
 [13. -5.]
 [ 6.  6.]
 [ 5.  6.]
 [ 7.  5.]
 [12. -5.]
 [13. -5.]
 [ 6.  6.]
 [ 5.  6.]
 [ 7.  5.]
 [12. -5.]
 [14. -5.]
 [ 6.  6.]
 [ 5.  6.]
 [ 7.  5.]
 [13. -5.]]
