Maze:
##########################
#                        #
#                        #
#                        #
#                        #
#                        #
#     ##############     #
#     #            #     #
#     #            #     #
#     # A          #     #
#     #            #     #
#     #            #     #
#     #     S      #     #
#     #            #     #
#     #  D         #     #
#     #            #     #
#     #            #     #
#     #         C  #     #
#     #       B    #     #
#     ##############     #
#                        #
#                        #
#                        #
#                        #
#                        #
##########################
[[ 6.  6.]
 [ 2.  3.]
 [ 8. 12.]
 [10. 11.]
 [ 3.  8.]
 [ 6.  6.]
 [ 2.  3.]
 [ 9. 12.]
 [11. 11.]
 [ 4.  8.]
 [ 6.  6.]
 [ 2.  3.]
 [10. 12.]
 [12. 11.]
 [ 5.  7.]
 [ 6.  6.]
 [ 2.  3.]
 [11. 12.]
 [13. 11.]
 [ 5.  7.]
 [ 6.  6.]
 [ 2.  3.]
 [12. 12.]
 [14. 11.]
 [ 5.  7.]
 [ 6.  6.]
 [ 2.  3.]
 [13. 12.]
 [15. 11.]
 [ 5.  7.]
 [ 6.  6.]
 [ 2.  3.]
 [14. 12.]
 [16. 11.]
 [ 5.  7.]
 [ 6.  6.]
 [ 2.  3.]
 [15. 12.]
 [17. 11.]
 [ 5.  7.]
 [ 6.  6.]
 [ 2.  3.]
 [16. 12.]
 [17. 11.]
 [ 5.  7.]
 [ 6.  6.]
 [ 2.  3.]
 [17. 11.]
 [17. 10.]
 [ 5.  7.]
 [ 6.  6.]
 [ 2.  3.]
 [17. 10.]
 [17.  9.]
 [ 5.  7.]
 [ 6.  6.]
 [ 2.  3.]
 [17.  9.]
 [17.  8.]
 [ 5.  7.]
 [ 6.  6.]
 [ 2.  3.]
 [17.  8.]
 [17.  7.]
 [ 5.  7.]
 [ 6.  6.]
 [ 2.  3.]
 [17.  7.]
 [17.  6.]
 [ 5.  7.]
 [ 6.  6.]
 [ 2.  3.]
 [17.  6.]
 [17.  5.]
 [ 5.  7.]
 [ 6.  6.]
 [ 2.  3.]
 [17.  5.]
 [17.  4.]
 [ 5.  7.]
 [ 6.  6.]
 [ 2.  3.]
 [17.  4.]
 [17.  3.]
 [ 5.  7.]
 [ 6.  6.]
 [ 2.  3.]
 [17.  3.]
 [17.  2.]
 [ 5.  7.]
 [ 6.  6.]
 [ 2.  3.]
 [17.  2.]
 [17.  1.]
 [ 5.  7.]
 [ 6.  6.]
 [ 2.  3.]
 [17.  1.]
 [17.  0.]
 [ 5.  7.]
 [ 6.  6.]
 [ 2.  3.]
 [17.  1.]
 [17.  0.]
 [ 5.  7.]
 [ 6.  6.]
 [ 2.  3.]
 [17.  0.]
 [17. -1.]
 [ 5.  7.]]
