Maze:
##########################
#                        #
#                        #
#                        #
#                        #
#                        #
#     ##############     #
#     #    C       #     #
#     #            #     #
#     #     S      #     #
#     #   D        #     #
#     #            #     #
#     #     A     B#     #
#     #            #     #
#     #            #     #
#     #            #     #
#     #            #     #
#     #            #     #
#     #            #     #
#     ##############     #
#                        #
#                        #
#                        #
#                        #
#                        #
##########################
[[ 6.  3.]
 [ 6.  6.]
 [12.  6.]
 [ 5.  1.]
 [ 4.  4.]
 [ 7.  4.]
 [ 6.  6.]
 [11.  6.]
 [ 5.  0.]
 [ 5.  3.]
 [ 7.  5.]
 [ 6.  6.]
 [10.  6.]
 [ 5. -1.]
 [ 6.  3.]
 [ 7.  5.]
 [ 6.  6.]
 [ 9.  6.]
 [ 5. -2.]
 [ 7.  4.]
 [ 7.  5.]
 [ 6.  6.]
 [ 8.  6.]
 [ 5. -2.]
 [ 7.  4.]
 [ 6.  5.]
 [ 6.  6.]
 [ 7.  6.]
 [ 5. -2.]
 [ 7.  5.]
 [ 5.  5.]
 [ 6.  6.]
 [ 7.  6.]
 [ 5. -2.]
 [ 6.  4.]
 [ 4.  5.]
 [ 6.  6.]
 [ 7.  6.]
 [ 5. -2.]
 [ 5.  4.]
 [ 3.  5.]
 [ 6.  6.]
 [ 7.  6.]
 [ 5. -3.]
 [ 4.  4.]
 [ 2.  6.]
 [ 6.  6.]
 [ 7.  6.]
 [ 5. -3.]
 [ 3.  4.]
 [ 1.  7.]
 [ 6.  6.]
 [ 7.  6.]
 [ 5. -3.]
 [ 2.  5.]
 [ 0.  8.]
 [ 6.  6.]
 [ 7.  6.]
 [ 5. -3.]
 [ 1.  6.]
 [-1.  9.]
 [ 6.  6.]
 [ 7.  6.]
 [ 5. -3.]
 [ 0.  7.]
 [-2. 10.]
 [ 6.  6.]
 [ 7.  6.]
 [ 5. -3.]
 [-1.  8.]
 [-3. 11.]
 [ 6.  6.]
 [ 7.  6.]
 [ 5. -3.]
 [-2.  9.]
 [-4. 12.]
 [ 6.  6.]
 [ 7.  6.]
 [ 5. -3.]
 [-2. 10.]
 [-4. 12.]
 [ 6.  6.]
 [ 7.  6.]
 [ 5. -3.]
 [-3. 11.]
 [-5. 13.]
 [ 6.  6.]
 [ 7.  6.]
 [ 5. -3.]
 [-4. 12.]
 [-5. 14.]
 [ 6.  6.]
 [ 7.  6.]
 [ 5. -3.]
 [-5. 13.]
 [-5. 15.]
 [ 6.  6.]
 [ 7.  6.]
 [ 5. -3.]
 [-5. 14.]
 [-5. 15.]
 [ 6.  6.]
 [ 7.  6.]
 [ 5. -3.]
 [-5. 14.]
 [-5. 16.]
 [ 6.  6.]
 [ 7.  6.]
 [ 5. -3.]
 [-5. 15.]]
