Maze:
##########################
#                        #
#                        #
#                        #
#                        #
#                        #
#     ##############     #
#     #            #     #
#     #            #     #
#     #       A    #     #
#     #      S     #     #
#     #            #     #
#     #     D      #     #
#     #            #     #
#     #            #     #
#     #            #     #
#     #            #     #
#     #         C  #     #
#     #           B#     #
#     ##############     #
#                        #
#                        #
#                        #
#                        #
#                        #
##########################
[[ 7.  4.]
 [ 8.  3.]
 [12. 12.]
 [10. 11.]
 [ 6.  6.]
 [ 7.  3.]
 [ 7.  4.]
 [11. 12.]
 [ 9. 11.]
 [ 6.  6.]
 [ 7.  4.]
 [ 7.  3.]
 [10. 12.]
 [ 8. 11.]
 [ 6.  6.]
 [ 7.  3.]
 [ 7.  4.]
 [ 9. 12.]
 [ 7. 11.]
 [ 6.  6.]
 [ 7.  4.]
 [ 7.  3.]
 [ 8. 12.]
 [ 6. 11.]
 [ 6.  6.]
 [ 7.  3.]
 [ 7.  4.]
 [ 7. 12.]
 [ 5. 11.]
 [ 6.  6.]
 [ 7.  4.]
 [ 7.  3.]
 [ 6. 12.]
 [ 4. 11.]
 [ 6.  6.]
 [ 7.  3.]
 [ 7.  4.]
 [ 5. 12.]
 [ 3. 11.]
 [ 6.  6.]
 [ 7.  4.]
 [ 7.  3.]
 [ 4. 11.]
 [ 2. 11.]
 [ 6.  6.]
 [ 7.  3.]
 [ 7.  4.]
 [ 3. 11.]
 [ 1. 11.]
 [ 6.  6.]
 [ 7.  4.]
 [ 7.  3.]
 [ 2. 11.]
 [ 0. 11.]
 [ 6.  6.]
 [ 7.  3.]
 [ 7.  4.]
 [ 1. 11.]
 [-1. 11.]
 [ 6.  6.]
 [ 7.  4.]
 [ 7.  3.]
 [ 0. 11.]
 [-2. 11.]
 [ 6.  6.]
 [ 7.  3.]
 [ 7.  4.]
 [-1. 11.]
 [-3. 11.]
 [ 6.  6.]
 [ 7.  4.]
 [ 7.  3.]
 [-2. 11.]
 [-4. 11.]
 [ 6.  6.]
 [ 7.  3.]
 [ 7.  4.]
 [-3. 11.]
 [-5. 11.]
 [ 6.  6.]
 [ 7.  4.]
 [ 7.  3.]
 [-4. 11.]
 [-5. 11.]
 [ 6.  6.]
 [ 7.  3.]
 [ 7.  4.]
 [-4. 11.]
 [-5. 11.]
 [ 6.  6.]
 [ 7.  4.]
 [ 7.  3.]
 [-4. 11.]
 [-5. 11.]
 [ 6.  6.]]
