Maze:
##########################
#                        #
#                        #
#                        #
#                        #
#                        #
#     ##############     #
#     #       C    #     #
#     #            #     #
#     #  D         #     #
#     #           A#     #
#     #            #     #
#     #     B    S #     #
#     #            #     #
#     #            #     #
#     #            #     #
#     #            #     #
#     #            #     #
#     #            #     #
#     ##############     #
#                        #
#                        #
#                        #
#                        #
#                        #
##########################
[[11.  6.]
 [12.  4.]
 [ 6.  6.]
 [ 8.  1.]
 [ 3.  3.]
 [12.  6.]
 [11.  5.]
 [ 6.  6.]
 [ 9.  1.]
 [ 3.  2.]
 [12.  6.]
 [11.  5.]
 [ 6.  6.]
 [10.  1.]
 [ 3.  2.]
 [12.  6.]
 [11.  5.]
 [ 6.  6.]
 [11.  2.]
 [ 3.  2.]
 [12.  7.]
 [12.  6.]
 [ 6.  6.]
 [11.  3.]
 [ 3.  2.]
 [13.  7.]
 [12.  7.]
 [ 6.  6.]
 [12.  4.]
 [ 3.  2.]
 [13.  8.]
 [13.  7.]
 [ 6.  6.]
 [12.  5.]
 [ 3.  2.]
 [14.  8.]
 [13.  8.]
 [ 6.  6.]
 [13.  6.]
 [ 3.  2.]
 [14.  9.]
 [14.  8.]
 [ 6.  6.]
 [13.  7.]
 [ 3.  2.]
 [15. 10.]
 [13.  9.]
 [ 6.  6.]
 [14.  8.]
 [ 3.  2.]
 [15. 11.]
 [14.  9.]
 [ 6.  6.]
 [13.  9.]
 [ 3.  2.]
 [16. 12.]
 [13.  9.]
 [ 6.  6.]
 [14.  9.]
 [ 3.  2.]
 [17. 13.]
 [14.  9.]
 [ 6.  6.]
 [13.  9.]
 [ 3.  2.]
 [17. 14.]
 [13.  9.]
 [ 6.  6.]
 [14.  9.]
 [ 3.  2.]
 [17. 15.]
 [14.  9.]
 [ 6.  6.]
 [13.  9.]
 [ 3.  2.]
 [17. 15.]
 [13.  9.]
 [ 6.  6.]
 [14.  9.]
 [ 3.  2.]
 [17. 16.]
 [14.  9.]
 [ 6.  6.]
 [13.  9.]
 [ 3.  2.]
 [17. 16.]
 [13.  9.]
 [ 6.  6.]
 [14.  9.]
 [ 3.  2.]
 [17. 16.]
 [14.  9.]
 [ 6.  6.]
 [13.  9.]
 [ 3.  2.]]
