Maze:
##########################
#                        #
#                        #
#                        #
#                        #
#                        #
#     ##############     #
#     #            #     #
#     #            #     #
#     #            #     #
#     #            #     #
#     #            #     #
#     #     A      #     #
#     #C           #     #
#     #            #     #
#     # B          #     #
#     #        D   #     #
#     #    S       #     #
#     #            #     #
#     ##############     #
#                        #
#                        #
#                        #
#                        #
#                        #
##########################
[[ 5. 11.]
 [ 6.  6.]
 [ 2.  9.]
 [ 1.  7.]
 [ 9. 10.]
 [ 6. 12.]
 [ 6.  6.]
 [ 2.  8.]
 [ 1.  6.]
 [ 8. 11.]
 [ 6. 13.]
 [ 6.  6.]
 [ 2.  7.]
 [ 1.  5.]
 [ 7. 12.]
 [ 6. 14.]
 [ 6.  6.]
 [ 2.  6.]
 [ 1.  4.]
 [ 6. 13.]
 [ 6. 15.]
 [ 6.  6.]
 [ 2.  5.]
 [ 1.  3.]
 [ 6. 14.]
 [ 6. 16.]
 [ 6.  6.]
 [ 2.  4.]
 [ 1.  2.]
 [ 6. 15.]
 [ 6. 17.]
 [ 6.  6.]
 [ 2.  3.]
 [ 1.  1.]
 [ 6. 16.]
 [ 6. 17.]
 [ 6.  6.]
 [ 2.  2.]
 [ 1.  0.]
 [ 6. 16.]
 [ 6. 17.]
 [ 6.  6.]
 [ 2.  1.]
 [ 1. -1.]
 [ 6. 16.]
 [ 6. 17.]
 [ 6.  6.]
 [ 2.  0.]
 [ 1. -2.]
 [ 6. 16.]
 [ 6. 17.]
 [ 6.  6.]
 [ 2. -1.]
 [ 1. -3.]
 [ 6. 16.]
 [ 6. 17.]
 [ 6.  6.]
 [ 2. -2.]
 [ 1. -4.]
 [ 6. 16.]
 [ 6. 17.]
 [ 6.  6.]
 [ 2. -3.]
 [ 1. -5.]
 [ 6. 16.]
 [ 6. 17.]
 [ 6.  6.]
 [ 2. -4.]
 [ 1. -5.]
 [ 6. 16.]
 [ 6. 17.]
 [ 6.  6.]
 [ 1. -5.]
 [ 0. -5.]
 [ 6. 16.]
 [ 6. 17.]
 [ 6.  6.]
 [ 0. -5.]
 [-1. -5.]
 [ 6. 16.]
 [ 6. 17.]
 [ 6.  6.]
 [-1. -5.]
 [-2. -5.]
 [ 6. 16.]
 [ 6. 17.]
 [ 6.  6.]
 [-2. -5.]
 [-3. -5.]
 [ 6. 16.]
 [ 6. 17.]
 [ 6.  6.]
 [-3. -5.]
 [-4. -5.]
 [ 6. 16.]
 [ 6. 17.]
 [ 6.  6.]
 [-4. -5.]
 [-5. -5.]
 [ 6. 16.]
 [ 6. 17.]
 [ 6.  6.]
 [-4. -5.]
 [-5. -5.]
 [ 6. 16.]]
