Maze:
##########################
#                        #
#                        #
#                        #
#                        #
#                        #
#     ##############     #
#     #   D        #     #
#     # C          #     #
#     #            #     #
#     #            #     #
#     #            #     #
#     #     B      #     #
#     #         A  #     #
#     #            #     #
#     #            #     #
#     #            #     #
#     #            #     #
#     #           S#     #
#     ##############     #
#                        #
#                        #
#                        #
#                        #
#                        #
##########################
[[12. 12.]
 [10.  7.]
 [ 6.  6.]
 [ 2.  2.]
 [ 4.  1.]
 [12. 12.]
 [ 9.  7.]
 [ 6.  6.]
 [ 1.  2.]
 [ 3.  1.]
 [12. 12.]
 [ 8.  7.]
 [ 6.  6.]
 [ 0.  2.]
 [ 2.  1.]
 [12. 12.]
 [ 7.  7.]
 [ 6.  6.]
 [-1.  2.]
 [ 1.  1.]
 [12. 12.]
 [ 7.  7.]
 [ 6.  6.]
 [-2.  2.]
 [ 0.  1.]
 [12. 12.]
 [ 7.  7.]
 [ 6.  6.]
 [-3.  2.]
 [-1.  1.]
 [12. 12.]
 [ 7.  7.]
 [ 6.  6.]
 [-4.  2.]
 [-2.  1.]
 [12. 12.]
 [ 7.  7.]
 [ 6.  6.]
 [-5.  2.]
 [-3.  1.]
 [12. 12.]
 [ 7.  7.]
 [ 6.  6.]
 [-5.  2.]
 [-4.  1.]
 [12. 12.]
 [ 7.  7.]
 [ 6.  6.]
 [-5.  3.]
 [-5.  2.]
 [12. 12.]
 [ 7.  7.]
 [ 6.  6.]
 [-5.  4.]
 [-5.  3.]
 [12. 12.]
 [ 7.  7.]
 [ 6.  6.]
 [-5.  5.]
 [-5.  4.]
 [12. 12.]
 [ 7.  7.]
 [ 6.  6.]
 [-5.  6.]
 [-5.  5.]
 [12. 12.]
 [ 7.  7.]
 [ 6.  6.]
 [-5.  7.]
 [-5.  6.]
 [12. 12.]
 [ 7.  7.]
 [ 6.  6.]
 [-5.  8.]
 [-5.  7.]
 [12. 12.]
 [ 7.  7.]
 [ 6.  6.]
 [-5.  9.]
 [-5.  8.]
 [12. 12.]
 [ 7.  7.]
 [ 6.  6.]
 [-5. 10.]
 [-5.  9.]
 [12. 12.]
 [ 7.  7.]
 [ 6.  6.]
 [-5. 11.]
 [-5. 10.]
 [12. 12.]
 [ 7.  7.]
 [ 6.  6.]
 [-5. 12.]
 [-5. 11.]
 [12. 12.]
 [ 7.  7.]
 [ 6.  6.]
 [-5. 13.]
 [-5. 12.]
 [12. 12.]
 [ 7.  7.]
 [ 6.  6.]
 [-5. 13.]
 [-5. 12.]
 [12. 12.]
 [ 7.  7.]
 [ 6.  6.]
 [-5. 14.]
 [-5. 13.]]
