Maze:
##########################
#                        #
#                        #
#                        #
#                        #
#                        #
#     ##############     #
#     # A          #     #
#     #            #     #
#     #            #     #
#     #            #     #
#     #      C     #     #
#     #     S      #     #
#     #            #     #
#     #            #     #
#     #            #     #
#     #   B        #     #
#     #            #     #
#     #        D   #     #
#     ##############     #
#                        #
#                        #
#                        #
#                        #
#                        #
##########################
[[ 6.  6.]
 [ 2.  1.]
 [ 4. 10.]
 [ 7.  5.]
 [ 9. 12.]
 [ 6.  6.]
 [ 2.  1.]
 [ 4.  9.]
 [ 7.  4.]
 [ 9. 12.]
 [ 6.  6.]
 [ 2.  1.]
 [ 4.  8.]
 [ 7.  3.]
 [ 9. 12.]
 [ 6.  6.]
 [ 3.  1.]
 [ 4.  7.]
 [ 7.  2.]
 [ 9. 12.]
 [ 6.  6.]
 [ 4.  2.]
 [ 4.  6.]
 [ 6.  1.]
 [ 9. 12.]
 [ 6.  6.]
 [ 5.  2.]
 [ 4.  5.]
 [ 5.  1.]
 [ 9. 12.]
 [ 6.  6.]
 [ 5.  1.]
 [ 4.  4.]
 [ 5.  2.]
 [ 9. 12.]
 [ 6.  6.]
 [ 5.  2.]
 [ 4.  3.]
 [ 5.  1.]
 [ 9. 12.]
 [ 6.  6.]
 [ 4.  1.]
 [ 4.  3.]
 [ 5.  1.]
 [ 9. 12.]
 [ 6.  6.]
 [ 5.  1.]
 [ 4.  2.]
 [ 4.  1.]
 [ 9. 12.]
 [ 6.  6.]
 [ 5.  1.]
 [ 4.  2.]
 [ 5.  0.]
 [ 9. 12.]
 [ 6.  6.]
 [ 4.  0.]
 [ 4.  2.]
 [ 5.  0.]
 [ 9. 12.]
 [ 6.  6.]
 [ 5.  0.]
 [ 4.  1.]
 [ 4.  0.]
 [ 9. 12.]
 [ 6.  6.]
 [ 5.  0.]
 [ 4.  1.]
 [ 5. -1.]
 [ 9. 12.]
 [ 6.  6.]
 [ 4. -1.]
 [ 4.  1.]
 [ 5. -1.]
 [ 9. 12.]
 [ 6.  6.]
 [ 5. -1.]
 [ 4.  0.]
 [ 4. -1.]
 [ 9. 12.]
 [ 6.  6.]
 [ 5. -1.]
 [ 4.  0.]
 [ 5. -2.]
 [ 9. 12.]
 [ 6.  6.]
 [ 4. -2.]
 [ 4.  0.]
 [ 5. -2.]
 [ 9. 12.]
 [ 6.  6.]
 [ 5. -2.]
 [ 4. -1.]
 [ 4. -2.]
 [ 9. 12.]
 [ 6.  6.]
 [ 5. -2.]
 [ 4. -1.]
 [ 5. -3.]
 [ 9. 12.]
 [ 6.  6.]
 [ 5. -2.]
 [ 4. -1.]
 [ 5. -3.]
 [ 9. 12.]
 [ 6.  6.]
 [ 4. -3.]
 [ 4. -1.]
 [ 5. -3.]
 [ 9. 12.]]
