Maze:
##########################
#                        #
#                        #
#                        #
#                        #
#                        #
#     ##############     #
#     #B           #     #
#     #            #     #
#     #            #     #
#     #            #     #
#     #        C   #     #
#     #     A      #     #
#     #            #     #
#     #  S         #     #
#     #     D      #     #
#     #            #     #
#     #            #     #
#     #            #     #
#     ##############     #
#                        #
#                        #
#                        #
#                        #
#                        #
##########################
[[ 3.  8.]
 [ 6.  6.]
 [ 1.  1.]
 [ 9.  5.]
 [ 6.  9.]
 [ 2.  8.]
 [ 6.  6.]
 [ 2.  1.]
 [ 8.  5.]
 [ 5.  9.]
 [ 1.  8.]
 [ 6.  6.]
 [ 3.  2.]
 [ 7.  5.]
 [ 4.  9.]
 [ 0.  8.]
 [ 6.  6.]
 [ 4.  3.]
 [ 7.  5.]
 [ 3.  9.]
 [-1.  8.]
 [ 6.  6.]
 [ 5.  4.]
 [ 7.  5.]
 [ 2.  9.]
 [-2.  8.]
 [ 6.  6.]
 [ 6.  5.]
 [ 7.  6.]
 [ 1.  9.]
 [-3.  8.]
 [ 6.  6.]
 [ 6.  5.]
 [ 7.  6.]
 [ 0.  9.]
 [-4.  8.]
 [ 6.  6.]
 [ 6.  5.]
 [ 7.  6.]
 [-1.  9.]
 [-5.  8.]
 [ 6.  6.]
 [ 6.  5.]
 [ 7.  6.]
 [-2.  9.]
 [-5.  8.]
 [ 6.  6.]
 [ 6.  5.]
 [ 7.  6.]
 [-3.  9.]
 [-5.  8.]
 [ 6.  6.]
 [ 6.  5.]
 [ 7.  6.]
 [-4.  9.]
 [-5.  7.]
 [ 6.  6.]
 [ 6.  5.]
 [ 7.  6.]
 [-5.  8.]
 [-5.  6.]
 [ 6.  6.]
 [ 6.  5.]
 [ 7.  6.]
 [-5.  7.]
 [-5.  5.]
 [ 6.  6.]
 [ 6.  5.]
 [ 7.  6.]
 [-5.  6.]
 [-5.  4.]
 [ 6.  6.]
 [ 6.  5.]
 [ 7.  6.]
 [-5.  5.]
 [-5.  3.]
 [ 6.  6.]
 [ 6.  5.]
 [ 7.  6.]
 [-5.  4.]
 [-5.  2.]
 [ 6.  6.]
 [ 6.  5.]
 [ 7.  6.]
 [-5.  3.]
 [-5.  1.]
 [ 6.  6.]
 [ 6.  5.]
 [ 7.  6.]
 [-5.  2.]
 [-5.  0.]
 [ 6.  6.]
 [ 6.  5.]
 [ 7.  6.]
 [-5.  1.]
 [-5. -1.]
 [ 6.  6.]
 [ 6.  5.]
 [ 7.  6.]
 [-5.  0.]
 [-5. -1.]
 [ 6.  6.]
 [ 6.  5.]
 [ 7.  6.]
 [-5.  0.]
 [-5. -2.]
 [ 6.  6.]
 [ 6.  5.]
 [ 7.  6.]
 [-5. -1.]]
