Maze:
##########################
#                        #
#                        #
#                        #
#                        #
#                        #
#     ##############     #
#     #            #     #
#     #            #     #
#     #            #     #
#     #            #     #
#     #   D        #     #
#     #     A      #     #
#     #         C  #     #
#     #       S    #     #
#     #            #     #
#     #      B     #     #
#     #            #     #
#     #            #     #
#     ##############     #
#                        #
#                        #
#                        #
#                        #
#                        #
##########################
[[ 8.  8.]
 [ 6.  6.]
 [ 7. 10.]
 [10.  7.]
 [ 4.  5.]
 [ 9.  7.]
 [ 6.  6.]
 [ 8. 10.]
 [11.  7.]
 [ 3.  5.]
 [10.  7.]
 [ 6.  6.]
 [ 9. 10.]
 [12.  7.]
 [ 2.  5.]
 [11.  7.]
 [ 6.  6.]
 [10. 10.]
 [13.  7.]
 [ 1.  5.]
 [12.  7.]
 [ 6.  6.]
 [11. 10.]
 [14.  7.]
 [ 1.  5.]
 [13.  7.]
 [ 6.  6.]
 [12.  9.]
 [15.  7.]
 [ 1.  5.]
 [14.  6.]
 [ 6.  6.]
 [13.  8.]
 [16.  7.]
 [ 1.  5.]
 [15.  5.]
 [ 6.  6.]
 [14.  7.]
 [17.  7.]
 [ 1.  5.]
 [16.  4.]
 [ 6.  6.]
 [15.  6.]
 [17.  8.]
 [ 0.  5.]
 [17.  3.]
 [ 6.  6.]
 [16.  5.]
 [17.  9.]
 [ 0.  5.]
 [17.  2.]
 [ 6.  6.]
 [17.  4.]
 [17.  9.]
 [ 0.  5.]
 [17.  1.]
 [ 6.  6.]
 [17.  3.]
 [17.  9.]
 [ 0.  5.]
 [17.  0.]
 [ 6.  6.]
 [17.  2.]
 [17.  9.]
 [ 0.  5.]
 [17. -1.]
 [ 6.  6.]
 [17.  1.]
 [17.  9.]
 [ 0.  5.]
 [17. -2.]
 [ 6.  6.]
 [17.  0.]
 [17.  9.]
 [ 0.  5.]
 [17. -3.]
 [ 6.  6.]
 [17. -1.]
 [17.  9.]
 [ 0.  5.]
 [17. -4.]
 [ 6.  6.]
 [17. -2.]
 [17.  9.]
 [ 0.  5.]
 [17. -5.]
 [ 6.  6.]
 [17. -3.]
 [17.  9.]
 [ 0.  5.]
 [17. -5.]
 [ 6.  6.]
 [17. -4.]
 [17.  9.]
 [ 0.  5.]
 [17. -5.]
 [ 6.  6.]
 [17. -4.]
 [17.  9.]
 [ 0.  5.]]
