Maze:
##########################
#                        #
#                        #
#                        #
#                        #
#                        #
#     ##############     #
#     #            #     #
#     #            #     #
#     #            #     #
#     #        C   #     #
#     #      A     #     #
#     #     D      #     #
#     #            #     #
#     #            #     #
#     #S           #     #
#     #    B       #     #
#     #            #     #
#     #            #     #
#     ##############     #
#                        #
#                        #
#                        #
#                        #
#                        #
##########################
[[ 1.  9.]
 [ 7.  5.]
 [ 5. 10.]
 [ 9.  4.]
 [ 6.  6.]
 [ 1.  9.]
 [ 8.  6.]
 [ 4. 11.]
 [10.  4.]
 [ 6.  6.]
 [ 0.  9.]
 [ 8.  5.]
 [ 3. 11.]
 [11.  3.]
 [ 6.  6.]
 [-1.  9.]
 [ 8.  5.]
 [ 2. 11.]
 [12.  2.]
 [ 6.  6.]
 [-2.  9.]
 [ 7.  5.]
 [ 1. 11.]
 [13.  1.]
 [ 6.  6.]
 [-3.  9.]
 [ 7.  5.]
 [ 0. 11.]
 [13.  1.]
 [ 6.  6.]
 [-4.  9.]
 [ 7.  5.]
 [-1. 11.]
 [13.  1.]
 [ 6.  6.]
 [-5.  9.]
 [ 7.  5.]
 [-2. 11.]
 [13.  1.]
 [ 6.  6.]
 [-5.  9.]
 [ 7.  5.]
 [-3. 11.]
 [13.  1.]
 [ 6.  6.]
 [-5.  8.]
 [ 7.  5.]
 [-4. 10.]
 [13.  1.]
 [ 6.  6.]
 [-5.  7.]
 [ 7.  5.]
 [-5.  9.]
 [13.  1.]
 [ 6.  6.]
 [-5.  6.]
 [ 7.  5.]
 [-5.  8.]
 [13.  1.]
 [ 6.  6.]
 [-5.  5.]
 [ 7.  5.]
 [-5.  7.]
 [13.  1.]
 [ 6.  6.]
 [-5.  4.]
 [ 7.  5.]
 [-5.  6.]
 [13.  1.]
 [ 6.  6.]
 [-5.  3.]
 [ 7.  5.]
 [-5.  5.]
 [13.  1.]
 [ 6.  6.]
 [-5.  2.]
 [ 7.  5.]
 [-5.  4.]
 [13.  1.]
 [ 6.  6.]
 [-5.  1.]
 [ 7.  5.]
 [-5.  3.]
 [13.  1.]
 [ 6.  6.]
 [-5.  0.]
 [ 7.  5.]
 [-5.  2.]
 [13.  1.]
 [ 6.  6.]
 [-5. -1.]
 [ 7.  5.]
 [-5.  1.]
 [13.  1.]
 [ 6.  6.]
 [-5. -2.]
 [ 7.  5.]
 [-5.  0.]
 [13.  1.]
 [ 6.  6.]
 [-5. -2.]
 [ 7.  5.]
 [-5.  0.]
 [13.  1.]
 [ 6.  6.]
 [-5. -3.]
 [ 7.  5.]
 [-5. -1.]
 [13.  1.]
 [ 6.  6.]]
