Maze:
##########################
#                        #
#                        #
#                        #
#                        #
#                        #
#     ##############     #
#     #       C    #     #
#     #            #     #
#     #            #     #
#     # D          #     #
#     #          S #     #
#     #     AB     #     #
#     #            #     #
#     #            #     #
#     #            #     #
#     #            #     #
#     #            #     #
#     #            #     #
#     ##############     #
#                        #
#                        #
#                        #
#                        #
#                        #
##########################
[[11.  5.]
 [ 6.  6.]
 [ 7.  6.]
 [ 8.  1.]
 [ 2.  4.]
 [11.  5.]
 [ 6.  6.]
 [ 8.  6.]
 [ 8.  0.]
 [ 2.  4.]
 [12.  5.]
 [ 6.  6.]
 [ 9.  6.]
 [ 8. -1.]
 [ 2.  4.]
 [13.  5.]
 [ 6.  6.]
 [10.  6.]
 [ 8. -2.]
 [ 2.  4.]
 [14.  5.]
 [ 6.  6.]
 [11.  6.]
 [ 8. -2.]
 [ 1.  4.]
 [15.  5.]
 [ 6.  6.]
 [12.  6.]
 [ 8. -2.]
 [ 1.  4.]
 [16.  5.]
 [ 6.  6.]
 [13.  6.]
 [ 8. -2.]
 [ 1.  4.]
 [17.  5.]
 [ 6.  6.]
 [14.  6.]
 [ 8. -2.]
 [ 1.  4.]
 [17.  5.]
 [ 6.  6.]
 [15.  6.]
 [ 8. -2.]
 [ 0.  4.]
 [17.  5.]
 [ 6.  6.]
 [16.  6.]
 [ 8. -2.]
 [ 0.  4.]
 [17.  4.]
 [ 6.  6.]
 [17.  5.]
 [ 8. -2.]
 [ 0.  4.]
 [17.  3.]
 [ 6.  6.]
 [17.  4.]
 [ 8. -2.]
 [ 0.  4.]
 [17.  2.]
 [ 6.  6.]
 [17.  3.]
 [ 8. -2.]
 [ 0.  4.]
 [17.  1.]
 [ 6.  6.]
 [17.  2.]
 [ 8. -2.]
 [ 0.  4.]
 [17.  0.]
 [ 6.  6.]
 [17.  1.]
 [ 8. -2.]
 [ 0.  4.]
 [17. -1.]
 [ 6.  6.]
 [17.  0.]
 [ 8. -2.]
 [ 0.  4.]
 [17. -2.]
 [ 6.  6.]
 [17. -1.]
 [ 8. -2.]
 [ 0.  4.]
 [17. -3.]
 [ 6.  6.]
 [17. -2.]
 [ 8. -2.]
 [ 0.  4.]
 [17. -4.]
 [ 6.  6.]
 [17. -3.]
 [ 8. -2.]
 [ 0.  4.]
 [17. -5.]
 [ 6.  6.]
 [17. -4.]
 [ 8. -2.]
 [ 0.  4.]
 [17. -5.]
 [ 6.  6.]
 [17. -4.]
 [ 8. -2.]
 [ 0.  4.]]
