Maze:
##########################
#                        #
#                        #
#                        #
#                        #
#                        #
#     ##############     #
#     #           C#     #
#     #    S       #     #
#     #            #     #
#     #            #     #
#     #            #     #
#     # A   D      #     #
#     #            #     #
#     #            #     #
#     #  B         #     #
#     #            #     #
#     #            #     #
#     #            #     #
#     ##############     #
#                        #
#                        #
#                        #
#                        #
#                        #
##########################
[[ 5.  2.]
 [ 2.  6.]
 [ 3.  9.]
 [12.  1.]
 [ 6.  6.]
 [ 5.  2.]
 [ 2.  7.]
 [ 3. 10.]
 [12.  1.]
 [ 6.  6.]
 [ 5.  2.]
 [ 2.  8.]
 [ 3. 11.]
 [12.  1.]
 [ 6.  6.]
 [ 5.  2.]
 [ 2.  9.]
 [ 3. 12.]
 [12.  1.]
 [ 6.  6.]
 [ 5.  2.]
 [ 2. 10.]
 [ 3. 13.]
 [12.  1.]
 [ 6.  6.]
 [ 5.  2.]
 [ 2. 11.]
 [ 3. 14.]
 [12.  1.]
 [ 6.  6.]
 [ 5.  2.]
 [ 2. 12.]
 [ 3. 15.]
 [12.  1.]
 [ 6.  6.]
 [ 5.  2.]
 [ 2. 13.]
 [ 3. 16.]
 [12.  1.]
 [ 6.  6.]
 [ 5.  2.]
 [ 2. 14.]
 [ 3. 17.]
 [12.  1.]
 [ 6.  6.]
 [ 5.  2.]
 [ 2. 15.]
 [ 3. 17.]
 [12.  1.]
 [ 6.  6.]
 [ 5.  2.]
 [ 2. 16.]
 [ 3. 17.]
 [12.  1.]
 [ 6.  6.]
 [ 5.  2.]
 [ 3. 17.]
 [ 4. 17.]
 [12.  1.]
 [ 6.  6.]
 [ 5.  2.]
 [ 4. 17.]
 [ 5. 17.]
 [12.  1.]
 [ 6.  6.]
 [ 5.  2.]
 [ 5. 17.]
 [ 6. 17.]
 [12.  1.]
 [ 6.  6.]
 [ 5.  2.]
 [ 6. 17.]
 [ 7. 17.]
 [12.  1.]
 [ 6.  6.]
 [ 5.  2.]
 [ 7. 17.]
 [ 8. 17.]
 [12.  1.]
 [ 6.  6.]
 [ 5.  2.]
 [ 8. 17.]
 [ 9. 17.]
 [12.  1.]
 [ 6.  6.]
 [ 5.  2.]
 [ 9. 17.]
 [10. 17.]
 [12.  1.]
 [ 6.  6.]
 [ 5.  2.]
 [10. 17.]
 [11. 17.]
 [12.  1.]
 [ 6.  6.]
 [ 5.  2.]
 [11. 17.]
 [12. 17.]
 [12.  1.]
 [ 6.  6.]
 [ 5.  2.]
 [11. 17.]
 [12. 17.]
 [12.  1.]
 [ 6.  6.]
 [ 5.  2.]
 [12. 17.]
 [13. 17.]
 [12.  1.]
 [ 6.  6.]]
