Maze:
##########################
#                        #
#                        #
#                        #
#                        #
#                        #
#     ##############     #
#     #A           #     #
#     #            #     #
#     #     B      #     #
#     #          S #     #
#     #            #     #
#     #     C      #     #
#     #            #     #
#     #            #     #
#     # D          #     #
#     #            #     #
#     #            #     #
#     #            #     #
#     ##############     #
#                        #
#                        #
#                        #
#                        #
#                        #
##########################
[[11.  4.]
 [ 1.  1.]
 [ 6.  3.]
 [ 6.  6.]
 [ 2.  9.]
 [11.  4.]
 [ 2.  2.]
 [ 7.  3.]
 [ 6.  6.]
 [ 2.  9.]
 [11.  4.]
 [ 3.  2.]
 [ 8.  3.]
 [ 6.  6.]
 [ 2.  9.]
 [12.  4.]
 [ 4.  3.]
 [ 9.  3.]
 [ 6.  6.]
 [ 2.  9.]
 [13.  4.]
 [ 5.  4.]
 [10.  3.]
 [ 6.  6.]
 [ 2. 10.]
 [14.  4.]
 [ 6.  5.]
 [11.  3.]
 [ 6.  6.]
 [ 2. 11.]
 [15.  4.]
 [ 6.  5.]
 [12.  3.]
 [ 6.  6.]
 [ 2. 11.]
 [16.  4.]
 [ 6.  5.]
 [13.  3.]
 [ 6.  6.]
 [ 2. 11.]
 [17.  4.]
 [ 6.  5.]
 [14.  3.]
 [ 6.  6.]
 [ 2. 11.]
 [17.  4.]
 [ 6.  5.]
 [15.  3.]
 [ 6.  6.]
 [ 2. 11.]
 [17.  4.]
 [ 6.  5.]
 [16.  3.]
 [ 6.  6.]
 [ 2. 11.]
 [17.  5.]
 [ 6.  5.]
 [17.  4.]
 [ 6.  6.]
 [ 2. 12.]
 [17.  6.]
 [ 6.  5.]
 [17.  5.]
 [ 6.  6.]
 [ 2. 12.]
 [17.  7.]
 [ 6.  5.]
 [17.  6.]
 [ 6.  6.]
 [ 2. 12.]
 [17.  8.]
 [ 6.  5.]
 [17.  7.]
 [ 6.  6.]
 [ 2. 12.]
 [17.  9.]
 [ 6.  5.]
 [17.  8.]
 [ 6.  6.]
 [ 2. 12.]
 [17. 10.]
 [ 6.  5.]
 [17.  9.]
 [ 6.  6.]
 [ 2. 12.]
 [17. 11.]
 [ 6.  5.]
 [17. 10.]
 [ 6.  6.]
 [ 2. 12.]
 [17. 12.]
 [ 6.  5.]
 [17. 11.]
 [ 6.  6.]
 [ 2. 12.]
 [17. 13.]
 [ 6.  5.]
 [17. 12.]
 [ 6.  6.]
 [ 2. 12.]
 [17. 13.]
 [ 6.  5.]
 [17. 12.]
 [ 6.  6.]
 [ 2. 12.]
 [17. 14.]
 [ 6.  5.]
 [17. 13.]
 [ 6.  6.]
 [ 2. 12.]]
