Maze:
##########################
#                        #
#                        #
#                        #
#                        #
#                        #
#     ##############     #
#     #            #     #
#     #           S#     #
#     #            #     #
#     #            #     #
#     #          C #     #
#     #     A      #     #
#     #            #     #
#     #    B       #     #
#     #            #     #
#     #            #     #
#     #      D     #     #
#     #            #     #
#     ##############     #
#                        #
#                        #
#                        #
#                        #
#                        #
##########################
[[12.  2.]
 [ 6.  6.]
 [ 5.  8.]
 [11.  5.]
 [ 7. 11.]
 [12.  2.]
 [ 6.  6.]
 [ 4.  9.]
 [11.  6.]
 [ 6. 11.]
 [12.  2.]
 [ 6.  6.]
 [ 3.  9.]
 [11.  7.]
 [ 5. 11.]
 [12.  2.]
 [ 6.  6.]
 [ 2.  9.]
 [12.  8.]
 [ 4. 11.]
 [12.  2.]
 [ 6.  6.]
 [ 1.  8.]
 [12.  9.]
 [ 3. 11.]
 [12.  2.]
 [ 6.  6.]
 [ 0.  7.]
 [12. 10.]
 [ 2. 10.]
 [12.  2.]
 [ 6.  6.]
 [-1.  6.]
 [12. 11.]
 [ 1.  9.]
 [12.  2.]
 [ 6.  6.]
 [-2.  5.]
 [12. 11.]
 [ 0.  8.]
 [12.  2.]
 [ 6.  6.]
 [-3.  4.]
 [12. 11.]
 [-1.  7.]
 [12.  2.]
 [ 6.  6.]
 [-4.  3.]
 [12. 11.]
 [-2.  6.]
 [12.  2.]
 [ 6.  6.]
 [-5.  2.]
 [12. 11.]
 [-3.  5.]
 [12.  2.]
 [ 6.  6.]
 [-5.  1.]
 [12. 11.]
 [-4.  4.]
 [12.  2.]
 [ 6.  6.]
 [-5.  0.]
 [12. 11.]
 [-4.  3.]
 [12.  2.]
 [ 6.  6.]
 [-5. -1.]
 [12. 11.]
 [-4.  2.]
 [12.  2.]
 [ 6.  6.]
 [-5. -2.]
 [12. 11.]
 [-4.  1.]
 [12.  2.]
 [ 6.  6.]
 [-5. -3.]
 [12. 11.]
 [-4.  0.]
 [12.  2.]
 [ 6.  6.]
 [-5. -4.]
 [12. 11.]
 [-4. -1.]
 [12.  2.]
 [ 6.  6.]
 [-5. -5.]
 [12. 11.]
 [-4. -2.]
 [12.  2.]
 [ 6.  6.]
 [-5. -5.]
 [12. 11.]
 [-4. -3.]
 [12.  2.]
 [ 6.  6.]
 [-5. -5.]
 [12. 11.]
 [-4. -4.]
 [12.  2.]
 [ 6.  6.]
 [-5. -5.]
 [12. 11.]
 [-4. -4.]]
