Maze:
##########################
#                        #
#                        #
#                        #
#                        #
#                        #
#     ##############     #
#     #            #     #
#     #            #     #
#     #            #     #
#     #            #     #
#     #       B    #     #
#     #     D   S  #     #
#     #            #     #
#     #      C     #     #
#     #            #     #
#     #A           #     #
#     #            #     #
#     #            #     #
#     ##############     #
#                        #
#                        #
#                        #
#                        #
#                        #
##########################
[[10.  6.]
 [ 1. 10.]
 [ 8.  5.]
 [ 7.  8.]
 [ 6.  6.]
 [11.  7.]
 [ 2. 10.]
 [ 9.  5.]
 [ 6.  8.]
 [ 6.  6.]
 [12.  8.]
 [ 3.  9.]
 [10.  5.]
 [ 6.  7.]
 [ 6.  6.]
 [12.  8.]
 [ 4.  8.]
 [11.  5.]
 [ 6.  7.]
 [ 6.  6.]
 [12.  9.]
 [ 5.  8.]
 [12.  6.]
 [ 7.  6.]
 [ 6.  6.]
 [12. 10.]
 [ 6.  7.]
 [12.  7.]
 [ 6.  5.]
 [ 6.  6.]
 [12. 11.]
 [ 6.  7.]
 [13.  8.]
 [ 6.  4.]
 [ 6.  6.]
 [12. 12.]
 [ 6.  7.]
 [13.  9.]
 [ 6.  3.]
 [ 6.  6.]
 [12. 13.]
 [ 6.  7.]
 [13. 10.]
 [ 6.  2.]
 [ 6.  6.]
 [12. 14.]
 [ 6.  7.]
 [13. 11.]
 [ 6.  1.]
 [ 6.  6.]
 [12. 15.]
 [ 6.  7.]
 [13. 12.]
 [ 6.  0.]
 [ 6.  6.]
 [12. 16.]
 [ 6.  7.]
 [13. 13.]
 [ 6.  0.]
 [ 6.  6.]
 [12. 17.]
 [ 6.  7.]
 [13. 14.]
 [ 6.  0.]
 [ 6.  6.]
 [12. 17.]
 [ 6.  7.]
 [13. 15.]
 [ 6.  0.]
 [ 6.  6.]
 [12. 17.]
 [ 6.  7.]
 [13. 16.]
 [ 6.  0.]
 [ 6.  6.]
 [11. 17.]
 [ 6.  7.]
 [12. 17.]
 [ 6.  0.]
 [ 6.  6.]
 [10. 17.]
 [ 6.  7.]
 [11. 17.]
 [ 6.  0.]
 [ 6.  6.]
 [ 9. 17.]
 [ 6.  7.]
 [10. 17.]
 [ 6.  0.]
 [ 6.  6.]
 [ 8. 17.]
 [ 6.  7.]
 [ 9. 17.]
 [ 6.  0.]
 [ 6.  6.]
 [ 7. 17.]
 [ 6.  7.]
 [ 8. 17.]
 [ 6.  0.]
 [ 6.  6.]
 [ 7. 17.]
 [ 6.  7.]
 [ 8. 17.]
 [ 6.  0.]
 [ 6.  6.]
 [ 6. 17.]
 [ 6.  7.]
 [ 7. 17.]
 [ 6.  0.]
 [ 6.  6.]]
