Maze:
##########################
#                        #
#                        #
#                        #
#                        #
#                        #
#     ##############     #
#     #            #     #
#     #            #     #
#     #      A     #     #
#     #           D#     #
#     #            #     #
#     #     S      #     #
#     #            #     #
#     #    B       #     #
#     # C          #     #
#     #            #     #
#     #            #     #
#     #            #     #
#     ##############     #
#                        #
#                        #
#                        #
#                        #
#                        #
##########################
[[ 6.  6.]
 [ 7.  3.]
 [ 5.  8.]
 [ 2.  9.]
 [12.  4.]
 [ 6.  6.]
 [ 7.  4.]
 [ 5.  7.]
 [ 1. 10.]
 [12.  4.]
 [ 6.  6.]
 [ 6.  5.]
 [ 5.  7.]
 [ 0. 10.]
 [12.  4.]
 [ 6.  6.]
 [ 5.  5.]
 [ 6.  7.]
 [-1. 10.]
 [12.  4.]
 [ 6.  6.]
 [ 5.  6.]
 [ 6.  7.]
 [-1. 10.]
 [11.  4.]
 [ 6.  6.]
 [ 5.  7.]
 [ 7.  7.]
 [-2. 10.]
 [10.  4.]
 [ 6.  6.]
 [ 6.  7.]
 [ 7.  6.]
 [-3. 10.]
 [ 9.  5.]
 [ 6.  6.]
 [ 7.  7.]
 [ 6.  5.]
 [-3. 10.]
 [ 8.  5.]
 [ 6.  6.]
 [ 7.  6.]
 [ 5.  6.]
 [-3. 10.]
 [ 7.  5.]
 [ 6.  6.]
 [ 7.  5.]
 [ 6.  7.]
 [-3. 10.]
 [ 6.  5.]
 [ 6.  6.]
 [ 7.  5.]
 [ 5.  6.]
 [-3. 10.]
 [ 6.  5.]
 [ 6.  6.]
 [ 6.  5.]
 [ 5.  7.]
 [-3. 10.]
 [ 5.  6.]
 [ 6.  6.]
 [ 5.  5.]
 [ 5.  8.]
 [-3. 10.]
 [ 6.  7.]
 [ 6.  6.]
 [ 4.  6.]
 [ 4.  9.]
 [-3. 10.]
 [ 6.  7.]
 [ 6.  6.]
 [ 4.  7.]
 [ 4. 10.]
 [-3. 10.]
 [ 6.  7.]
 [ 6.  6.]
 [ 4.  8.]
 [ 4. 11.]
 [-3. 10.]
 [ 6.  7.]
 [ 6.  6.]
 [ 4.  9.]
 [ 4. 12.]
 [-4. 10.]
 [ 6.  7.]
 [ 6.  6.]
 [ 4. 10.]
 [ 4. 13.]
 [-4. 10.]
 [ 6.  7.]
 [ 6.  6.]
 [ 4. 11.]
 [ 4. 14.]
 [-4. 10.]
 [ 6.  7.]
 [ 6.  6.]
 [ 4. 12.]
 [ 4. 15.]
 [-4. 10.]
 [ 6.  7.]
 [ 6.  6.]
 [ 4. 12.]
 [ 4. 15.]
 [-4. 10.]
 [ 6.  7.]
 [ 6.  6.]
 [ 4. 13.]
 [ 4. 16.]
 [-4. 10.]
 [ 6.  7.]]
