Maze:
##########################
#                        #
#                        #
#                        #
#                        #
#                        #
#     ##############     #
#     #            #     #
#     #            #     #
#     #   C        #     #
#     #            #     #
#     #            #     #
#     #     D      #     #
#     #            #     #
#     #           B#     #
#     #     S      #     #
#     #       A    #     #
#     #            #     #
#     #            #     #
#     ##############     #
#                        #
#                        #
#                        #
#                        #
#                        #
##########################
[[ 6.  9.]
 [ 8. 10.]
 [12.  8.]
 [ 4.  3.]
 [ 6.  6.]
 [ 5.  9.]
 [ 9. 10.]
 [13.  8.]
 [ 4.  2.]
 [ 6.  6.]
 [ 5.  9.]
 [10.  9.]
 [14.  8.]
 [ 4.  2.]
 [ 6.  6.]
 [ 5.  9.]
 [11.  9.]
 [15.  8.]
 [ 4.  2.]
 [ 6.  6.]
 [ 5.  9.]
 [12.  9.]
 [16.  8.]
 [ 4.  2.]
 [ 6.  6.]
 [ 5.  9.]
 [13.  9.]
 [17.  8.]
 [ 4.  2.]
 [ 6.  6.]
 [ 5.  9.]
 [14.  9.]
 [17.  8.]
 [ 4.  2.]
 [ 6.  6.]
 [ 5.  9.]
 [15.  9.]
 [17.  8.]
 [ 4.  2.]
 [ 6.  6.]
 [ 5.  9.]
 [16.  9.]
 [17.  8.]
 [ 4.  2.]
 [ 6.  6.]
 [ 5.  9.]
 [17.  8.]
 [17.  7.]
 [ 4.  2.]
 [ 6.  6.]
 [ 5.  9.]
 [17.  7.]
 [17.  6.]
 [ 4.  2.]
 [ 6.  6.]
 [ 5.  9.]
 [17.  6.]
 [17.  5.]
 [ 4.  2.]
 [ 6.  6.]
 [ 5.  9.]
 [17.  5.]
 [17.  4.]
 [ 4.  2.]
 [ 6.  6.]
 [ 5.  9.]
 [17.  4.]
 [17.  3.]
 [ 4.  2.]
 [ 6.  6.]
 [ 5.  9.]
 [17.  3.]
 [17.  2.]
 [ 4.  2.]
 [ 6.  6.]
 [ 5.  9.]
 [17.  2.]
 [17.  1.]
 [ 4.  2.]
 [ 6.  6.]
 [ 5.  9.]
 [17.  1.]
 [17.  0.]
 [ 4.  2.]
 [ 6.  6.]
 [ 5.  9.]
 [17.  0.]
 [17. -1.]
 [ 4.  2.]
 [ 6.  6.]
 [ 5.  9.]
 [17. -1.]
 [17. -2.]
 [ 4.  2.]
 [ 6.  6.]
 [ 5.  9.]
 [17. -2.]
 [17. -3.]
 [ 4.  2.]
 [ 6.  6.]
 [ 5.  9.]
 [17. -2.]
 [17. -3.]
 [ 4.  2.]
 [ 6.  6.]
 [ 5.  9.]
 [17. -3.]
 [17. -4.]
 [ 4.  2.]
 [ 6.  6.]]
