Maze:
##########################
#                        #
#                        #
#                        #
#                        #
#                        #
#     ##############     #
#     #            #     #
#     #            #     #
#     #            #     #
#     #            #     #
#     #            #     #
#     # C   S      #     #
#     #            #     #
#     #            #     #
#     #D           #     #
#     #        A   #     #
#     #            #     #
#     #       B    #     #
#     ##############     #
#                        #
#                        #
#                        #
#                        #
#                        #
##########################
[[ 6.  6.]
 [ 9. 10.]
 [ 8. 12.]
 [ 2.  6.]
 [ 1.  9.]
 [ 6.  6.]
 [ 9. 11.]
 [ 8. 13.]
 [ 1.  6.]
 [ 1. 10.]
 [ 6.  6.]
 [ 9. 12.]
 [ 8. 14.]
 [ 0.  6.]
 [ 2. 11.]
 [ 6.  6.]
 [ 9. 13.]
 [ 8. 15.]
 [-1.  6.]
 [ 3. 11.]
 [ 6.  6.]
 [ 9. 14.]
 [ 8. 16.]
 [-1.  6.]
 [ 4. 11.]
 [ 6.  6.]
 [ 9. 15.]
 [ 8. 17.]
 [-1.  6.]
 [ 4. 10.]
 [ 6.  6.]
 [ 9. 16.]
 [ 8. 17.]
 [-1.  6.]
 [ 5.  9.]
 [ 6.  6.]
 [ 8. 17.]
 [ 7. 17.]
 [-1.  6.]
 [ 5.  8.]
 [ 6.  6.]
 [ 7. 17.]
 [ 6. 17.]
 [-1.  6.]
 [ 5.  7.]
 [ 6.  6.]
 [ 6. 17.]
 [ 5. 17.]
 [-1.  6.]
 [ 5.  7.]
 [ 6.  6.]
 [ 5. 17.]
 [ 4. 17.]
 [-1.  6.]
 [ 5.  7.]
 [ 6.  6.]
 [ 4. 17.]
 [ 3. 17.]
 [-1.  6.]
 [ 5.  7.]
 [ 6.  6.]
 [ 3. 17.]
 [ 2. 17.]
 [-1.  6.]
 [ 5.  7.]
 [ 6.  6.]
 [ 2. 17.]
 [ 1. 17.]
 [-1.  6.]
 [ 5.  7.]
 [ 6.  6.]
 [ 1. 17.]
 [ 0. 17.]
 [-1.  6.]
 [ 5.  7.]
 [ 6.  6.]
 [ 0. 17.]
 [-1. 17.]
 [-1.  6.]
 [ 5.  7.]
 [ 6.  6.]
 [-1. 17.]
 [-2. 17.]
 [-1.  6.]
 [ 5.  7.]
 [ 6.  6.]
 [-2. 17.]
 [-3. 17.]
 [-1.  6.]
 [ 5.  7.]
 [ 6.  6.]
 [-3. 17.]
 [-4. 17.]
 [-1.  6.]
 [ 5.  7.]
 [ 6.  6.]
 [-4. 17.]
 [-5. 17.]
 [-1.  6.]
 [ 5.  7.]
 [ 6.  6.]
 [-4. 17.]
 [-5. 17.]
 [-1.  6.]
 [ 5.  7.]]
