Maze:
##########################
#                        #
#                        #
#                        #
#                        #
#                        #
#     ##############     #
#     #            #     #
#     #   A        #     #
#     #     B      #     #
#     #            #     #
#     #      S     #     #
#     #     C      #     #
#     #            #     #
#     #            #     #
#     #            #     #
#     #            #     #
#     #            #     #
#     # D          #     #
#     ##############     #
#                        #
#                        #
#                        #
#                        #
#                        #
##########################
[[ 7.  5.]
 [ 4.  2.]
 [ 6.  3.]
 [ 6.  6.]
 [ 2. 12.]
 [ 7.  6.]
 [ 5.  3.]
 [ 7.  4.]
 [ 6.  6.]
 [ 2. 12.]
 [ 7.  6.]
 [ 6.  4.]
 [ 8.  5.]
 [ 6.  6.]
 [ 2. 12.]
 [ 7.  6.]
 [ 7.  5.]
 [ 8.  6.]
 [ 6.  6.]
 [ 2. 12.]
 [ 7.  6.]
 [ 7.  5.]
 [ 7.  7.]
 [ 6.  6.]
 [ 2. 12.]
 [ 6.  5.]
 [ 7.  5.]
 [ 7.  6.]
 [ 6.  6.]
 [ 2. 12.]
 [ 5.  5.]
 [ 7.  6.]
 [ 6.  7.]
 [ 6.  6.]
 [ 2. 12.]
 [ 5.  5.]
 [ 7.  6.]
 [ 5.  7.]
 [ 6.  6.]
 [ 2. 12.]
 [ 6.  4.]
 [ 7.  6.]
 [ 5.  6.]
 [ 6.  6.]
 [ 2. 12.]
 [ 6.  3.]
 [ 7.  6.]
 [ 6.  5.]
 [ 6.  6.]
 [ 2. 12.]
 [ 6.  2.]
 [ 7.  6.]
 [ 5.  5.]
 [ 6.  6.]
 [ 2. 12.]
 [ 6.  1.]
 [ 7.  6.]
 [ 4.  4.]
 [ 6.  6.]
 [ 2. 12.]
 [ 6.  1.]
 [ 7.  6.]
 [ 4.  3.]
 [ 6.  6.]
 [ 2. 12.]
 [ 7.  0.]
 [ 7.  6.]
 [ 4.  2.]
 [ 6.  6.]
 [ 2. 12.]
 [ 7.  0.]
 [ 7.  6.]
 [ 4.  1.]
 [ 6.  6.]
 [ 2. 12.]
 [ 8.  0.]
 [ 7.  6.]
 [ 5.  0.]
 [ 6.  6.]
 [ 2. 12.]
 [ 9.  0.]
 [ 7.  6.]
 [ 6.  0.]
 [ 6.  6.]
 [ 2. 12.]
 [10.  0.]
 [ 7.  6.]
 [ 7.  0.]
 [ 6.  6.]
 [ 2. 12.]
 [11.  0.]
 [ 7.  6.]
 [ 8.  0.]
 [ 6.  6.]
 [ 2. 12.]
 [12.  0.]
 [ 7.  6.]
 [ 9.  0.]
 [ 6.  6.]
 [ 2. 12.]
 [12.  0.]
 [ 7.  6.]
 [ 9.  0.]
 [ 6.  6.]
 [ 2. 12.]
 [13.  0.]
 [ 7.  6.]
 [10.  0.]
 [ 6.  6.]
 [ 2. 12.]]
