Maze:
##########################
#                        #
#                        #
#                        #
#                        #
#                        #
#     ##############     #
#     #            #     #
#     #            #     #
#     #   D        #     #
#     # A          #     #
#     #            #     #
#     #     SC     #     #
#     #       B    #     #
#     #            #     #
#     #            #     #
#     #            #     #
#     #            #     #
#     #            #     #
#     ##############     #
#                        #
#                        #
#                        #
#                        #
#                        #
##########################
[[6. 6.]
 [2. 4.]
 [8. 7.]
 [7. 6.]
 [4. 3.]
 [6. 6.]
 [3. 5.]
 [7. 6.]
 [8. 7.]
 [5. 3.]
 [6. 6.]
 [4. 5.]
 [6. 7.]
 [7. 6.]
 [6. 3.]
 [6. 6.]
 [5. 6.]
 [6. 7.]
 [7. 7.]
 [7. 2.]
 [6. 6.]
 [5. 6.]
 [7. 6.]
 [6. 7.]
 [7. 1.]
 [6. 6.]
 [5. 6.]
 [7. 6.]
 [7. 7.]
 [7. 1.]
 [6. 6.]
 [5. 6.]
 [6. 7.]
 [7. 6.]
 [7. 1.]
 [6. 6.]
 [5. 6.]
 [6. 7.]
 [7. 7.]
 [7. 0.]
 [6. 6.]
 [5. 6.]
 [7. 6.]
 [6. 7.]
 [7. 0.]
 [6. 6.]
 [5. 6.]
 [7. 6.]
 [7. 7.]
 [7. 0.]
 [6. 6.]
 [5. 6.]
 [6. 7.]
 [7. 6.]
 [7. 0.]
 [6. 6.]
 [5. 6.]
 [6. 7.]
 [7. 7.]
 [7. 0.]
 [6. 6.]
 [5. 6.]
 [7. 6.]
 [6. 7.]
 [7. 0.]
 [6. 6.]
 [5. 6.]
 [7. 6.]
 [7. 7.]
 [7. 0.]
 [6. 6.]
 [5. 6.]
 [6. 7.]
 [7. 6.]
 [7. 0.]
 [6. 6.]
 [5. 6.]
 [6. 7.]
 [7. 7.]
 [7. 0.]
 [6. 6.]
 [5. 6.]
 [7. 6.]
 [6. 7.]
 [7. 0.]
 [6. 6.]
 [5. 6.]
 [7. 6.]
 [7. 7.]
 [7. 0.]
 [6. 6.]
 [5. 6.]
 [6. 7.]
 [7. 6.]
 [7. 0.]
 [6. 6.]
 [5. 6.]
 [6. 7.]
 [7. 7.]
 [7. 0.]
 [6. 6.]
 [5. 6.]
 [6. 7.]
 [7. 7.]
 [7. 0.]
 [6. 6.]
 [5. 6.]
 [7. 6.]
 [6. 7.]
 [7. 0.]]
