Maze:
##########################
#                        #
#                        #
#                        #
#                        #
#                        #
#     ##############     #
#     #            #     #
#     #            #     #
#     #            #     #
#     #           A#     #
#     #            #     #
#     #     D      #     #
#     # C          #     #
#     #      S     #     #
#     #            #     #
#     #         B  #     #
#     #            #     #
#     #            #     #
#     ##############     #
#                        #
#                        #
#                        #
#                        #
#                        #
##########################
[[ 7.  8.]
 [12.  4.]
 [10. 10.]
 [ 2.  7.]
 [ 6.  6.]
 [ 7.  9.]
 [12.  3.]
 [11. 10.]
 [ 3.  7.]
 [ 6.  6.]
 [ 7. 10.]
 [12.  3.]
 [12. 10.]
 [ 4.  7.]
 [ 6.  6.]
 [ 7. 10.]
 [12.  3.]
 [13. 10.]
 [ 5.  7.]
 [ 6.  6.]
 [ 7.  9.]
 [12.  3.]
 [14. 10.]
 [ 5.  7.]
 [ 6.  6.]
 [ 6.  8.]
 [12.  3.]
 [14. 10.]
 [ 5.  7.]
 [ 6.  6.]
 [ 5.  7.]
 [12.  3.]
 [14. 10.]
 [ 6.  7.]
 [ 6.  6.]
 [ 6.  7.]
 [12.  3.]
 [14. 10.]
 [ 5.  6.]
 [ 6.  6.]
 [ 5.  7.]
 [12.  3.]
 [14. 10.]
 [ 5.  6.]
 [ 6.  6.]
 [ 5.  6.]
 [12.  3.]
 [14. 10.]
 [ 6.  7.]
 [ 6.  6.]
 [ 5.  7.]
 [12.  3.]
 [14. 10.]
 [ 6.  7.]
 [ 6.  6.]
 [ 6.  7.]
 [12.  3.]
 [14. 10.]
 [ 5.  6.]
 [ 6.  6.]
 [ 5.  7.]
 [12.  3.]
 [14. 10.]
 [ 5.  6.]
 [ 6.  6.]
 [ 5.  6.]
 [12.  3.]
 [14. 10.]
 [ 6.  7.]
 [ 6.  6.]
 [ 5.  7.]
 [12.  3.]
 [14. 10.]
 [ 6.  7.]
 [ 6.  6.]
 [ 6.  7.]
 [12.  3.]
 [14. 10.]
 [ 5.  6.]
 [ 6.  6.]
 [ 5.  7.]
 [12.  3.]
 [14. 10.]
 [ 5.  6.]
 [ 6.  6.]
 [ 5.  6.]
 [12.  3.]
 [14. 10.]
 [ 6.  7.]
 [ 6.  6.]
 [ 5.  7.]
 [12.  3.]
 [14. 10.]
 [ 6.  7.]
 [ 6.  6.]
 [ 6.  7.]
 [12.  3.]
 [14. 10.]
 [ 5.  6.]
 [ 6.  6.]
 [ 6.  7.]
 [12.  3.]
 [14. 10.]
 [ 5.  6.]
 [ 6.  6.]
 [ 5.  7.]
 [12.  3.]
 [14. 10.]
 [ 5.  6.]
 [ 6.  6.]]
