Maze:
##########################
#                        #
#                        #
#                        #
#                        #
#                        #
#     ##############     #
#     #            #     #
#     #            #     #
#     #           A#     #
#     #            #     #
#     #   B        #     #
#     #     D      #     #
#     #    S       #     #
#     #            #     #
#     #       C    #     #
#     #            #     #
#     #            #     #
#     #            #     #
#     ##############     #
#                        #
#                        #
#                        #
#                        #
#                        #
##########################
[[ 5.  7.]
 [12.  3.]
 [ 4.  5.]
 [ 8.  9.]
 [ 6.  6.]
 [ 4.  7.]
 [12.  3.]
 [ 4.  4.]
 [ 7.  8.]
 [ 6.  6.]
 [ 4.  6.]
 [12.  3.]
 [ 5.  3.]
 [ 6.  7.]
 [ 6.  6.]
 [ 5.  6.]
 [12.  3.]
 [ 6.  2.]
 [ 6.  7.]
 [ 6.  6.]
 [ 5.  7.]
 [12.  3.]
 [ 7.  1.]
 [ 6.  7.]
 [ 6.  6.]
 [ 6.  7.]
 [13.  4.]
 [ 8.  1.]
 [ 5.  6.]
 [ 6.  6.]
 [ 5.  7.]
 [13.  5.]
 [ 9.  1.]
 [ 5.  6.]
 [ 6.  6.]
 [ 5.  6.]
 [13.  6.]
 [10.  1.]
 [ 6.  7.]
 [ 6.  6.]
 [ 5.  7.]
 [13.  7.]
 [11.  1.]
 [ 6.  7.]
 [ 6.  6.]
 [ 6.  7.]
 [13.  8.]
 [11.  1.]
 [ 5.  6.]
 [ 6.  6.]
 [ 5.  7.]
 [13.  8.]
 [11.  1.]
 [ 5.  6.]
 [ 6.  6.]
 [ 5.  6.]
 [13.  8.]
 [11.  1.]
 [ 6.  7.]
 [ 6.  6.]
 [ 5.  7.]
 [13.  8.]
 [11.  1.]
 [ 6.  7.]
 [ 6.  6.]
 [ 6.  7.]
 [13.  8.]
 [11.  1.]
 [ 5.  6.]
 [ 6.  6.]
 [ 5.  7.]
 [13.  8.]
 [11.  1.]
 [ 5.  6.]
 [ 6.  6.]
 [ 5.  6.]
 [13.  8.]
 [11.  1.]
 [ 6.  7.]
 [ 6.  6.]
 [ 5.  7.]
 [13.  8.]
 [11.  1.]
 [ 6.  7.]
 [ 6.  6.]
 [ 6.  7.]
 [13.  8.]
 [11.  1.]
 [ 5.  6.]
 [ 6.  6.]
 [ 5.  7.]
 [13.  8.]
 [11.  1.]
 [ 5.  6.]
 [ 6.  6.]
 [ 5.  6.]
 [13.  8.]
 [11.  1.]
 [ 6.  7.]
 [ 6.  6.]
 [ 5.  6.]
 [13.  8.]
 [11.  1.]
 [ 6.  7.]
 [ 6.  6.]
 [ 5.  7.]
 [13.  8.]
 [11.  1.]
 [ 6.  7.]
 [ 6.  6.]]
