Maze:
##########################
#                        #
#                        #
#                        #
#                        #
#                        #
#     ##############     #
#     #            #     #
#     #       D    #     #
#     #  C         #     #
#     #            #     #
#     #            #     #
#     #     B      #     #
#     #      S     #     #
#     #            #     #
#     #            #     #
#     #            #     #
#     #   A        #     #
#     #            #     #
#     ##############     #
#                        #
#                        #
#                        #
#                        #
#                        #
##########################
[[ 7.  7.]
 [ 4. 11.]
 [ 6.  6.]
 [ 3.  3.]
 [ 8.  2.]
 [ 7.  7.]
 [ 4. 12.]
 [ 6.  6.]
 [ 4.  3.]
 [ 9.  2.]
 [ 7.  7.]
 [ 4. 13.]
 [ 6.  6.]
 [ 5.  3.]
 [10.  2.]
 [ 7.  7.]
 [ 4. 14.]
 [ 6.  6.]
 [ 6.  3.]
 [10.  2.]
 [ 7.  7.]
 [ 4. 14.]
 [ 6.  6.]
 [ 7.  3.]
 [11.  2.]
 [ 7.  7.]
 [ 4. 14.]
 [ 6.  6.]
 [ 8.  3.]
 [12.  2.]
 [ 7.  7.]
 [ 4. 14.]
 [ 6.  6.]
 [ 9.  3.]
 [12.  2.]
 [ 7.  7.]
 [ 4. 14.]
 [ 6.  6.]
 [10.  3.]
 [13.  2.]
 [ 7.  7.]
 [ 4. 14.]
 [ 6.  6.]
 [11.  3.]
 [14.  2.]
 [ 7.  7.]
 [ 4. 14.]
 [ 6.  6.]
 [12.  3.]
 [15.  2.]
 [ 7.  7.]
 [ 4. 14.]
 [ 6.  6.]
 [13.  3.]
 [16.  2.]
 [ 7.  7.]
 [ 4. 14.]
 [ 6.  6.]
 [14.  3.]
 [17.  2.]
 [ 7.  7.]
 [ 4. 14.]
 [ 6.  6.]
 [15.  3.]
 [17.  2.]
 [ 7.  7.]
 [ 4. 14.]
 [ 6.  6.]
 [16.  3.]
 [17.  2.]
 [ 7.  7.]
 [ 4. 14.]
 [ 6.  6.]
 [17.  2.]
 [17.  1.]
 [ 7.  7.]
 [ 4. 14.]
 [ 6.  6.]
 [17.  1.]
 [17.  0.]
 [ 7.  7.]
 [ 4. 14.]
 [ 6.  6.]
 [17.  0.]
 [17. -1.]
 [ 7.  7.]
 [ 4. 14.]
 [ 6.  6.]
 [17. -1.]
 [17. -2.]
 [ 7.  7.]
 [ 4. 14.]
 [ 6.  6.]
 [17. -2.]
 [17. -3.]
 [ 7.  7.]
 [ 4. 14.]
 [ 6.  6.]
 [17. -3.]
 [17. -4.]
 [ 7.  7.]
 [ 4. 14.]
 [ 6.  6.]
 [17. -3.]
 [17. -4.]
 [ 7.  7.]
 [ 4. 14.]
 [ 6.  6.]
 [17. -4.]
 [17. -5.]]
