Maze:
##########################
#                        #
#                        #
#                        #
#                        #
#                        #
#     ##############     #
#     #   A        #     #
#     #            #     #
#     #    S       #     #
#     #            #     #
#     #            #     #
#     #     B      #     #
#     #          C #     #
#     #            #     #
#     #         D  #     #
#     #            #     #
#     #            #     #
#     #            #     #
#     ##############     #
#                        #
#                        #
#                        #
#                        #
#                        #
##########################
[[ 5.  3.]
 [ 4.  1.]
 [ 6.  6.]
 [11.  7.]
 [10.  9.]
 [ 5.  4.]
 [ 4.  0.]
 [ 6.  6.]
 [11.  8.]
 [10. 10.]
 [ 5.  5.]
 [ 4. -1.]
 [ 6.  6.]
 [11.  9.]
 [10. 11.]
 [ 5.  5.]
 [ 4. -2.]
 [ 6.  6.]
 [11. 10.]
 [10. 12.]
 [ 5.  5.]
 [ 4. -2.]
 [ 6.  6.]
 [11. 11.]
 [10. 13.]
 [ 5.  5.]
 [ 4. -2.]
 [ 6.  6.]
 [11. 12.]
 [10. 14.]
 [ 5.  5.]
 [ 4. -2.]
 [ 6.  6.]
 [11. 13.]
 [10. 15.]
 [ 5.  5.]
 [ 4. -2.]
 [ 6.  6.]
 [11. 14.]
 [10. 16.]
 [ 5.  5.]
 [ 4. -2.]
 [ 6.  6.]
 [11. 15.]
 [10. 17.]
 [ 5.  5.]
 [ 4. -2.]
 [ 6.  6.]
 [11. 16.]
 [10. 17.]
 [ 5.  5.]
 [ 4. -2.]
 [ 6.  6.]
 [10. 17.]
 [ 9. 17.]
 [ 5.  5.]
 [ 4. -2.]
 [ 6.  6.]
 [ 9. 17.]
 [ 8. 17.]
 [ 5.  5.]
 [ 4. -2.]
 [ 6.  6.]
 [ 8. 17.]
 [ 7. 17.]
 [ 5.  5.]
 [ 4. -2.]
 [ 6.  6.]
 [ 7. 17.]
 [ 6. 17.]
 [ 5.  5.]
 [ 4. -2.]
 [ 6.  6.]
 [ 6. 17.]
 [ 5. 17.]
 [ 5.  5.]
 [ 4. -2.]
 [ 6.  6.]
 [ 5. 17.]
 [ 4. 17.]
 [ 5.  5.]
 [ 4. -2.]
 [ 6.  6.]
 [ 4. 17.]
 [ 3. 17.]
 [ 5.  5.]
 [ 4. -2.]
 [ 6.  6.]
 [ 3. 17.]
 [ 2. 17.]
 [ 5.  5.]
 [ 4. -2.]
 [ 6.  6.]
 [ 2. 17.]
 [ 1. 17.]
 [ 5.  5.]
 [ 4. -2.]
 [ 6.  6.]
 [ 1. 17.]
 [ 0. 17.]
 [ 5.  5.]
 [ 4. -2.]
 [ 6.  6.]
 [ 1. 17.]
 [ 0. 17.]
 [ 5.  5.]
 [ 4. -2.]
 [ 6.  6.]
 [ 0. 17.]
 [-1. 17.]]
