Maze:
##########################
#                        #
#                        #
#                        #
#                        #
#                        #
#     ##############     #
#     #            #     #
#     #         D  #     #
#     #            #     #
#     #            #     #
#     #A           #     #
#     #     B      #     #
#     #            #     #
#     #          C #     #
#     #            #     #
#     #            #     #
#     #            #     #
#     #     S      #     #
#     ##############     #
#                        #
#                        #
#                        #
#                        #
#                        #
##########################
[[ 6. 12.]
 [ 1.  5.]
 [ 6.  6.]
 [11.  8.]
 [10.  2.]
 [ 6. 11.]
 [ 1.  5.]
 [ 6.  6.]
 [12.  7.]
 [10.  1.]
 [ 6. 10.]
 [ 1.  5.]
 [ 6.  6.]
 [13.  6.]
 [10.  0.]
 [ 6.  9.]
 [ 1.  5.]
 [ 6.  6.]
 [13.  5.]
 [10.  0.]
 [ 6.  8.]
 [ 1.  5.]
 [ 6.  6.]
 [13.  4.]
 [10.  0.]
 [ 6.  7.]
 [ 1.  5.]
 [ 6.  6.]
 [13.  3.]
 [10. -1.]
 [ 6.  7.]
 [ 1.  5.]
 [ 6.  6.]
 [13.  2.]
 [10. -1.]
 [ 6.  7.]
 [ 1.  5.]
 [ 6.  6.]
 [13.  1.]
 [10. -1.]
 [ 6.  7.]
 [ 1.  5.]
 [ 6.  6.]
 [12.  0.]
 [10. -1.]
 [ 6.  7.]
 [ 1.  5.]
 [ 6.  6.]
 [11. -1.]
 [10. -2.]
 [ 6.  7.]
 [ 1.  5.]
 [ 6.  6.]
 [10. -2.]
 [ 9. -3.]
 [ 6.  7.]
 [ 1.  5.]
 [ 6.  6.]
 [ 9. -3.]
 [ 8. -4.]
 [ 6.  7.]
 [ 1.  5.]
 [ 6.  6.]
 [ 8. -4.]
 [ 7. -5.]
 [ 6.  7.]
 [ 1.  5.]
 [ 6.  6.]
 [ 7. -5.]
 [ 6. -5.]
 [ 6.  7.]
 [ 1.  5.]
 [ 6.  6.]
 [ 6. -5.]
 [ 5. -5.]
 [ 6.  7.]
 [ 1.  5.]
 [ 6.  6.]
 [ 5. -5.]
 [ 4. -5.]
 [ 6.  7.]
 [ 1.  5.]
 [ 6.  6.]
 [ 4. -5.]
 [ 3. -5.]
 [ 6.  7.]
 [ 1.  5.]
 [ 6.  6.]
 [ 3. -5.]
 [ 2. -5.]
 [ 6.  7.]
 [ 1.  5.]
 [ 6.  6.]
 [ 2. -5.]
 [ 1. -5.]
 [ 6.  7.]
 [ 1.  5.]
 [ 6.  6.]
 [ 1. -5.]
 [ 0. -5.]
 [ 6.  7.]
 [ 1.  5.]
 [ 6.  6.]
 [ 1. -5.]
 [ 0. -5.]
 [ 6.  7.]
 [ 1.  5.]
 [ 6.  6.]
 [ 0. -5.]
 [-1. -5.]]
