Maze:
##########################
#                        #
#                        #
#                        #
#                        #
#                        #
#     ##############     #
#     #        S   #     #
#     #      B     #     #
#     #     A      #     #
#     #            #     #
#     #            #     #
#     #     C    D #     #
#     #            #     #
#     #            #     #
#     #            #     #
#     #            #     #
#     #            #     #
#     #            #     #
#     ##############     #
#                        #
#                        #
#                        #
#                        #
#                        #
##########################
[[ 9.  1.]
 [ 6.  3.]
 [ 7.  2.]
 [ 6.  6.]
 [11.  6.]
 [ 8.  2.]
 [ 7.  2.]
 [ 6.  3.]
 [ 6.  6.]
 [11.  7.]
 [ 8.  2.]
 [ 6.  2.]
 [ 6.  3.]
 [ 6.  6.]
 [11.  7.]
 [ 7.  2.]
 [ 6.  3.]
 [ 6.  2.]
 [ 6.  6.]
 [11.  7.]
 [ 6.  2.]
 [ 5.  3.]
 [ 6.  3.]
 [ 6.  6.]
 [11.  7.]
 [ 6.  3.]
 [ 5.  4.]
 [ 5.  3.]
 [ 6.  6.]
 [11.  7.]
 [ 5.  3.]
 [ 4.  4.]
 [ 5.  4.]
 [ 6.  6.]
 [11.  7.]
 [ 5.  4.]
 [ 4.  5.]
 [ 4.  4.]
 [ 6.  6.]
 [11.  7.]
 [ 4.  4.]
 [ 3.  5.]
 [ 4.  5.]
 [ 6.  6.]
 [11.  7.]
 [ 4.  5.]
 [ 3.  6.]
 [ 3.  5.]
 [ 6.  6.]
 [11.  7.]
 [ 3.  5.]
 [ 2.  6.]
 [ 3.  6.]
 [ 6.  6.]
 [11.  7.]
 [ 3.  6.]
 [ 2.  7.]
 [ 2.  6.]
 [ 6.  6.]
 [11.  7.]
 [ 2.  6.]
 [ 1.  7.]
 [ 2.  7.]
 [ 6.  6.]
 [11.  7.]
 [ 2.  7.]
 [ 1.  8.]
 [ 1.  7.]
 [ 6.  6.]
 [11.  7.]
 [ 1.  7.]
 [ 0.  8.]
 [ 1.  8.]
 [ 6.  6.]
 [11.  7.]
 [ 1.  8.]
 [ 0.  9.]
 [ 0.  8.]
 [ 6.  6.]
 [11.  7.]
 [ 0.  8.]
 [-1.  9.]
 [ 0.  9.]
 [ 6.  6.]
 [11.  7.]
 [ 0.  9.]
 [-1. 10.]
 [-1.  9.]
 [ 6.  6.]
 [11.  7.]
 [-1.  9.]
 [-2. 10.]
 [-1. 10.]
 [ 6.  6.]
 [11.  7.]
 [-1. 10.]
 [-2. 11.]
 [-2. 10.]
 [ 6.  6.]
 [11.  7.]
 [-1. 10.]
 [-2. 11.]
 [-2. 10.]
 [ 6.  6.]
 [11.  7.]
 [-2. 10.]
 [-3. 11.]
 [-2. 11.]
 [ 6.  6.]
 [11.  7.]]
