Maze:
##########################
#                        #
#                        #
#                        #
#                        #
#                        #
#     ##############     #
#     #            #     #
#     #            #     #
#     #            #     #
#     #          A #     #
#     #            #     #
#     #     B      #     #
#     #       D    #     #
#     #            #     #
#     #  C         #     #
#     #            #     #
#     #            #     #
#     #           S#     #
#     ##############     #
#                        #
#                        #
#                        #
#                        #
#                        #
##########################
[[12. 12.]
 [11.  4.]
 [ 6.  6.]
 [ 3.  9.]
 [ 8.  7.]
 [12. 11.]
 [10.  4.]
 [ 6.  6.]
 [ 3.  9.]
 [ 9.  7.]
 [11. 10.]
 [ 9.  5.]
 [ 6.  6.]
 [ 3.  9.]
 [10.  6.]
 [11.  9.]
 [10.  6.]
 [ 6.  6.]
 [ 2. 10.]
 [ 9.  5.]
 [11.  8.]
 [ 9.  5.]
 [ 6.  6.]
 [ 2. 10.]
 [10.  6.]
 [10.  7.]
 [ 9.  6.]
 [ 6.  6.]
 [ 2. 10.]
 [ 9.  5.]
 [10.  7.]
 [ 8.  5.]
 [ 6.  6.]
 [ 1. 10.]
 [ 9.  5.]
 [ 9.  6.]
 [ 9.  5.]
 [ 6.  6.]
 [ 1. 10.]
 [ 8.  5.]
 [ 9.  6.]
 [ 9.  4.]
 [ 6.  6.]
 [ 1. 10.]
 [ 8.  5.]
 [ 8.  5.]
 [ 8.  3.]
 [ 6.  6.]
 [ 1. 10.]
 [ 9.  4.]
 [ 8.  4.]
 [ 9.  2.]
 [ 6.  6.]
 [ 1. 10.]
 [ 9.  3.]
 [ 9.  3.]
 [10.  3.]
 [ 6.  6.]
 [ 1. 10.]
 [ 9.  2.]
 [ 9.  3.]
 [11.  3.]
 [ 6.  6.]
 [ 1. 10.]
 [ 9.  2.]
 [ 9.  2.]
 [12.  3.]
 [ 6.  6.]
 [ 1. 10.]
 [10.  1.]
 [10.  2.]
 [13.  3.]
 [ 6.  6.]
 [ 1. 10.]
 [11.  1.]
 [11.  1.]
 [14.  3.]
 [ 6.  6.]
 [ 1. 10.]
 [12.  1.]
 [12.  1.]
 [15.  4.]
 [ 6.  6.]
 [ 1. 10.]
 [13.  1.]
 [13.  1.]
 [16.  5.]
 [ 6.  6.]
 [ 1. 10.]
 [14.  1.]
 [14.  1.]
 [16.  6.]
 [ 6.  6.]
 [ 1. 10.]
 [15.  1.]
 [15.  1.]
 [16.  7.]
 [ 6.  6.]
 [ 1. 10.]
 [16.  1.]
 [15.  1.]
 [16.  7.]
 [ 6.  6.]
 [ 1. 10.]
 [16.  1.]
 [16.  1.]
 [16.  8.]
 [ 6.  6.]
 [ 1. 10.]
 [17.  1.]]
