Maze:
##########################
#                        #
#                        #
#                        #
#                        #
#                        #
#     ##############     #
#     #       D    #     #
#     #            #     #
#     #     B      #     #
#     #            #     #
#     #            #     #
#     #     C      #     #
#     #            #     #
#     #            #     #
#     #            #     #
#     #    A       #     #
#     #S           #     #
#     #            #     #
#     ##############     #
#                        #
#                        #
#                        #
#                        #
#                        #
##########################
[[ 1. 11.]
 [ 5. 10.]
 [ 6.  3.]
 [ 6.  6.]
 [ 8.  1.]
 [ 2. 11.]
 [ 6. 10.]
 [ 6.  2.]
 [ 6.  6.]
 [ 9.  0.]
 [ 3. 11.]
 [ 7. 10.]
 [ 6.  1.]
 [ 6.  6.]
 [10. -1.]
 [ 4. 11.]
 [ 8. 10.]
 [ 6.  0.]
 [ 6.  6.]
 [11. -1.]
 [ 5. 11.]
 [ 9. 10.]
 [ 6. -1.]
 [ 6.  6.]
 [12. -1.]
 [ 6. 11.]
 [10. 10.]
 [ 6. -1.]
 [ 6.  6.]
 [13. -1.]
 [ 7. 11.]
 [11. 10.]
 [ 6. -1.]
 [ 6.  6.]
 [14. -1.]
 [ 8. 11.]
 [12. 10.]
 [ 6. -2.]
 [ 6.  6.]
 [14. -1.]
 [ 9. 11.]
 [13. 10.]
 [ 6. -2.]
 [ 6.  6.]
 [14. -1.]
 [10. 11.]
 [14. 10.]
 [ 6. -2.]
 [ 6.  6.]
 [14. -1.]
 [11. 11.]
 [15. 10.]
 [ 6. -2.]
 [ 6.  6.]
 [14. -1.]
 [12. 11.]
 [16. 10.]
 [ 6. -2.]
 [ 6.  6.]
 [14. -1.]
 [13. 11.]
 [17. 10.]
 [ 6. -2.]
 [ 6.  6.]
 [14. -1.]
 [14. 11.]
 [17. 10.]
 [ 6. -2.]
 [ 6.  6.]
 [15. -1.]
 [15. 11.]
 [17. 10.]
 [ 6. -2.]
 [ 6.  6.]
 [15. -1.]
 [16. 11.]
 [17. 10.]
 [ 6. -2.]
 [ 6.  6.]
 [15. -1.]
 [17. 10.]
 [17.  9.]
 [ 6. -2.]
 [ 6.  6.]
 [15. -1.]
 [17.  9.]
 [17.  8.]
 [ 6. -2.]
 [ 6.  6.]
 [15. -1.]
 [17.  8.]
 [17.  7.]
 [ 6. -2.]
 [ 6.  6.]
 [15. -1.]
 [17.  7.]
 [17.  6.]
 [ 6. -2.]
 [ 6.  6.]
 [15. -1.]
 [17.  7.]
 [17.  6.]
 [ 6. -2.]
 [ 6.  6.]
 [15. -1.]
 [17.  6.]
 [17.  5.]
 [ 6. -2.]
 [ 6.  6.]
 [15. -1.]]
