Maze:
##########################
#                        #
#                        #
#                        #
#                        #
#                        #
#     ##############     #
#     #            #     #
#     #            #     #
#     #            #     #
#     #            #     #
#     #            #     #
#     #    SD      #     #
#     #            #     #
#     #            #     #
#     #            #     #
#     #        C   #     #
#     #          B #     #
#     #  A         #     #
#     ##############     #
#                        #
#                        #
#                        #
#                        #
#                        #
##########################
[[ 5.  6.]
 [ 3. 12.]
 [11. 11.]
 [ 9. 10.]
 [ 6.  6.]
 [ 4.  6.]
 [ 3. 12.]
 [11. 11.]
 [ 9. 10.]
 [ 6.  6.]
 [ 3.  7.]
 [ 3. 12.]
 [11. 11.]
 [ 9. 10.]
 [ 6.  6.]
 [ 3.  8.]
 [ 3. 12.]
 [11. 11.]
 [ 9. 10.]
 [ 6.  6.]
 [ 3.  9.]
 [ 3. 13.]
 [11. 11.]
 [ 9. 10.]
 [ 6.  6.]
 [ 3. 10.]
 [ 3. 14.]
 [11. 11.]
 [ 9. 10.]
 [ 6.  6.]
 [ 4. 11.]
 [ 3. 15.]
 [11. 11.]
 [ 9. 10.]
 [ 6.  6.]
 [ 5. 12.]
 [ 3. 16.]
 [11. 11.]
 [ 9. 10.]
 [ 6.  6.]
 [ 6. 12.]
 [ 2. 17.]
 [11. 11.]
 [ 9. 10.]
 [ 6.  6.]
 [ 7. 12.]
 [ 2. 17.]
 [10. 11.]
 [10. 10.]
 [ 6.  6.]
 [ 8. 12.]
 [ 2. 17.]
 [10. 10.]
 [10. 11.]
 [ 6.  6.]
 [ 9. 11.]
 [ 2. 17.]
 [10. 11.]
 [10. 10.]
 [ 6.  6.]
 [10. 11.]
 [ 2. 17.]
 [10. 11.]
 [10. 10.]
 [ 6.  6.]
 [10. 11.]
 [ 2. 17.]
 [10. 11.]
 [10.  9.]
 [ 6.  6.]
 [10. 11.]
 [ 2. 17.]
 [10. 11.]
 [11.  8.]
 [ 6.  6.]
 [10. 11.]
 [ 2. 17.]
 [10. 11.]
 [12.  8.]
 [ 6.  6.]
 [10. 11.]
 [ 2. 17.]
 [10. 11.]
 [13.  8.]
 [ 6.  6.]
 [10. 11.]
 [ 2. 17.]
 [10. 11.]
 [14.  8.]
 [ 6.  6.]
 [10. 11.]
 [ 2. 17.]
 [10. 11.]
 [15.  8.]
 [ 6.  6.]
 [10. 11.]
 [ 2. 17.]
 [10. 11.]
 [15.  8.]
 [ 6.  6.]]
