Maze:
##########################
#                        #
#                        #
#                        #
#                        #
#                        #
#     ##############     #
#     #            #     #
#     #            #     #
#     #          S #     #
#     #           D#     #
#     #            #     #
#     #    AB      #     #
#     #            #     #
#     #            #     #
#     #       C    #     #
#     #            #     #
#     #            #     #
#     #            #     #
#     ##############     #
#                        #
#                        #
#                        #
#                        #
#                        #
##########################
[[11.  3.]
 [ 5.  6.]
 [ 6.  6.]
 [ 8.  9.]
 [12.  4.]
 [10.  3.]
 [ 4.  6.]
 [ 6.  6.]
 [ 7.  9.]
 [13.  5.]
 [ 9.  3.]
 [ 3.  6.]
 [ 6.  6.]
 [ 6.  9.]
 [14.  6.]
 [ 8.  4.]
 [ 2.  6.]
 [ 6.  6.]
 [ 5.  8.]
 [15.  6.]
 [ 7.  5.]
 [ 1.  6.]
 [ 6.  6.]
 [ 4.  7.]
 [15.  6.]
 [ 7.  5.]
 [ 0.  6.]
 [ 6.  6.]
 [ 3.  7.]
 [15.  6.]
 [ 7.  5.]
 [-1.  6.]
 [ 6.  6.]
 [ 2.  7.]
 [15.  6.]
 [ 7.  5.]
 [-2.  6.]
 [ 6.  6.]
 [ 1.  7.]
 [15.  6.]
 [ 7.  5.]
 [-3.  6.]
 [ 6.  6.]
 [ 0.  7.]
 [15.  6.]
 [ 7.  5.]
 [-4.  6.]
 [ 6.  6.]
 [-1.  7.]
 [15.  6.]
 [ 7.  5.]
 [-5.  6.]
 [ 6.  6.]
 [-2.  7.]
 [15.  6.]
 [ 7.  5.]
 [-5.  6.]
 [ 6.  6.]
 [-3.  7.]
 [15.  6.]
 [ 7.  5.]
 [-5.  6.]
 [ 6.  6.]
 [-4.  7.]
 [15.  6.]
 [ 7.  5.]
 [-5.  5.]
 [ 6.  6.]
 [-5.  6.]
 [15.  6.]
 [ 7.  5.]
 [-5.  4.]
 [ 6.  6.]
 [-5.  5.]
 [15.  6.]
 [ 7.  5.]
 [-5.  3.]
 [ 6.  6.]
 [-5.  4.]
 [15.  6.]
 [ 7.  5.]
 [-5.  2.]
 [ 6.  6.]
 [-5.  3.]
 [15.  6.]
 [ 7.  5.]
 [-5.  1.]
 [ 6.  6.]
 [-5.  2.]
 [15.  6.]
 [ 7.  5.]
 [-5.  0.]
 [ 6.  6.]
 [-5.  1.]
 [15.  6.]
 [ 7.  5.]
 [-5. -1.]
 [ 6.  6.]
 [-5.  0.]
 [15.  6.]
 [ 7.  5.]
 [-5. -1.]
 [ 6.  6.]
 [-5.  0.]
 [15.  6.]
 [ 7.  5.]
 [-5. -2.]
 [ 6.  6.]
 [-5. -1.]
 [15.  6.]]
