Maze:
##########################
#                        #
#                        #
#                        #
#                        #
#                        #
#     ##############     #
#     #   D        #     #
#     #C           #     #
#     #            #     #
#     #          B #     #
#     #            #     #
#     #     S      #     #
#     #            #     #
#     #            #     #
#     #            #     #
#     #            #     #
#     #            #     #
#     #         A  #     #
#     ##############     #
#                        #
#                        #
#                        #
#                        #
#                        #
##########################
[[ 6.  6.]
 [10. 12.]
 [11.  4.]
 [ 1.  2.]
 [ 4.  1.]
 [ 6.  6.]
 [10. 12.]
 [11.  4.]
 [ 0.  2.]
 [ 3.  1.]
 [ 6.  6.]
 [10. 13.]
 [11.  4.]
 [-1.  2.]
 [ 2.  1.]
 [ 6.  6.]
 [10. 13.]
 [11.  4.]
 [-2.  2.]
 [ 1.  1.]
 [ 6.  6.]
 [10. 13.]
 [11.  4.]
 [-3.  2.]
 [ 0.  1.]
 [ 6.  6.]
 [10. 13.]
 [11.  4.]
 [-4.  2.]
 [-1.  1.]
 [ 6.  6.]
 [10. 13.]
 [11.  4.]
 [-5.  2.]
 [-2.  1.]
 [ 6.  6.]
 [10. 13.]
 [11.  4.]
 [-5.  2.]
 [-3.  1.]
 [ 6.  6.]
 [10. 13.]
 [11.  4.]
 [-5.  2.]
 [-4.  1.]
 [ 6.  6.]
 [10. 13.]
 [11.  4.]
 [-5.  3.]
 [-5.  2.]
 [ 6.  6.]
 [10. 13.]
 [11.  4.]
 [-5.  4.]
 [-5.  3.]
 [ 6.  6.]
 [10. 13.]
 [11.  4.]
 [-5.  5.]
 [-5.  4.]
 [ 6.  6.]
 [10. 13.]
 [11.  4.]
 [-5.  6.]
 [-5.  5.]
 [ 6.  6.]
 [10. 13.]
 [11.  4.]
 [-5.  7.]
 [-5.  6.]
 [ 6.  6.]
 [10. 13.]
 [11.  4.]
 [-5.  8.]
 [-5.  7.]
 [ 6.  6.]
 [10. 13.]
 [11.  4.]
 [-5.  9.]
 [-5.  8.]
 [ 6.  6.]
 [10. 13.]
 [11.  4.]
 [-5. 10.]
 [-5.  9.]
 [ 6.  6.]
 [10. 13.]
 [11.  4.]
 [-5. 11.]
 [-5. 10.]
 [ 6.  6.]
 [10. 13.]
 [11.  4.]
 [-5. 12.]
 [-5. 11.]
 [ 6.  6.]
 [10. 13.]
 [11.  4.]
 [-5. 13.]
 [-5. 12.]
 [ 6.  6.]
 [10. 13.]
 [11.  4.]
 [-5. 13.]
 [-5. 12.]
 [ 6.  6.]
 [10. 13.]
 [11.  4.]
 [-5. 14.]
 [-5. 13.]]
