Maze:
##########################
#                        #
#                        #
#                        #
#                        #
#                        #
#     ##############     #
#     #     S      #     #
#     #          B #     #
#     #            #     #
#     #           A#     #
#     #         C  #     #
#     #     D      #     #
#     #            #     #
#     #            #     #
#     #            #     #
#     #            #     #
#     #            #     #
#     #            #     #
#     ##############     #
#                        #
#                        #
#                        #
#                        #
#                        #
##########################
[[ 6.  1.]
 [12.  4.]
 [11.  2.]
 [10.  5.]
 [ 6.  6.]
 [ 7.  1.]
 [13.  5.]
 [11.  3.]
 [11.  5.]
 [ 6.  6.]
 [ 8.  1.]
 [14.  6.]
 [11.  4.]
 [12.  5.]
 [ 6.  6.]
 [ 9.  2.]
 [15.  7.]
 [12.  5.]
 [13.  5.]
 [ 6.  6.]
 [10.  3.]
 [16.  8.]
 [13.  5.]
 [12.  6.]
 [ 6.  6.]
 [11.  4.]
 [17.  9.]
 [12.  6.]
 [13.  6.]
 [ 6.  6.]
 [12.  5.]
 [17. 10.]
 [13.  6.]
 [12.  7.]
 [ 6.  6.]
 [13.  6.]
 [17. 11.]
 [13.  7.]
 [13.  8.]
 [ 6.  6.]
 [13.  7.]
 [17. 12.]
 [13.  8.]
 [14.  7.]
 [ 6.  6.]
 [14.  8.]
 [17. 13.]
 [14.  9.]
 [15.  7.]
 [ 6.  6.]
 [14.  9.]
 [17. 14.]
 [14. 10.]
 [16.  6.]
 [ 6.  6.]
 [14. 10.]
 [17. 15.]
 [14. 11.]
 [17.  6.]
 [ 6.  6.]
 [14. 11.]
 [17. 16.]
 [14. 12.]
 [17.  6.]
 [ 6.  6.]
 [14. 12.]
 [17. 17.]
 [14. 13.]
 [17.  6.]
 [ 6.  6.]
 [14. 13.]
 [17. 17.]
 [14. 14.]
 [17.  6.]
 [ 6.  6.]
 [14. 14.]
 [17. 17.]
 [14. 15.]
 [17.  6.]
 [ 6.  6.]
 [14. 15.]
 [17. 17.]
 [14. 16.]
 [17.  6.]
 [ 6.  6.]
 [14. 16.]
 [17. 17.]
 [14. 17.]
 [17.  6.]
 [ 6.  6.]
 [14. 16.]
 [17. 17.]
 [14. 17.]
 [17.  6.]
 [ 6.  6.]]
