Maze:
##########################
#                        #
#                        #
#                        #
#                        #
#                        #
#     ##############     #
#     #            #     #
#     #            #     #
#     #            #     #
#     #           C#     #
#     #  S         #     #
#     #    DA      #     #
#     #            #     #
#     #            #     #
#     #            #     #
#     # B          #     #
#     #            #     #
#     #            #     #
#     ##############     #
#                        #
#                        #
#                        #
#                        #
#                        #
##########################
[[ 3.  5.]
 [ 6.  6.]
 [ 2. 10.]
 [12.  4.]
 [ 5.  6.]
 [ 3.  6.]
 [ 6.  6.]
 [ 2. 10.]
 [12.  4.]
 [ 5.  6.]
 [ 3.  7.]
 [ 6.  6.]
 [ 2. 10.]
 [12.  4.]
 [ 5.  6.]
 [ 3.  8.]
 [ 6.  6.]
 [ 2. 11.]
 [12.  4.]
 [ 5.  6.]
 [ 3.  9.]
 [ 6.  6.]
 [ 2. 12.]
 [12.  4.]
 [ 5.  6.]
 [ 3. 10.]
 [ 6.  6.]
 [ 2. 13.]
 [12.  4.]
 [ 5.  6.]
 [ 3. 11.]
 [ 6.  6.]
 [ 2. 14.]
 [12.  4.]
 [ 5.  6.]
 [ 3. 12.]
 [ 6.  6.]
 [ 2. 15.]
 [12.  4.]
 [ 5.  6.]
 [ 3. 13.]
 [ 6.  6.]
 [ 2. 16.]
 [12.  4.]
 [ 5.  6.]
 [ 3. 14.]
 [ 6.  6.]
 [ 2. 17.]
 [12.  4.]
 [ 5.  6.]
 [ 3. 15.]
 [ 6.  6.]
 [ 2. 17.]
 [12.  4.]
 [ 5.  6.]
 [ 3. 16.]
 [ 6.  6.]
 [ 2. 17.]
 [12.  4.]
 [ 5.  6.]
 [ 2. 17.]
 [ 6.  6.]
 [ 1. 17.]
 [12.  4.]
 [ 5.  6.]
 [ 1. 17.]
 [ 6.  6.]
 [ 0. 17.]
 [12.  4.]
 [ 5.  6.]
 [ 0. 17.]
 [ 6.  6.]
 [-1. 17.]
 [12.  4.]
 [ 5.  6.]
 [-1. 17.]
 [ 6.  6.]
 [-2. 17.]
 [12.  4.]
 [ 5.  6.]
 [-2. 17.]
 [ 6.  6.]
 [-3. 17.]
 [12.  4.]
 [ 5.  6.]
 [-3. 17.]
 [ 6.  6.]
 [-4. 17.]
 [12.  4.]
 [ 5.  6.]
 [-4. 17.]
 [ 6.  6.]
 [-5. 17.]
 [12.  4.]
 [ 5.  6.]
 [-4. 17.]
 [ 6.  6.]
 [-5. 17.]
 [12.  4.]
 [ 5.  6.]]
