Maze:
##########################
#                        #
#                        #
#                        #
#                        #
#                        #
#     ##############     #
#     #            #     #
#     #            #     #
#     #            #     #
#     #            #     #
#     #    B       #     #
#     #     D      #     #
#     #      A     #     #
#     #            #     #
#     #            #     #
#     #   C        #     #
#     #S           #     #
#     #            #     #
#     ##############     #
#                        #
#                        #
#                        #
#                        #
#                        #
##########################
[[ 1. 11.]
 [ 7.  7.]
 [ 5.  5.]
 [ 4. 10.]
 [ 6.  6.]
 [ 2. 11.]
 [ 7.  7.]
 [ 4.  5.]
 [ 5. 10.]
 [ 6.  6.]
 [ 3. 10.]
 [ 7.  7.]
 [ 4.  5.]
 [ 6. 10.]
 [ 6.  6.]
 [ 4. 10.]
 [ 7.  6.]
 [ 4.  5.]
 [ 7. 10.]
 [ 6.  6.]
 [ 5. 10.]
 [ 7.  6.]
 [ 5.  5.]
 [ 8. 10.]
 [ 6.  6.]
 [ 6. 10.]
 [ 7.  6.]
 [ 6.  4.]
 [ 9. 10.]
 [ 6.  6.]
 [ 7. 10.]
 [ 7.  6.]
 [ 7.  5.]
 [10. 10.]
 [ 6.  6.]
 [ 8.  9.]
 [ 7.  7.]
 [ 7.  6.]
 [11. 10.]
 [ 6.  6.]
 [ 8.  8.]
 [ 7.  8.]
 [ 7.  7.]
 [12. 10.]
 [ 6.  6.]
 [ 8.  8.]
 [ 6.  9.]
 [ 7.  7.]
 [12. 10.]
 [ 6.  6.]
 [ 7.  7.]
 [ 5. 10.]
 [ 6.  7.]
 [12. 10.]
 [ 6.  6.]
 [ 6.  7.]
 [ 5. 11.]
 [ 5.  7.]
 [12. 10.]
 [ 6.  6.]
 [ 5.  7.]
 [ 5. 12.]
 [ 4.  7.]
 [12. 10.]
 [ 6.  6.]
 [ 4.  7.]
 [ 5. 13.]
 [ 3.  7.]
 [12. 10.]
 [ 6.  6.]
 [ 3.  7.]
 [ 5. 14.]
 [ 2.  7.]
 [12. 10.]
 [ 6.  6.]
 [ 2.  7.]
 [ 5. 14.]
 [ 1.  7.]
 [12. 10.]
 [ 6.  6.]
 [ 1.  7.]
 [ 5. 14.]
 [ 0.  7.]
 [12. 10.]
 [ 6.  6.]
 [ 0.  7.]
 [ 5. 14.]
 [-1.  7.]
 [12. 10.]
 [ 6.  6.]
 [-1.  7.]
 [ 5. 14.]
 [-2.  7.]
 [12. 10.]
 [ 6.  6.]
 [-2.  7.]
 [ 5. 14.]
 [-3.  7.]
 [12. 10.]
 [ 6.  6.]
 [-2.  7.]
 [ 5. 14.]
 [-3.  7.]
 [12. 10.]
 [ 6.  6.]
 [-3.  7.]
 [ 5. 14.]
 [-4.  7.]
 [12. 10.]
 [ 6.  6.]]
