Maze:
##########################
#                        #
#                        #
#                        #
#                        #
#                        #
#     ##############     #
#     #            #     #
#     #            #     #
#     #            #     #
#     #            #     #
#     #          B #     #
#     #  S  A      #     #
#     #    D       #     #
#     #            #     #
#     #     C      #     #
#     #            #     #
#     #            #     #
#     #            #     #
#     ##############     #
#                        #
#                        #
#                        #
#                        #
#                        #
##########################
[[ 3.  6.]
 [ 6.  6.]
 [11.  5.]
 [ 6.  9.]
 [ 5.  7.]
 [ 4.  6.]
 [ 6.  6.]
 [11.  5.]
 [ 7. 10.]
 [ 6.  8.]
 [ 5.  6.]
 [ 6.  6.]
 [11.  5.]
 [ 8. 11.]
 [ 7.  9.]
 [ 5.  6.]
 [ 6.  6.]
 [11.  5.]
 [ 8. 12.]
 [ 7. 10.]
 [ 5.  6.]
 [ 6.  6.]
 [11.  5.]
 [ 8. 13.]
 [ 7. 11.]
 [ 5.  6.]
 [ 6.  6.]
 [11.  5.]
 [ 8. 14.]
 [ 7. 12.]
 [ 5.  6.]
 [ 6.  6.]
 [11.  5.]
 [ 8. 15.]
 [ 7. 13.]
 [ 5.  6.]
 [ 6.  6.]
 [11.  5.]
 [ 8. 16.]
 [ 7. 14.]
 [ 5.  6.]
 [ 6.  6.]
 [11.  5.]
 [ 8. 17.]
 [ 7. 15.]
 [ 5.  6.]
 [ 6.  6.]
 [11.  5.]
 [ 8. 17.]
 [ 7. 16.]
 [ 5.  6.]
 [ 6.  6.]
 [11.  5.]
 [ 9. 17.]
 [ 8. 17.]
 [ 5.  6.]
 [ 6.  6.]
 [11.  5.]
 [10. 17.]
 [ 9. 17.]
 [ 5.  6.]
 [ 6.  6.]
 [11.  5.]
 [11. 17.]
 [10. 17.]
 [ 5.  6.]
 [ 6.  6.]
 [11.  5.]
 [12. 17.]
 [11. 17.]
 [ 5.  6.]
 [ 6.  6.]
 [11.  5.]
 [13. 17.]
 [12. 17.]
 [ 5.  6.]
 [ 6.  6.]
 [11.  5.]
 [14. 17.]
 [13. 17.]
 [ 5.  6.]
 [ 6.  6.]
 [11.  5.]
 [15. 17.]
 [14. 17.]
 [ 5.  6.]
 [ 6.  6.]
 [11.  5.]
 [16. 17.]
 [15. 17.]
 [ 5.  6.]
 [ 6.  6.]
 [11.  5.]
 [17. 17.]
 [16. 17.]
 [ 5.  6.]
 [ 6.  6.]
 [11.  5.]
 [17. 17.]
 [16. 17.]]
