Maze:
##########################
#                        #
#                        #
#                        #
#                        #
#                        #
#     ##############     #
#     #A           #     #
#     #            #     #
#     #            #     #
#     #      C     #     #
#     #            #     #
#     #     B      #     #
#     #            #     #
#     #            #     #
#     #       D    #     #
#     #            #     #
#     #S           #     #
#     #            #     #
#     ##############     #
#                        #
#                        #
#                        #
#                        #
#                        #
##########################
[[ 1. 11.]
 [ 1.  1.]
 [ 6.  6.]
 [ 7.  4.]
 [ 8.  9.]
 [ 1. 10.]
 [ 1.  1.]
 [ 6.  6.]
 [ 6.  3.]
 [ 9. 10.]
 [ 2.  9.]
 [ 1.  1.]
 [ 6.  6.]
 [ 5.  3.]
 [10. 11.]
 [ 3.  8.]
 [ 0.  0.]
 [ 6.  6.]
 [ 4.  3.]
 [10. 11.]
 [ 4.  7.]
 [ 0.  0.]
 [ 6.  6.]
 [ 4.  2.]
 [11. 11.]
 [ 5.  6.]
 [-1.  0.]
 [ 6.  6.]
 [ 3.  1.]
 [11. 11.]
 [ 5.  6.]
 [-2.  0.]
 [ 6.  6.]
 [ 2.  1.]
 [11. 11.]
 [ 5.  6.]
 [-3.  0.]
 [ 6.  6.]
 [ 1.  1.]
 [11. 11.]
 [ 5.  6.]
 [-4.  0.]
 [ 6.  6.]
 [ 0.  1.]
 [11. 11.]
 [ 5.  6.]
 [-4.  0.]
 [ 6.  6.]
 [-1.  1.]
 [11. 11.]
 [ 5.  6.]
 [-5.  0.]
 [ 6.  6.]
 [-2.  1.]
 [11. 11.]
 [ 5.  6.]
 [-5.  0.]
 [ 6.  6.]
 [-3.  1.]
 [11. 11.]
 [ 5.  6.]
 [-5.  0.]
 [ 6.  6.]
 [-4.  1.]
 [11. 11.]
 [ 5.  6.]
 [-5. -1.]
 [ 6.  6.]
 [-5.  0.]
 [11. 11.]
 [ 5.  6.]
 [-5. -2.]
 [ 6.  6.]
 [-5. -1.]
 [11. 11.]
 [ 5.  6.]
 [-5. -3.]
 [ 6.  6.]
 [-5. -2.]
 [11. 11.]
 [ 5.  6.]
 [-5. -4.]
 [ 6.  6.]
 [-5. -3.]
 [11. 11.]
 [ 5.  6.]
 [-5. -5.]
 [ 6.  6.]
 [-5. -4.]
 [11. 11.]
 [ 5.  6.]
 [-5. -5.]
 [ 6.  6.]
 [-5. -4.]
 [11. 11.]]
