Maze:
##########################
#                        #
#                        #
#                        #
#                        #
#                        #
#     ##############     #
#     #   B        #     #
#     #            #     #
#     #            #     #
#     #            #     #
#     #        C   #     #
#     #     AD     #     #
#     #            #     #
#     #            #     #
#     #            #     #
#     #       S    #     #
#     #            #     #
#     #            #     #
#     ##############     #
#                        #
#                        #
#                        #
#                        #
#                        #
##########################
[[ 8. 10.]
 [ 6.  6.]
 [ 4.  1.]
 [ 9.  5.]
 [ 7.  6.]
 [ 8.  9.]
 [ 6.  6.]
 [ 4.  1.]
 [10.  4.]
 [ 7.  5.]
 [ 8.  8.]
 [ 6.  6.]
 [ 4.  1.]
 [11.  4.]
 [ 8.  6.]
 [ 7.  8.]
 [ 6.  6.]
 [ 4.  1.]
 [12.  3.]
 [ 8.  5.]
 [ 7.  7.]
 [ 6.  6.]
 [ 4.  1.]
 [13.  2.]
 [ 9.  4.]
 [ 7.  7.]
 [ 6.  6.]
 [ 4.  1.]
 [14.  2.]
 [10.  4.]
 [ 7.  7.]
 [ 6.  6.]
 [ 4.  1.]
 [15.  2.]
 [11.  4.]
 [ 7.  7.]
 [ 6.  6.]
 [ 4.  1.]
 [16.  2.]
 [12.  4.]
 [ 7.  7.]
 [ 6.  6.]
 [ 4.  1.]
 [17.  2.]
 [13.  4.]
 [ 7.  7.]
 [ 6.  6.]
 [ 4.  1.]
 [17.  2.]
 [14.  4.]
 [ 7.  7.]
 [ 6.  6.]
 [ 4.  1.]
 [17.  1.]
 [15.  4.]
 [ 7.  7.]
 [ 6.  6.]
 [ 4.  1.]
 [17.  0.]
 [16.  3.]
 [ 7.  7.]
 [ 6.  6.]
 [ 4.  1.]
 [17. -1.]
 [16.  2.]
 [ 7.  7.]
 [ 6.  6.]
 [ 4.  1.]
 [17. -2.]
 [16.  1.]
 [ 7.  7.]
 [ 6.  6.]
 [ 4.  1.]
 [17. -3.]
 [16.  0.]
 [ 7.  7.]
 [ 6.  6.]
 [ 4.  1.]
 [17. -4.]
 [16. -1.]
 [ 7.  7.]
 [ 6.  6.]
 [ 4.  1.]
 [17. -5.]
 [16. -2.]
 [ 7.  7.]
 [ 6.  6.]
 [ 4.  1.]
 [17. -5.]
 [16. -3.]
 [ 7.  7.]
 [ 6.  6.]
 [ 4.  1.]
 [17. -5.]
 [16. -4.]
 [ 7.  7.]
 [ 6.  6.]
 [ 4.  1.]
 [17. -5.]
 [16. -4.]]
