Maze:
##########################
#                        #
#                        #
#                        #
#                        #
#                        #
#     ##############     #
#     #           B#     #
#     #            #     #
#     #            #     #
#     #            #     #
#     #            #     #
#     #     D      #     #
#     #            #     #
#     #      A     #     #
#     #            #     #
#     #  C         #     #
#     #            #     #
#     #       S    #     #
#     ##############     #
#                        #
#                        #
#                        #
#                        #
#                        #
##########################
[[ 8. 12.]
 [ 7.  8.]
 [12.  1.]
 [ 3. 10.]
 [ 6.  6.]
 [ 7. 11.]
 [ 7.  7.]
 [12.  1.]
 [ 3. 10.]
 [ 6.  6.]
 [ 6. 10.]
 [ 7.  7.]
 [12.  1.]
 [ 2. 10.]
 [ 6.  6.]
 [ 5.  9.]
 [ 7.  7.]
 [12.  1.]
 [ 1. 10.]
 [ 6.  6.]
 [ 5.  9.]
 [ 7.  7.]
 [12.  1.]
 [ 0. 10.]
 [ 6.  6.]
 [ 5.  8.]
 [ 7.  7.]
 [12.  1.]
 [-1. 10.]
 [ 6.  6.]
 [ 6.  8.]
 [ 7.  6.]
 [12.  1.]
 [-1. 10.]
 [ 6.  6.]
 [ 7.  7.]
 [ 7.  6.]
 [12.  1.]
 [-1. 10.]
 [ 6.  6.]
 [ 7.  6.]
 [ 6.  5.]
 [12.  1.]
 [-1. 10.]
 [ 6.  6.]
 [ 8.  5.]
 [ 5.  6.]
 [12.  1.]
 [-1. 10.]
 [ 6.  6.]
 [ 9.  4.]
 [ 5.  6.]
 [12.  1.]
 [-1. 10.]
 [ 6.  6.]
 [10.  3.]
 [ 5.  6.]
 [12.  1.]
 [-1. 10.]
 [ 6.  6.]
 [11.  2.]
 [ 5.  6.]
 [13.  0.]
 [-1. 10.]
 [ 6.  6.]
 [12.  1.]
 [ 5.  6.]
 [14. -1.]
 [-1. 10.]
 [ 6.  6.]
 [13.  0.]
 [ 5.  6.]
 [15. -2.]
 [-1. 10.]
 [ 6.  6.]
 [14. -1.]
 [ 5.  6.]
 [16. -3.]
 [-1. 10.]
 [ 6.  6.]
 [15. -2.]
 [ 5.  6.]
 [17. -4.]
 [-1. 10.]
 [ 6.  6.]
 [16. -3.]
 [ 5.  6.]
 [17. -5.]
 [-1. 10.]
 [ 6.  6.]
 [16. -4.]
 [ 5.  6.]
 [17. -5.]
 [-1. 10.]
 [ 6.  6.]
 [16. -4.]
 [ 5.  6.]
 [17. -5.]
 [-1. 10.]
 [ 6.  6.]]
