Maze:
##########################
#                        #
#                        #
#                        #
#                        #
#                        #
#     ##############     #
#     #B           #     #
#     #     C      #     #
#     #            #     #
#     #            #     #
#     #            #     #
#     #     D S    #     #
#     #            #     #
#     #    A       #     #
#     #            #     #
#     #            #     #
#     #            #     #
#     #            #     #
#     ##############     #
#                        #
#                        #
#                        #
#                        #
#                        #
##########################
[[ 8.  6.]
 [ 5.  8.]
 [ 1.  1.]
 [ 6.  2.]
 [ 6.  6.]
 [ 8.  5.]
 [ 5.  7.]
 [ 1.  1.]
 [ 6.  1.]
 [ 6.  6.]
 [ 8.  4.]
 [ 5.  7.]
 [ 1.  1.]
 [ 6.  0.]
 [ 6.  6.]
 [ 7.  3.]
 [ 5.  7.]
 [ 1.  1.]
 [ 6. -1.]
 [ 6.  6.]
 [ 6.  2.]
 [ 5.  7.]
 [ 1.  1.]
 [ 6. -2.]
 [ 6.  6.]
 [ 5.  1.]
 [ 5.  7.]
 [ 1.  1.]
 [ 6. -3.]
 [ 6.  6.]
 [ 4.  0.]
 [ 5.  7.]
 [ 1.  1.]
 [ 6. -4.]
 [ 6.  6.]
 [ 3.  0.]
 [ 5.  7.]
 [ 0.  1.]
 [ 6. -5.]
 [ 6.  6.]
 [ 2.  0.]
 [ 5.  7.]
 [-1.  1.]
 [ 6. -5.]
 [ 6.  6.]
 [ 1.  0.]
 [ 5.  7.]
 [-2.  1.]
 [ 6. -5.]
 [ 6.  6.]
 [ 0.  0.]
 [ 5.  7.]
 [-3.  1.]
 [ 6. -5.]
 [ 6.  6.]
 [-1.  0.]
 [ 5.  7.]
 [-4.  1.]
 [ 6. -5.]
 [ 6.  6.]
 [-2.  0.]
 [ 5.  7.]
 [-5.  1.]
 [ 6. -5.]
 [ 6.  6.]
 [-3.  0.]
 [ 5.  7.]
 [-5.  1.]
 [ 6. -5.]
 [ 6.  6.]
 [-4.  0.]
 [ 5.  7.]
 [-5.  1.]
 [ 6. -5.]
 [ 6.  6.]
 [-5.  1.]
 [ 5.  7.]
 [-5.  2.]
 [ 6. -5.]
 [ 6.  6.]
 [-5.  2.]
 [ 5.  7.]
 [-5.  3.]
 [ 6. -5.]
 [ 6.  6.]
 [-5.  3.]
 [ 5.  7.]
 [-5.  4.]
 [ 6. -5.]
 [ 6.  6.]
 [-5.  4.]
 [ 5.  7.]
 [-5.  5.]
 [ 6. -5.]
 [ 6.  6.]
 [-5.  5.]
 [ 5.  7.]
 [-5.  6.]
 [ 6. -5.]
 [ 6.  6.]
 [-5.  5.]
 [ 5.  7.]
 [-5.  6.]
 [ 6. -5.]
 [ 6.  6.]
 [-5.  6.]
 [ 5.  7.]
 [-5.  7.]
 [ 6. -5.]
 [ 6.  6.]]
