Maze:
##########################
#                        #
#                        #
#                        #
#                        #
#                        #
#     ##############     #
#     #       C    #     #
#     #            #     #
#     #            #     #
#     #            #     #
#     #         S  #     #
#     #     D      #     #
#     #            #     #
#     #            #     #
#     #   B        #     #
#     #A           #     #
#     #            #     #
#     #            #     #
#     ##############     #
#                        #
#                        #
#                        #
#                        #
#                        #
##########################
[[10.  5.]
 [ 1. 10.]
 [ 4.  9.]
 [ 8.  1.]
 [ 6.  6.]
 [ 9.  4.]
 [ 0. 10.]
 [ 3.  9.]
 [ 8.  0.]
 [ 6.  6.]
 [ 9.  3.]
 [-1. 10.]
 [ 2.  9.]
 [ 8. -1.]
 [ 6.  6.]
 [ 9.  2.]
 [-2. 10.]
 [ 1.  9.]
 [ 8. -2.]
 [ 6.  6.]
 [ 9.  1.]
 [-3. 10.]
 [ 0.  9.]
 [ 8. -3.]
 [ 6.  6.]
 [ 9.  0.]
 [-4. 10.]
 [-1.  9.]
 [ 8. -4.]
 [ 6.  6.]
 [ 9. -1.]
 [-5. 10.]
 [-2.  9.]
 [ 8. -5.]
 [ 6.  6.]
 [ 9. -2.]
 [-5. 10.]
 [-3.  9.]
 [ 8. -5.]
 [ 6.  6.]
 [ 9. -3.]
 [-5. 10.]
 [-4.  9.]
 [ 8. -5.]
 [ 6.  6.]
 [ 9. -4.]
 [-5. 11.]
 [-5. 10.]
 [ 8. -5.]
 [ 6.  6.]
 [ 8. -5.]
 [-5. 12.]
 [-5. 11.]
 [ 7. -5.]
 [ 6.  6.]
 [ 7. -5.]
 [-5. 13.]
 [-5. 12.]
 [ 6. -5.]
 [ 6.  6.]
 [ 6. -5.]
 [-5. 14.]
 [-5. 13.]
 [ 5. -5.]
 [ 6.  6.]
 [ 5. -5.]
 [-5. 15.]
 [-5. 14.]
 [ 4. -5.]
 [ 6.  6.]
 [ 4. -5.]
 [-5. 16.]
 [-5. 15.]
 [ 3. -5.]
 [ 6.  6.]
 [ 3. -5.]
 [-5. 17.]
 [-5. 16.]
 [ 2. -5.]
 [ 6.  6.]
 [ 2. -5.]
 [-5. 17.]
 [-5. 16.]
 [ 1. -5.]
 [ 6.  6.]
 [ 1. -5.]
 [-5. 17.]
 [-5. 16.]
 [ 0. -5.]
 [ 6.  6.]
 [ 0. -5.]
 [-5. 17.]
 [-5. 16.]
 [-1. -5.]
 [ 6.  6.]
 [-1. -5.]
 [-5. 17.]
 [-5. 16.]
 [-2. -5.]
 [ 6.  6.]
 [-1. -5.]
 [-5. 17.]
 [-5. 16.]
 [-2. -5.]
 [ 6.  6.]
 [-2. -5.]
 [-5. 17.]
 [-5. 16.]
 [-3. -5.]
 [ 6.  6.]]
