Maze:
##########################
#                        #
#                        #
#                        #
#                        #
#                        #
#     ##############     #
#     #  D         #     #
#     #            #     #
#     #            #     #
#     #            #     #
#     #            #     #
#     # S   C      #     #
#     #            #     #
#     #            #     #
#     #            #     #
#     #         A  #     #
#     #           B#     #
#     #            #     #
#     ##############     #
#                        #
#                        #
#                        #
#                        #
#                        #
##########################
[[ 2.  6.]
 [10. 10.]
 [12. 11.]
 [ 6.  6.]
 [ 3.  1.]
 [ 3.  6.]
 [ 9. 10.]
 [11. 11.]
 [ 6.  6.]
 [ 3.  1.]
 [ 4.  6.]
 [ 8. 10.]
 [10. 11.]
 [ 6.  6.]
 [ 3.  1.]
 [ 5.  6.]
 [ 7. 10.]
 [ 9. 11.]
 [ 6.  6.]
 [ 3.  1.]
 [ 5.  6.]
 [ 6. 10.]
 [ 8. 11.]
 [ 6.  6.]
 [ 3.  1.]
 [ 5.  6.]
 [ 5. 10.]
 [ 7. 11.]
 [ 6.  6.]
 [ 3.  1.]
 [ 5.  6.]
 [ 4. 10.]
 [ 6. 11.]
 [ 6.  6.]
 [ 3.  1.]
 [ 5.  6.]
 [ 3. 10.]
 [ 5. 11.]
 [ 6.  6.]
 [ 3.  1.]
 [ 5.  6.]
 [ 2. 10.]
 [ 4. 11.]
 [ 6.  6.]
 [ 3.  1.]
 [ 5.  6.]
 [ 1. 10.]
 [ 3. 11.]
 [ 6.  6.]
 [ 3.  1.]
 [ 5.  6.]
 [ 0. 10.]
 [ 2. 11.]
 [ 6.  6.]
 [ 3.  1.]
 [ 5.  6.]
 [-1. 10.]
 [ 1. 11.]
 [ 6.  6.]
 [ 3.  1.]
 [ 5.  6.]
 [-2. 10.]
 [ 0. 11.]
 [ 6.  6.]
 [ 3.  1.]
 [ 5.  6.]
 [-3. 10.]
 [-1. 11.]
 [ 6.  6.]
 [ 3.  1.]
 [ 5.  6.]
 [-4. 10.]
 [-2. 11.]
 [ 6.  6.]
 [ 3.  1.]
 [ 5.  6.]
 [-5. 10.]
 [-3. 11.]
 [ 6.  6.]
 [ 3.  1.]
 [ 5.  6.]
 [-5. 10.]
 [-4. 11.]
 [ 6.  6.]
 [ 3.  1.]
 [ 5.  6.]
 [-5.  9.]
 [-5. 10.]
 [ 6.  6.]
 [ 3.  1.]
 [ 5.  6.]
 [-5.  8.]
 [-5.  9.]
 [ 6.  6.]
 [ 3.  1.]
 [ 5.  6.]
 [-5.  7.]
 [-5.  8.]
 [ 6.  6.]
 [ 3.  1.]
 [ 5.  6.]
 [-5.  7.]
 [-5.  8.]
 [ 6.  6.]
 [ 3.  1.]
 [ 5.  6.]
 [-5.  6.]
 [-5.  7.]
 [ 6.  6.]
 [ 3.  1.]]
