Maze:
##########################
#                        #
#                        #
#                        #
#                        #
#                        #
#     ##############     #
#     #            #     #
#     #            #     #
#     #B           #     #
#     #            #     #
#     #   S        #     #
#     #     A      #     #
#     #     D      #     #
#     #            #     #
#     #            #     #
#     #           C#     #
#     #            #     #
#     #            #     #
#     ##############     #
#                        #
#                        #
#                        #
#                        #
#                        #
##########################
[[ 4.  5.]
 [ 6.  6.]
 [ 1.  3.]
 [12. 10.]
 [ 6.  7.]
 [ 4.  4.]
 [ 6.  6.]
 [ 1.  3.]
 [12. 10.]
 [ 7.  6.]
 [ 3.  4.]
 [ 6.  6.]
 [ 0.  3.]
 [12. 10.]
 [ 6.  7.]
 [ 2.  4.]
 [ 6.  6.]
 [-1.  3.]
 [12. 10.]
 [ 7.  6.]
 [ 1.  4.]
 [ 6.  6.]
 [-2.  3.]
 [12. 10.]
 [ 7.  6.]
 [ 0.  4.]
 [ 6.  6.]
 [-3.  3.]
 [12. 10.]
 [ 7.  6.]
 [-1.  4.]
 [ 6.  6.]
 [-4.  3.]
 [12. 10.]
 [ 7.  6.]
 [-2.  4.]
 [ 6.  6.]
 [-5.  3.]
 [12. 10.]
 [ 7.  6.]
 [-3.  4.]
 [ 6.  6.]
 [-5.  3.]
 [12. 10.]
 [ 7.  6.]
 [-4.  4.]
 [ 6.  6.]
 [-5.  3.]
 [12. 10.]
 [ 7.  6.]
 [-5.  3.]
 [ 6.  6.]
 [-5.  2.]
 [12. 10.]
 [ 7.  6.]
 [-5.  2.]
 [ 6.  6.]
 [-5.  1.]
 [12. 10.]
 [ 7.  6.]
 [-5.  1.]
 [ 6.  6.]
 [-5.  0.]
 [12. 10.]
 [ 7.  6.]
 [-5.  0.]
 [ 6.  6.]
 [-5. -1.]
 [12. 10.]
 [ 7.  6.]
 [-5. -1.]
 [ 6.  6.]
 [-5. -2.]
 [12. 10.]
 [ 7.  6.]
 [-5. -2.]
 [ 6.  6.]
 [-5. -3.]
 [12. 10.]
 [ 7.  6.]
 [-5. -3.]
 [ 6.  6.]
 [-5. -4.]
 [12. 10.]
 [ 7.  6.]
 [-5. -4.]
 [ 6.  6.]
 [-5. -5.]
 [12. 10.]
 [ 7.  6.]
 [-5. -4.]
 [ 6.  6.]
 [-5. -5.]
 [12. 10.]
 [ 7.  6.]]
