Maze:
##########################
#                        #
#                        #
#                        #
#                        #
#                        #
#     ##############     #
#     #            #     #
#     #            #     #
#     #            #     #
#     #            #     #
#     #         B  #     #
#     #     D S    #     #
#     #            #     #
#     #            #     #
#     #            #     #
#     #            #     #
#     # A          #     #
#     #           C#     #
#     ##############     #
#                        #
#                        #
#                        #
#                        #
#                        #
##########################
[[ 8.  6.]
 [ 2. 11.]
 [10.  5.]
 [12. 12.]
 [ 6.  6.]
 [ 9.  6.]
 [ 2. 11.]
 [11.  5.]
 [12. 12.]
 [ 6.  6.]
 [10.  6.]
 [ 2. 11.]
 [12.  5.]
 [12. 12.]
 [ 6.  6.]
 [11.  6.]
 [ 2. 11.]
 [13.  5.]
 [12. 12.]
 [ 6.  6.]
 [12.  6.]
 [ 2. 11.]
 [14.  5.]
 [12. 12.]
 [ 6.  6.]
 [13.  6.]
 [ 2. 11.]
 [15.  5.]
 [12. 12.]
 [ 6.  6.]
 [14.  6.]
 [ 2. 11.]
 [16.  5.]
 [12. 12.]
 [ 6.  6.]
 [15.  6.]
 [ 2. 11.]
 [17.  5.]
 [12. 12.]
 [ 6.  6.]
 [16.  6.]
 [ 2. 11.]
 [17.  5.]
 [12. 12.]
 [ 6.  6.]
 [17.  5.]
 [ 2. 11.]
 [17.  4.]
 [12. 12.]
 [ 6.  6.]
 [17.  4.]
 [ 2. 11.]
 [17.  3.]
 [12. 12.]
 [ 6.  6.]
 [17.  3.]
 [ 2. 11.]
 [17.  2.]
 [12. 12.]
 [ 6.  6.]
 [17.  2.]
 [ 2. 11.]
 [17.  1.]
 [12. 12.]
 [ 6.  6.]
 [17.  1.]
 [ 2. 11.]
 [17.  0.]
 [12. 12.]
 [ 6.  6.]
 [17.  0.]
 [ 2. 11.]
 [17. -1.]
 [12. 12.]
 [ 6.  6.]
 [17. -1.]
 [ 2. 11.]
 [17. -2.]
 [12. 12.]
 [ 6.  6.]
 [17. -2.]
 [ 2. 11.]
 [17. -3.]
 [12. 12.]
 [ 6.  6.]
 [17. -3.]
 [ 2. 11.]
 [17. -4.]
 [12. 12.]
 [ 6.  6.]
 [17. -4.]
 [ 2. 11.]
 [17. -5.]
 [12. 12.]
 [ 6.  6.]
 [17. -4.]
 [ 2. 11.]
 [17. -5.]
 [12. 12.]
 [ 6.  6.]]
