Maze:
##########################
#                        #
#                        #
#                        #
#                        #
#                        #
#     ##############     #
#     #            #     #
#     #        S   #     #
#     #          B #     #
#     #   A        #     #
#     #            #     #
#     #     C      #     #
#     #            #     #
#     #            #     #
#     #            #     #
#     #            #     #
#     #    D       #     #
#     #            #     #
#     ##############     #
#                        #
#                        #
#                        #
#                        #
#                        #
##########################
[[ 9.  2.]
 [ 4.  4.]
 [11.  3.]
 [ 6.  6.]
 [ 5. 11.]
 [10.  3.]
 [ 3.  4.]
 [12.  4.]
 [ 6.  6.]
 [ 5. 11.]
 [11.  4.]
 [ 2.  4.]
 [13.  5.]
 [ 6.  6.]
 [ 5. 11.]
 [12.  5.]
 [ 2.  4.]
 [14.  6.]
 [ 6.  6.]
 [ 5. 11.]
 [13.  5.]
 [ 2.  4.]
 [15.  6.]
 [ 6.  6.]
 [ 5. 11.]
 [14.  5.]
 [ 2.  4.]
 [16.  6.]
 [ 6.  6.]
 [ 5. 11.]
 [15.  5.]
 [ 2.  4.]
 [17.  6.]
 [ 6.  6.]
 [ 5. 11.]
 [16.  5.]
 [ 2.  4.]
 [17.  6.]
 [ 6.  6.]
 [ 5. 11.]
 [17.  6.]
 [ 2.  4.]
 [17.  7.]
 [ 6.  6.]
 [ 5. 11.]
 [17.  7.]
 [ 2.  4.]
 [17.  8.]
 [ 6.  6.]
 [ 5. 11.]
 [17.  8.]
 [ 2.  4.]
 [17.  9.]
 [ 6.  6.]
 [ 5. 11.]
 [17.  9.]
 [ 2.  4.]
 [17. 10.]
 [ 6.  6.]
 [ 5. 11.]
 [17. 10.]
 [ 2.  4.]
 [17. 11.]
 [ 6.  6.]
 [ 5. 10.]
 [17. 11.]
 [ 2.  4.]
 [17. 12.]
 [ 6.  6.]
 [ 5.  9.]
 [17. 12.]
 [ 2.  4.]
 [17. 13.]
 [ 6.  6.]
 [ 5.  8.]
 [17. 13.]
 [ 2.  4.]
 [17. 14.]
 [ 6.  6.]
 [ 5.  7.]
 [17. 14.]
 [ 2.  4.]
 [17. 15.]
 [ 6.  6.]
 [ 5.  7.]
 [17. 15.]
 [ 2.  4.]
 [17. 16.]
 [ 6.  6.]
 [ 5.  7.]
 [17. 16.]
 [ 2.  4.]
 [17. 17.]
 [ 6.  6.]
 [ 5.  7.]
 [17. 16.]
 [ 2.  4.]
 [17. 17.]
 [ 6.  6.]
 [ 5.  7.]]
