Maze:
##########################
#                        #
#                        #
#                        #
#                        #
#                        #
#     ##############     #
#     #            #     #
#     #            #     #
#     #         B  #     #
#     #     C      #     #
#     #            #     #
#     #     D      #     #
#     #            #     #
#     #           S#     #
#     #            #     #
#     #            #     #
#     #   A        #     #
#     #            #     #
#     ##############     #
#                        #
#                        #
#                        #
#                        #
#                        #
##########################
[[12.  8.]
 [ 4. 11.]
 [10.  3.]
 [ 6.  4.]
 [ 6.  6.]
 [11.  7.]
 [ 4. 11.]
 [ 9.  3.]
 [ 6.  3.]
 [ 6.  6.]
 [10.  6.]
 [ 4. 11.]
 [ 8.  3.]
 [ 6.  2.]
 [ 6.  6.]
 [ 9.  5.]
 [ 4. 11.]
 [ 7.  2.]
 [ 6.  1.]
 [ 6.  6.]
 [ 9.  4.]
 [ 4. 11.]
 [ 6.  1.]
 [ 7.  1.]
 [ 6.  6.]
 [ 8.  3.]
 [ 4. 11.]
 [ 7.  1.]
 [ 6.  1.]
 [ 6.  6.]
 [ 8.  2.]
 [ 4. 11.]
 [ 6.  1.]
 [ 7.  0.]
 [ 6.  6.]
 [ 7.  1.]
 [ 4. 11.]
 [ 6.  1.]
 [ 7.  0.]
 [ 6.  6.]
 [ 6.  0.]
 [ 4. 11.]
 [ 5.  0.]
 [ 7. -1.]
 [ 6.  6.]
 [ 5.  0.]
 [ 4. 11.]
 [ 4.  0.]
 [ 8. -2.]
 [ 6.  6.]
 [ 4.  0.]
 [ 4. 11.]
 [ 3.  0.]
 [ 9. -3.]
 [ 6.  6.]
 [ 3.  0.]
 [ 4. 11.]
 [ 2.  0.]
 [ 9. -3.]
 [ 6.  6.]
 [ 2.  0.]
 [ 4. 11.]
 [ 1.  0.]
 [ 9. -3.]
 [ 6.  6.]
 [ 1.  0.]
 [ 4. 11.]
 [ 0.  0.]
 [ 9. -3.]
 [ 6.  6.]
 [ 0.  0.]
 [ 4. 11.]
 [-1.  0.]
 [ 9. -3.]
 [ 6.  6.]
 [-1.  0.]
 [ 4. 11.]
 [-2.  0.]
 [ 9. -3.]
 [ 6.  6.]
 [-2.  0.]
 [ 4. 11.]
 [-3.  0.]
 [ 9. -3.]
 [ 6.  6.]
 [-3.  0.]
 [ 4. 11.]
 [-4.  0.]
 [ 9. -3.]
 [ 6.  6.]
 [-4.  0.]
 [ 4. 11.]
 [-5.  0.]
 [ 9. -3.]
 [ 6.  6.]
 [-4.  0.]
 [ 4. 11.]
 [-5.  0.]
 [ 9. -3.]
 [ 6.  6.]]
