Maze:
##########################
#                        #
#                        #
#                        #
#                        #
#                        #
#     ##############     #
#     #            #     #
#     #            #     #
#     #            #     #
#     #     A      #     #
#     #            #     #
#     # D   B      #     #
#     #            #     #
#     #            #     #
#     #   C        #     #
#     #            #     #
#     #        S   #     #
#     #            #     #
#     ##############     #
#                        #
#                        #
#                        #
#                        #
#                        #
##########################
[[ 9. 11.]
 [ 6.  4.]
 [ 6.  6.]
 [ 4.  9.]
 [ 2.  6.]
 [ 8. 10.]
 [ 6.  3.]
 [ 6.  6.]
 [ 5. 10.]
 [ 1.  7.]
 [ 7. 10.]
 [ 6.  2.]
 [ 6.  6.]
 [ 5. 10.]
 [ 0.  7.]
 [ 6. 10.]
 [ 6.  1.]
 [ 6.  6.]
 [ 4. 10.]
 [ 0.  7.]
 [ 5. 10.]
 [ 6.  0.]
 [ 6.  6.]
 [ 3. 10.]
 [ 0.  7.]
 [ 4. 10.]
 [ 6. -1.]
 [ 6.  6.]
 [ 2. 10.]
 [ 0.  7.]
 [ 3. 10.]
 [ 6. -1.]
 [ 6.  6.]
 [ 1. 11.]
 [-1.  8.]
 [ 2. 10.]
 [ 6. -1.]
 [ 6.  6.]
 [ 1. 12.]
 [-2.  9.]
 [ 2. 11.]
 [ 6. -2.]
 [ 6.  6.]
 [ 1. 13.]
 [-3.  9.]
 [ 2. 12.]
 [ 6. -2.]
 [ 6.  6.]
 [ 1. 14.]
 [-3.  9.]
 [ 2. 13.]
 [ 6. -2.]
 [ 6.  6.]
 [ 1. 15.]
 [-3.  9.]
 [ 2. 14.]
 [ 6. -2.]
 [ 6.  6.]
 [ 1. 16.]
 [-3.  9.]
 [ 2. 15.]
 [ 6. -2.]
 [ 6.  6.]
 [ 1. 17.]
 [-3.  9.]
 [ 2. 16.]
 [ 6. -2.]
 [ 6.  6.]
 [ 1. 17.]
 [-3.  9.]
 [ 1. 17.]
 [ 6. -2.]
 [ 6.  6.]
 [ 0. 17.]
 [-3.  9.]
 [ 0. 17.]
 [ 6. -2.]
 [ 6.  6.]
 [-1. 17.]
 [-3.  9.]
 [-1. 17.]
 [ 6. -2.]
 [ 6.  6.]
 [-2. 17.]
 [-3.  9.]
 [-2. 17.]
 [ 6. -2.]
 [ 6.  6.]
 [-3. 17.]
 [-3.  9.]
 [-3. 17.]
 [ 6. -2.]
 [ 6.  6.]
 [-4. 17.]
 [-3.  9.]
 [-4. 17.]
 [ 6. -2.]
 [ 6.  6.]
 [-5. 17.]
 [-3.  9.]
 [-4. 17.]
 [ 6. -2.]
 [ 6.  6.]
 [-5. 17.]
 [-3.  9.]]
