Maze:
##########################
#                        #
#                        #
#                        #
#                        #
#                        #
#     ##############     #
#     #     S      #     #
#     #            #     #
#     #            #     #
#     #      C     #     #
#     #            #     #
#     #     B      #     #
#     #       A    #     #
#     #            #     #
#     #   D        #     #
#     #            #     #
#     #            #     #
#     #            #     #
#     ##############     #
#                        #
#                        #
#                        #
#                        #
#                        #
##########################
[[ 6.  1.]
 [ 8.  7.]
 [ 6.  6.]
 [ 7.  4.]
 [ 4.  9.]
 [ 6.  0.]
 [ 9.  8.]
 [ 6.  6.]
 [ 7.  3.]
 [ 4.  9.]
 [ 6. -1.]
 [10.  9.]
 [ 6.  6.]
 [ 7.  2.]
 [ 4.  9.]
 [ 6. -2.]
 [11.  9.]
 [ 6.  6.]
 [ 7.  1.]
 [ 4.  9.]
 [ 6. -3.]
 [12.  9.]
 [ 6.  6.]
 [ 7.  0.]
 [ 4.  9.]
 [ 6. -4.]
 [12.  9.]
 [ 6.  6.]
 [ 7. -1.]
 [ 4.  9.]
 [ 6. -5.]
 [12.  9.]
 [ 6.  6.]
 [ 7. -2.]
 [ 4.  9.]
 [ 6. -5.]
 [12.  9.]
 [ 6.  6.]
 [ 7. -3.]
 [ 4.  9.]
 [ 6. -5.]
 [12.  9.]
 [ 6.  6.]
 [ 7. -4.]
 [ 4.  9.]
 [ 5. -5.]
 [12.  9.]
 [ 6.  6.]
 [ 6. -5.]
 [ 4.  9.]
 [ 4. -5.]
 [12.  9.]
 [ 6.  6.]
 [ 5. -5.]
 [ 4.  9.]
 [ 3. -5.]
 [12.  9.]
 [ 6.  6.]
 [ 4. -5.]
 [ 4.  9.]
 [ 2. -5.]
 [12.  9.]
 [ 6.  6.]
 [ 3. -5.]
 [ 4.  9.]
 [ 1. -5.]
 [12.  9.]
 [ 6.  6.]
 [ 2. -5.]
 [ 4.  9.]
 [ 0. -5.]
 [12.  9.]
 [ 6.  6.]
 [ 1. -5.]
 [ 4.  9.]
 [-1. -5.]
 [12.  9.]
 [ 6.  6.]
 [ 0. -5.]
 [ 4.  9.]
 [-2. -5.]
 [12.  9.]
 [ 6.  6.]
 [-1. -5.]
 [ 4.  9.]
 [-3. -5.]
 [12.  9.]
 [ 6.  6.]
 [-2. -5.]
 [ 4.  9.]
 [-4. -5.]
 [12.  9.]
 [ 6.  6.]
 [-3. -5.]
 [ 4.  9.]
 [-5. -5.]
 [12.  9.]
 [ 6.  6.]
 [-4. -5.]
 [ 4.  9.]
 [-5. -5.]
 [12.  9.]
 [ 6.  6.]
 [-4. -5.]
 [ 4.  9.]]
