Maze:
##########################
#                        #
#                        #
#                        #
#                        #
#                        #
#     ##############     #
#     #          C #     #
#     #            #     #
#     #            #     #
#     #       A    #     #
#     #            #     #
#     #     S      #     #
#     #            #     #
#     #            #     #
#     #            #     #
#     #            #     #
#     #  B         #     #
#     #           D#     #
#     ##############     #
#                        #
#                        #
#                        #
#                        #
#                        #
##########################
[[ 6.  6.]
 [ 8.  4.]
 [ 3. 11.]
 [11.  1.]
 [12. 12.]
 [ 6.  6.]
 [ 9.  3.]
 [ 3. 11.]
 [11.  1.]
 [12. 12.]
 [ 6.  6.]
 [ 8.  3.]
 [ 3. 11.]
 [10.  1.]
 [12. 12.]
 [ 6.  6.]
 [ 7.  3.]
 [ 3. 11.]
 [ 9.  1.]
 [12. 12.]
 [ 6.  6.]
 [ 6.  2.]
 [ 3. 11.]
 [ 8.  1.]
 [12. 12.]
 [ 6.  6.]
 [ 5.  2.]
 [ 3. 11.]
 [ 7.  1.]
 [12. 12.]
 [ 6.  6.]
 [ 4.  2.]
 [ 3. 11.]
 [ 6.  1.]
 [12. 12.]
 [ 6.  6.]
 [ 3.  2.]
 [ 3. 11.]
 [ 5.  1.]
 [12. 12.]
 [ 6.  6.]
 [ 2.  2.]
 [ 3. 11.]
 [ 4.  1.]
 [12. 12.]
 [ 6.  6.]
 [ 1.  2.]
 [ 3. 11.]
 [ 3.  1.]
 [12. 12.]
 [ 6.  6.]
 [ 0.  2.]
 [ 3. 11.]
 [ 2.  1.]
 [12. 12.]
 [ 6.  6.]
 [-1.  2.]
 [ 3. 11.]
 [ 1.  1.]
 [12. 12.]
 [ 6.  6.]
 [-2.  2.]
 [ 3. 11.]
 [ 0.  1.]
 [12. 12.]
 [ 6.  6.]
 [-3.  2.]
 [ 3. 11.]
 [-1.  1.]
 [12. 12.]
 [ 6.  6.]
 [-4.  2.]
 [ 3. 11.]
 [-2.  1.]
 [12. 12.]
 [ 6.  6.]
 [-5.  2.]
 [ 3. 11.]
 [-3.  1.]
 [12. 12.]
 [ 6.  6.]
 [-5.  2.]
 [ 3. 11.]
 [-4.  1.]
 [12. 12.]
 [ 6.  6.]
 [-5.  3.]
 [ 3. 11.]
 [-5.  2.]
 [12. 12.]
 [ 6.  6.]
 [-5.  4.]
 [ 3. 11.]
 [-5.  3.]
 [12. 12.]
 [ 6.  6.]
 [-5.  5.]
 [ 3. 11.]
 [-5.  4.]
 [12. 12.]
 [ 6.  6.]
 [-5.  5.]
 [ 3. 11.]
 [-5.  4.]
 [12. 12.]
 [ 6.  6.]
 [-5.  6.]
 [ 3. 11.]
 [-5.  5.]
 [12. 12.]]
