Maze:
##########################
#                        #
#                        #
#                        #
#                        #
#                        #
#     ##############     #
#     #            #     #
#     #            #     #
#     #    D       #     #
#     #         A  #     #
#     #       C    #     #
#     #     B      #     #
#     #            #     #
#     #            #     #
#     #            #     #
#     #            #     #
#     #            #     #
#     #           S#     #
#     ##############     #
#                        #
#                        #
#                        #
#                        #
#                        #
##########################
[[12. 12.]
 [10.  4.]
 [ 6.  6.]
 [ 8.  5.]
 [ 5.  3.]
 [13. 13.]
 [11.  4.]
 [ 6.  6.]
 [ 9.  5.]
 [ 4.  3.]
 [13. 14.]
 [12.  4.]
 [ 6.  6.]
 [10.  5.]
 [ 4.  3.]
 [13. 15.]
 [13.  4.]
 [ 6.  6.]
 [11.  5.]
 [ 4.  3.]
 [13. 15.]
 [14.  4.]
 [ 6.  6.]
 [12.  5.]
 [ 4.  3.]
 [13. 16.]
 [15.  4.]
 [ 6.  6.]
 [13.  5.]
 [ 4.  3.]
 [13. 16.]
 [16.  4.]
 [ 6.  6.]
 [14.  5.]
 [ 4.  3.]
 [13. 16.]
 [17.  4.]
 [ 6.  6.]
 [15.  5.]
 [ 4.  3.]
 [13. 16.]
 [17.  4.]
 [ 6.  6.]
 [16.  5.]
 [ 4.  3.]
 [13. 16.]
 [17.  3.]
 [ 6.  6.]
 [17.  4.]
 [ 4.  3.]
 [13. 16.]
 [17.  2.]
 [ 6.  6.]
 [17.  3.]
 [ 4.  3.]
 [13. 16.]
 [17.  1.]
 [ 6.  6.]
 [17.  2.]
 [ 4.  3.]
 [13. 16.]
 [17.  0.]
 [ 6.  6.]
 [17.  1.]
 [ 4.  3.]
 [13. 16.]
 [17. -1.]
 [ 6.  6.]
 [17.  0.]
 [ 4.  3.]
 [13. 16.]
 [17. -2.]
 [ 6.  6.]
 [17. -1.]
 [ 4.  3.]
 [13. 16.]
 [17. -3.]
 [ 6.  6.]
 [17. -2.]
 [ 4.  3.]
 [13. 16.]
 [17. -4.]
 [ 6.  6.]
 [17. -3.]
 [ 4.  3.]
 [13. 16.]
 [17. -5.]
 [ 6.  6.]
 [17. -4.]
 [ 4.  3.]
 [13. 16.]
 [17. -5.]
 [ 6.  6.]
 [17. -4.]
 [ 4.  3.]]
