Maze:
##########################
#                        #
#                        #
#                        #
#                        #
#                        #
#     ##############     #
#     #            #     #
#     #            #     #
#     #  A         #     #
#     #            #     #
#     #            #     #
#     #     B      #     #
#     #            #     #
#     #      S     #     #
#     #            #     #
#     #            #     #
#     #   D        #     #
#     # C          #     #
#     ##############     #
#                        #
#                        #
#                        #
#                        #
#                        #
##########################
[[ 7.  8.]
 [ 3.  3.]
 [ 6.  6.]
 [ 2. 12.]
 [ 4. 11.]
 [ 8.  9.]
 [ 4.  4.]
 [ 6.  6.]
 [ 3. 12.]
 [ 5. 11.]
 [ 9.  9.]
 [ 5.  5.]
 [ 6.  6.]
 [ 4. 12.]
 [ 6. 11.]
 [10.  9.]
 [ 5.  5.]
 [ 6.  6.]
 [ 5. 12.]
 [ 7. 11.]
 [11.  9.]
 [ 5.  5.]
 [ 6.  6.]
 [ 6. 12.]
 [ 8. 11.]
 [12.  8.]
 [ 5.  5.]
 [ 6.  6.]
 [ 7. 12.]
 [ 9. 11.]
 [13.  7.]
 [ 5.  5.]
 [ 6.  6.]
 [ 8. 12.]
 [10. 11.]
 [13.  7.]
 [ 5.  5.]
 [ 6.  6.]
 [ 9. 12.]
 [11. 11.]
 [13.  6.]
 [ 5.  5.]
 [ 6.  6.]
 [10. 12.]
 [12. 11.]
 [13.  5.]
 [ 5.  5.]
 [ 6.  6.]
 [11. 12.]
 [13. 11.]
 [13.  5.]
 [ 5.  5.]
 [ 6.  6.]
 [12. 12.]
 [14. 11.]
 [13.  5.]
 [ 5.  5.]
 [ 6.  6.]
 [13. 12.]
 [15. 11.]
 [13.  5.]
 [ 5.  5.]
 [ 6.  6.]
 [14. 12.]
 [16. 11.]
 [13.  5.]
 [ 5.  5.]
 [ 6.  6.]
 [15. 12.]
 [17. 11.]
 [13.  5.]
 [ 5.  5.]
 [ 6.  6.]
 [16. 12.]
 [17. 11.]
 [13.  5.]
 [ 5.  5.]
 [ 6.  6.]
 [17. 11.]
 [17. 10.]
 [13.  5.]
 [ 5.  5.]
 [ 6.  6.]
 [17. 10.]
 [17.  9.]
 [13.  5.]
 [ 5.  5.]
 [ 6.  6.]
 [17.  9.]
 [17.  8.]
 [13.  5.]
 [ 5.  5.]
 [ 6.  6.]
 [17.  8.]
 [17.  7.]
 [13.  5.]
 [ 5.  5.]
 [ 6.  6.]
 [17.  7.]
 [17.  6.]
 [13.  5.]
 [ 5.  5.]
 [ 6.  6.]
 [17.  7.]
 [17.  6.]
 [13.  5.]
 [ 5.  5.]
 [ 6.  6.]
 [17.  6.]
 [17.  5.]]
