Maze:
##########################
#                        #
#                        #
#                        #
#                        #
#                        #
#     ##############     #
#     #         C  #     #
#     #            #     #
#     #            #     #
#     #            #     #
#     #            #     #
#     #     SB     #     #
#     #        D   #     #
#     #            #     #
#     #            #     #
#     #            #     #
#     #            #     #
#     #          A #     #
#     ##############     #
#                        #
#                        #
#                        #
#                        #
#                        #
##########################
[[ 6.  6.]
 [11. 12.]
 [ 7.  6.]
 [10.  1.]
 [ 9.  7.]
 [ 6.  6.]
 [10. 11.]
 [ 7.  5.]
 [10.  1.]
 [10.  7.]
 [ 6.  6.]
 [ 9. 10.]
 [ 7.  4.]
 [10.  1.]
 [11.  7.]
 [ 6.  6.]
 [ 8.  9.]
 [ 7.  3.]
 [11.  1.]
 [12.  7.]
 [ 6.  6.]
 [ 8.  8.]
 [ 7.  2.]
 [12.  1.]
 [13.  7.]
 [ 6.  6.]
 [ 7.  7.]
 [ 7.  1.]
 [13.  2.]
 [14.  7.]
 [ 6.  6.]
 [ 7.  7.]
 [ 7.  0.]
 [13.  3.]
 [15.  8.]
 [ 6.  6.]
 [ 7.  7.]
 [ 7. -1.]
 [13.  4.]
 [16.  9.]
 [ 6.  6.]
 [ 7.  7.]
 [ 7. -1.]
 [13.  5.]
 [17.  9.]
 [ 6.  6.]
 [ 7.  7.]
 [ 7. -1.]
 [13.  6.]
 [17.  9.]
 [ 6.  6.]
 [ 7.  7.]
 [ 7. -1.]
 [13.  7.]
 [17.  9.]
 [ 6.  6.]
 [ 7.  7.]
 [ 7. -1.]
 [14.  8.]
 [17.  9.]
 [ 6.  6.]
 [ 7.  7.]
 [ 7. -1.]
 [15.  8.]
 [17.  9.]
 [ 6.  6.]
 [ 7.  7.]
 [ 7. -1.]
 [16.  8.]
 [17.  9.]
 [ 6.  6.]
 [ 7.  7.]
 [ 7. -1.]
 [17.  9.]
 [17. 10.]
 [ 6.  6.]
 [ 7.  7.]
 [ 7. -1.]
 [17. 10.]
 [17. 11.]
 [ 6.  6.]
 [ 7.  7.]
 [ 7. -1.]
 [17. 11.]
 [17. 12.]
 [ 6.  6.]
 [ 7.  7.]
 [ 7. -1.]
 [17. 12.]
 [17. 13.]
 [ 6.  6.]
 [ 7.  7.]
 [ 7. -1.]
 [17. 13.]
 [17. 14.]
 [ 6.  6.]
 [ 7.  7.]
 [ 7. -1.]
 [17. 14.]
 [17. 15.]
 [ 6.  6.]
 [ 7.  7.]
 [ 7. -1.]
 [17. 14.]
 [17. 15.]
 [ 6.  6.]
 [ 7.  7.]
 [ 7. -1.]
 [17. 15.]
 [17. 16.]]
