Maze:
##########################
#                        #
#                        #
#                        #
#                        #
#                        #
#     ##############     #
#     #            #     #
#     #      C     #     #
#     #         D  #     #
#     #            #     #
#     #            #     #
#     #     B      #     #
#     #            #     #
#     #            #     #
#     #            #     #
#     #            #     #
#     #     A      #     #
#     #           S#     #
#     ##############     #
#                        #
#                        #
#                        #
#                        #
#                        #
##########################
[[12. 12.]
 [ 6. 11.]
 [ 6.  6.]
 [ 7.  2.]
 [10.  3.]
 [12. 12.]
 [ 7. 10.]
 [ 6.  6.]
 [ 8.  2.]
 [11.  3.]
 [12. 12.]
 [ 7.  9.]
 [ 6.  6.]
 [ 9.  2.]
 [12.  3.]
 [12. 12.]
 [ 7.  8.]
 [ 6.  6.]
 [10.  2.]
 [13.  3.]
 [12. 12.]
 [ 7.  7.]
 [ 6.  6.]
 [11.  2.]
 [14.  3.]
 [12. 12.]
 [ 7.  7.]
 [ 6.  6.]
 [12.  2.]
 [15.  3.]
 [12. 12.]
 [ 7.  7.]
 [ 6.  6.]
 [13.  2.]
 [16.  3.]
 [12. 12.]
 [ 7.  7.]
 [ 6.  6.]
 [14.  2.]
 [17.  3.]
 [12. 12.]
 [ 7.  7.]
 [ 6.  6.]
 [15.  2.]
 [17.  3.]
 [12. 12.]
 [ 7.  7.]
 [ 6.  6.]
 [16.  2.]
 [17.  3.]
 [12. 12.]
 [ 7.  7.]
 [ 6.  6.]
 [17.  3.]
 [17.  4.]
 [12. 12.]
 [ 7.  7.]
 [ 6.  6.]
 [17.  4.]
 [17.  5.]
 [12. 12.]
 [ 7.  7.]
 [ 6.  6.]
 [17.  5.]
 [17.  6.]
 [12. 12.]
 [ 7.  7.]
 [ 6.  6.]
 [17.  6.]
 [17.  7.]
 [12. 12.]
 [ 7.  7.]
 [ 6.  6.]
 [17.  7.]
 [17.  8.]
 [12. 12.]
 [ 7.  7.]
 [ 6.  6.]
 [17.  8.]
 [17.  9.]
 [12. 12.]
 [ 7.  7.]
 [ 6.  6.]
 [17.  9.]
 [17. 10.]
 [12. 12.]
 [ 7.  7.]
 [ 6.  6.]
 [17. 10.]
 [17. 11.]
 [12. 12.]
 [ 7.  7.]
 [ 6.  6.]
 [17. 11.]
 [17. 12.]
 [12. 12.]
 [ 7.  7.]
 [ 6.  6.]
 [17. 12.]
 [17. 13.]
 [12. 12.]
 [ 7.  7.]
 [ 6.  6.]
 [17. 12.]
 [17. 13.]
 [12. 12.]
 [ 7.  7.]
 [ 6.  6.]
 [17. 13.]
 [17. 14.]]
