Maze:
##########################
#                        #
#                        #
#                        #
#                        #
#                        #
#     ##############     #
#     #            #     #
#     #            #     #
#     #    C       #     #
#     #     B      #     #
#     #            #     #
#     #     A      #     #
#     #            #     #
#     #            #     #
#     #            #     #
#     #            #     #
#     #  D         #     #
#     #         S  #     #
#     ##############     #
#                        #
#                        #
#                        #
#                        #
#                        #
##########################
[[10. 12.]
 [ 6.  6.]
 [ 6.  4.]
 [ 5.  3.]
 [ 3. 11.]
 [10. 12.]
 [ 6.  6.]
 [ 6.  3.]
 [ 4.  2.]
 [ 3. 12.]
 [10. 12.]
 [ 6.  6.]
 [ 6.  2.]
 [ 3.  2.]
 [ 3. 13.]
 [10. 12.]
 [ 6.  6.]
 [ 5.  1.]
 [ 2.  2.]
 [ 3. 14.]
 [10. 12.]
 [ 6.  6.]
 [ 4.  1.]
 [ 1.  2.]
 [ 3. 14.]
 [10. 12.]
 [ 6.  6.]
 [ 3.  1.]
 [ 0.  2.]
 [ 3. 14.]
 [10. 12.]
 [ 6.  6.]
 [ 2.  1.]
 [-1.  2.]
 [ 3. 14.]
 [10. 12.]
 [ 6.  6.]
 [ 1.  1.]
 [-2.  2.]
 [ 3. 14.]
 [10. 12.]
 [ 6.  6.]
 [ 0.  1.]
 [-3.  2.]
 [ 3. 14.]
 [10. 12.]
 [ 6.  6.]
 [-1.  1.]
 [-4.  2.]
 [ 3. 14.]
 [10. 12.]
 [ 6.  6.]
 [-2.  1.]
 [-5.  2.]
 [ 3. 14.]
 [10. 12.]
 [ 6.  6.]
 [-3.  1.]
 [-5.  2.]
 [ 3. 14.]
 [10. 12.]
 [ 6.  6.]
 [-4.  1.]
 [-5.  2.]
 [ 3. 14.]
 [10. 12.]
 [ 6.  6.]
 [-5.  2.]
 [-5.  3.]
 [ 3. 14.]
 [10. 12.]
 [ 6.  6.]
 [-5.  3.]
 [-5.  4.]
 [ 3. 14.]
 [10. 12.]
 [ 6.  6.]
 [-5.  4.]
 [-5.  5.]
 [ 3. 14.]
 [10. 12.]
 [ 6.  6.]
 [-5.  5.]
 [-5.  6.]
 [ 3. 14.]
 [10. 12.]
 [ 6.  6.]
 [-5.  6.]
 [-5.  7.]
 [ 3. 14.]
 [10. 12.]
 [ 6.  6.]
 [-5.  7.]
 [-5.  8.]
 [ 3. 14.]
 [10. 12.]
 [ 6.  6.]
 [-5.  8.]
 [-5.  9.]
 [ 3. 14.]
 [10. 12.]
 [ 6.  6.]
 [-5.  8.]
 [-5.  9.]
 [ 3. 14.]
 [10. 12.]
 [ 6.  6.]
 [-5.  9.]
 [-5. 10.]
 [ 3. 14.]]
