Maze:
##########################
#                        #
#                        #
#                        #
#                        #
#                        #
#     ##############     #
#     #            #     #
#     #            #     #
#     #            #     #
#     #    S       #     #
#     #         D  #     #
#     #     A      #     #
#     #            #     #
#     #            #     #
#     #       B    #     #
#     #            #     #
#     #            #     #
#     #      C     #     #
#     ##############     #
#                        #
#                        #
#                        #
#                        #
#                        #
##########################
[[ 5.  4.]
 [ 6.  6.]
 [ 8.  9.]
 [ 7. 12.]
 [10.  5.]
 [ 5.  5.]
 [ 6.  6.]
 [ 8. 10.]
 [ 7. 13.]
 [11.  4.]
 [ 5.  5.]
 [ 6.  6.]
 [ 8. 11.]
 [ 7. 14.]
 [12.  3.]
 [ 5.  5.]
 [ 6.  6.]
 [ 8. 12.]
 [ 7. 15.]
 [13.  2.]
 [ 5.  5.]
 [ 6.  6.]
 [ 8. 13.]
 [ 7. 16.]
 [13.  2.]
 [ 5.  5.]
 [ 6.  6.]
 [ 8. 14.]
 [ 7. 17.]
 [13.  2.]
 [ 5.  5.]
 [ 6.  6.]
 [ 8. 15.]
 [ 7. 17.]
 [13.  2.]
 [ 5.  5.]
 [ 6.  6.]
 [ 8. 16.]
 [ 7. 17.]
 [13.  2.]
 [ 5.  5.]
 [ 6.  6.]
 [ 7. 17.]
 [ 6. 17.]
 [13.  2.]
 [ 5.  5.]
 [ 6.  6.]
 [ 6. 17.]
 [ 5. 17.]
 [13.  2.]
 [ 5.  5.]
 [ 6.  6.]
 [ 5. 17.]
 [ 4. 17.]
 [13.  2.]
 [ 5.  5.]
 [ 6.  6.]
 [ 4. 17.]
 [ 3. 17.]
 [13.  2.]
 [ 5.  5.]
 [ 6.  6.]
 [ 3. 17.]
 [ 2. 17.]
 [13.  2.]
 [ 5.  5.]
 [ 6.  6.]
 [ 2. 17.]
 [ 1. 17.]
 [13.  2.]
 [ 5.  5.]
 [ 6.  6.]
 [ 1. 17.]
 [ 0. 17.]
 [13.  2.]
 [ 5.  5.]
 [ 6.  6.]
 [ 0. 17.]
 [-1. 17.]
 [13.  2.]
 [ 5.  5.]
 [ 6.  6.]
 [-1. 17.]
 [-2. 17.]
 [13.  2.]
 [ 5.  5.]
 [ 6.  6.]
 [-2. 17.]
 [-3. 17.]
 [13.  2.]
 [ 5.  5.]
 [ 6.  6.]
 [-3. 17.]
 [-4. 17.]
 [13.  2.]
 [ 5.  5.]
 [ 6.  6.]
 [-4. 17.]
 [-5. 17.]
 [13.  2.]
 [ 5.  5.]
 [ 6.  6.]
 [-4. 17.]
 [-5. 17.]
 [13.  2.]]
