Maze:
##########################
#                        #
#                        #
#                        #
#                        #
#                        #
#     ##############     #
#     #           S#     #
#     #            #     #
#     #            #     #
#     #            #     #
#     #            #     #
#     #     A      #     #
#     #            #     #
#     #B           #     #
#     #            #     #
#     #      D     #     #
#     # C          #     #
#     #            #     #
#     ##############     #
#                        #
#                        #
#                        #
#                        #
#                        #
##########################
[[12.  1.]
 [ 6.  6.]
 [ 1.  8.]
 [ 2. 11.]
 [ 7. 10.]
 [12.  1.]
 [ 6.  6.]
 [ 0.  9.]
 [ 3. 12.]
 [ 8. 11.]
 [12.  1.]
 [ 6.  6.]
 [ 0.  9.]
 [ 4. 12.]
 [ 9. 11.]
 [12.  1.]
 [ 6.  6.]
 [ 0.  9.]
 [ 5. 12.]
 [10. 11.]
 [12.  1.]
 [ 6.  6.]
 [ 0.  9.]
 [ 6. 12.]
 [11. 11.]
 [12.  1.]
 [ 6.  6.]
 [ 0.  9.]
 [ 7. 12.]
 [12. 11.]
 [12.  1.]
 [ 6.  6.]
 [ 0.  9.]
 [ 8. 12.]
 [13. 11.]
 [12.  1.]
 [ 6.  6.]
 [ 0.  9.]
 [ 9. 12.]
 [14. 11.]
 [12.  1.]
 [ 6.  6.]
 [ 0.  9.]
 [10. 12.]
 [15. 11.]
 [12.  1.]
 [ 6.  6.]
 [ 0.  9.]
 [11. 12.]
 [16. 11.]
 [12.  1.]
 [ 6.  6.]
 [ 0.  9.]
 [12. 12.]
 [17. 11.]
 [12.  1.]
 [ 6.  6.]
 [ 0.  9.]
 [13. 12.]
 [17. 11.]
 [12.  1.]
 [ 6.  6.]
 [ 0.  9.]
 [14. 12.]
 [17. 11.]
 [12.  1.]
 [ 6.  6.]
 [ 0.  9.]
 [15. 12.]
 [17. 11.]
 [12.  1.]
 [ 6.  6.]
 [ 0.  9.]
 [16. 12.]
 [17. 11.]
 [12.  1.]
 [ 6.  6.]
 [ 0.  9.]
 [17. 11.]
 [17. 10.]
 [12.  1.]
 [ 6.  6.]
 [ 0.  9.]
 [17. 10.]
 [17.  9.]
 [12.  1.]
 [ 6.  6.]
 [ 0.  9.]
 [17.  9.]
 [17.  8.]
 [12.  1.]
 [ 6.  6.]
 [ 0.  9.]
 [17.  8.]
 [17.  7.]
 [12.  1.]
 [ 6.  6.]
 [ 0.  9.]
 [17.  7.]
 [17.  6.]
 [12.  1.]
 [ 6.  6.]
 [ 0.  9.]
 [17.  7.]
 [17.  6.]
 [12.  1.]
 [ 6.  6.]
 [ 0.  9.]
 [17.  6.]
 [17.  5.]]
