Maze:
##########################
#                        #
#                        #
#                        #
#                        #
#                        #
#     ##############     #
#     #            #     #
#     #            #     #
#     #            #     #
#     #            #     #
#     #  B         #     #
#     #     D      #     #
#     #            #     #
#     #        S   #     #
#     #            #     #
#     #            #     #
#     #C           #     #
#     # A          #     #
#     ##############     #
#                        #
#                        #
#                        #
#                        #
#                        #
##########################
[[ 9.  8.]
 [ 2. 12.]
 [ 3.  5.]
 [ 1. 11.]
 [ 6.  6.]
 [ 8.  8.]
 [ 1. 11.]
 [ 2.  5.]
 [ 0. 10.]
 [ 6.  6.]
 [ 7.  7.]
 [ 0. 10.]
 [ 1.  5.]
 [-1.  9.]
 [ 6.  6.]
 [ 7.  7.]
 [-1.  9.]
 [ 0.  5.]
 [-2.  8.]
 [ 6.  6.]
 [ 7.  7.]
 [-2.  8.]
 [-1.  5.]
 [-3.  7.]
 [ 6.  6.]
 [ 7.  7.]
 [-3.  7.]
 [-2.  5.]
 [-4.  6.]
 [ 6.  6.]
 [ 7.  7.]
 [-4.  6.]
 [-3.  5.]
 [-5.  5.]
 [ 6.  6.]
 [ 7.  7.]
 [-4.  5.]
 [-3.  4.]
 [-5.  4.]
 [ 6.  6.]
 [ 7.  7.]
 [-4.  4.]
 [-3.  3.]
 [-5.  3.]
 [ 6.  6.]
 [ 7.  7.]
 [-4.  3.]
 [-3.  2.]
 [-5.  2.]
 [ 6.  6.]
 [ 7.  7.]
 [-4.  2.]
 [-3.  1.]
 [-5.  1.]
 [ 6.  6.]
 [ 7.  7.]
 [-4.  1.]
 [-3.  0.]
 [-5.  0.]
 [ 6.  6.]
 [ 7.  7.]
 [-4.  0.]
 [-3. -1.]
 [-5. -1.]
 [ 6.  6.]
 [ 7.  7.]
 [-4. -1.]
 [-3. -2.]
 [-5. -2.]
 [ 6.  6.]
 [ 7.  7.]
 [-4. -2.]
 [-3. -3.]
 [-5. -3.]
 [ 6.  6.]
 [ 7.  7.]
 [-4. -3.]
 [-3. -4.]
 [-5. -4.]
 [ 6.  6.]
 [ 7.  7.]
 [-4. -4.]
 [-3. -5.]
 [-5. -5.]
 [ 6.  6.]
 [ 7.  7.]
 [-4. -5.]
 [-3. -5.]
 [-5. -5.]
 [ 6.  6.]
 [ 7.  7.]
 [-4. -5.]
 [-2. -5.]
 [-5. -5.]
 [ 6.  6.]
 [ 7.  7.]
 [-4. -5.]
 [-1. -5.]
 [-5. -5.]
 [ 6.  6.]
 [ 7.  7.]
 [-4. -5.]
 [-1. -5.]
 [-5. -5.]
 [ 6.  6.]]
