Maze:
##########################
#                        #
#                        #
#                        #
#                        #
#                        #
#     ##############     #
#     #     B      #     #
#     #         D  #     #
#     #            #     #
#     #    C       #     #
#     #            #     #
#     #     S      #     #
#     #            #     #
#     #            #     #
#     #            #     #
#     #            #     #
#     #            #     #
#     #      A     #     #
#     ##############     #
#                        #
#                        #
#                        #
#                        #
#                        #
##########################
[[ 6.  6.]
 [ 7. 12.]
 [ 6.  1.]
 [ 5.  4.]
 [10.  2.]
 [ 6.  6.]
 [ 7. 12.]
 [ 5.  1.]
 [ 4.  3.]
 [ 9.  1.]
 [ 6.  6.]
 [ 7. 12.]
 [ 4.  1.]
 [ 3.  4.]
 [ 8.  1.]
 [ 6.  6.]
 [ 7. 12.]
 [ 3.  1.]
 [ 2.  4.]
 [ 7.  0.]
 [ 6.  6.]
 [ 7. 12.]
 [ 2.  1.]
 [ 1.  5.]
 [ 6.  0.]
 [ 6.  6.]
 [ 7. 12.]
 [ 1.  1.]
 [ 0.  5.]
 [ 5.  0.]
 [ 6.  6.]
 [ 7. 12.]
 [ 0.  1.]
 [ 0.  5.]
 [ 4.  0.]
 [ 6.  6.]
 [ 7. 12.]
 [-1.  1.]
 [ 0.  5.]
 [ 3.  0.]
 [ 6.  6.]
 [ 7. 12.]
 [-2.  1.]
 [ 0.  5.]
 [ 2.  0.]
 [ 6.  6.]
 [ 7. 12.]
 [-3.  1.]
 [ 0.  5.]
 [ 1.  0.]
 [ 6.  6.]
 [ 7. 12.]
 [-4.  1.]
 [ 0.  5.]
 [ 0.  0.]
 [ 6.  6.]
 [ 7. 12.]
 [-5.  1.]
 [ 0.  4.]
 [-1.  0.]
 [ 6.  6.]
 [ 7. 12.]
 [-5.  1.]
 [ 0.  3.]
 [-2.  0.]
 [ 6.  6.]
 [ 7. 12.]
 [-5.  1.]
 [ 0.  2.]
 [-3.  0.]
 [ 6.  6.]
 [ 7. 12.]
 [-5.  1.]
 [-1.  1.]
 [-4.  0.]
 [ 6.  6.]
 [ 7. 12.]
 [-5.  2.]
 [-2.  0.]
 [-5.  1.]
 [ 6.  6.]
 [ 7. 13.]
 [-5.  3.]
 [-3.  0.]
 [-5.  2.]
 [ 6.  6.]
 [ 7. 13.]
 [-5.  4.]
 [-4.  0.]
 [-5.  3.]
 [ 6.  6.]
 [ 7. 13.]
 [-5.  5.]
 [-4.  1.]
 [-5.  4.]
 [ 6.  6.]
 [ 7. 13.]
 [-5.  6.]
 [-5.  2.]
 [-5.  5.]
 [ 6.  6.]
 [ 7. 13.]
 [-5.  6.]
 [-5.  2.]
 [-5.  5.]
 [ 6.  6.]
 [ 7. 13.]
 [-5.  7.]
 [-5.  3.]
 [-5.  6.]]
