Maze:
##########################
#                        #
#                        #
#                        #
#                        #
#                        #
#     ##############     #
#     #            #     #
#     #            #     #
#     #            #     #
#     #            #     #
#     #       D    #     #
#     #     C      #     #
#     #         B  #     #
#     #     S      #     #
#     #            #     #
#     #            #     #
#     #A           #     #
#     #            #     #
#     ##############     #
#                        #
#                        #
#                        #
#                        #
#                        #
##########################
[[ 6.  8.]
 [ 1. 11.]
 [10.  7.]
 [ 6.  6.]
 [ 8.  5.]
 [ 6.  7.]
 [ 1. 11.]
 [11.  8.]
 [ 6.  6.]
 [ 9.  5.]
 [ 6.  7.]
 [ 1. 11.]
 [12.  9.]
 [ 6.  6.]
 [10.  5.]
 [ 6.  7.]
 [ 1. 11.]
 [13. 10.]
 [ 6.  6.]
 [11.  5.]
 [ 6.  7.]
 [ 1. 11.]
 [13. 11.]
 [ 6.  6.]
 [12.  5.]
 [ 6.  7.]
 [ 1. 11.]
 [13. 12.]
 [ 6.  6.]
 [13.  6.]
 [ 6.  7.]
 [ 1. 11.]
 [13. 13.]
 [ 6.  6.]
 [14.  7.]
 [ 6.  7.]
 [ 1. 11.]
 [13. 14.]
 [ 6.  6.]
 [14.  8.]
 [ 6.  7.]
 [ 1. 11.]
 [13. 15.]
 [ 6.  6.]
 [14.  9.]
 [ 6.  7.]
 [ 1. 11.]
 [13. 16.]
 [ 6.  6.]
 [14. 10.]
 [ 6.  7.]
 [ 1. 11.]
 [13. 17.]
 [ 6.  6.]
 [14. 11.]
 [ 6.  7.]
 [ 1. 11.]
 [13. 17.]
 [ 6.  6.]
 [14. 12.]
 [ 6.  7.]
 [ 1. 11.]
 [13. 17.]
 [ 6.  6.]
 [14. 13.]
 [ 6.  7.]
 [ 1. 11.]
 [13. 17.]
 [ 6.  6.]
 [14. 14.]
 [ 6.  7.]
 [ 1. 11.]
 [13. 17.]
 [ 6.  6.]
 [14. 15.]
 [ 6.  7.]
 [ 1. 11.]
 [13. 17.]
 [ 6.  6.]
 [14. 16.]
 [ 6.  7.]
 [ 1. 11.]
 [12. 17.]
 [ 6.  6.]
 [13. 17.]
 [ 6.  7.]
 [ 1. 11.]
 [11. 17.]
 [ 6.  6.]
 [12. 17.]
 [ 6.  7.]
 [ 1. 11.]
 [10. 17.]
 [ 6.  6.]
 [11. 17.]
 [ 6.  7.]
 [ 1. 11.]
 [ 9. 17.]
 [ 6.  6.]
 [10. 17.]
 [ 6.  7.]
 [ 1. 11.]
 [ 9. 17.]
 [ 6.  6.]
 [10. 17.]
 [ 6.  7.]
 [ 1. 11.]
 [ 8. 17.]
 [ 6.  6.]
 [ 9. 17.]]
