Maze:
##########################
#                        #
#                        #
#                        #
#                        #
#                        #
#     ##############     #
#     #            #     #
#     #         S  #     #
#     #      B     #     #
#     #            #     #
#     #            #     #
#     #     A     D#     #
#     #            #     #
#     #            #     #
#     #    C       #     #
#     #            #     #
#     #            #     #
#     #            #     #
#     ##############     #
#                        #
#                        #
#                        #
#                        #
#                        #
##########################
[[10.  2.]
 [ 6.  6.]
 [ 7.  3.]
 [ 5.  9.]
 [12.  6.]
 [11.  2.]
 [ 6.  6.]
 [ 6.  3.]
 [ 5. 10.]
 [12.  6.]
 [11.  3.]
 [ 6.  6.]
 [ 5.  2.]
 [ 5. 11.]
 [12.  7.]
 [11.  4.]
 [ 6.  6.]
 [ 4.  1.]
 [ 5. 12.]
 [12.  8.]
 [11.  5.]
 [ 6.  6.]
 [ 4.  1.]
 [ 5. 13.]
 [12.  9.]
 [11.  6.]
 [ 6.  6.]
 [ 4.  1.]
 [ 5. 14.]
 [12. 10.]
 [11.  7.]
 [ 6.  6.]
 [ 4.  1.]
 [ 5. 14.]
 [12. 11.]
 [11.  8.]
 [ 6.  6.]
 [ 4.  1.]
 [ 5. 14.]
 [12. 12.]
 [11.  9.]
 [ 6.  6.]
 [ 4.  1.]
 [ 5. 15.]
 [12. 13.]
 [11. 10.]
 [ 6.  6.]
 [ 4.  1.]
 [ 5. 15.]
 [12. 14.]
 [11. 11.]
 [ 6.  6.]
 [ 4.  1.]
 [ 5. 15.]
 [12. 15.]
 [11. 12.]
 [ 6.  6.]
 [ 4.  1.]
 [ 5. 16.]
 [12. 16.]
 [11. 13.]
 [ 6.  6.]
 [ 4.  1.]
 [ 5. 16.]
 [12. 17.]
 [11. 14.]
 [ 6.  6.]
 [ 4.  1.]
 [ 5. 16.]
 [12. 17.]
 [11. 15.]
 [ 6.  6.]
 [ 4.  1.]
 [ 5. 16.]
 [12. 17.]
 [11. 16.]
 [ 6.  6.]
 [ 4.  1.]
 [ 5. 16.]
 [13. 17.]
 [12. 17.]
 [ 6.  6.]
 [ 4.  1.]
 [ 5. 16.]
 [14. 17.]
 [13. 17.]
 [ 6.  6.]
 [ 4.  1.]
 [ 5. 16.]
 [15. 17.]
 [14. 17.]
 [ 6.  6.]
 [ 4.  1.]
 [ 5. 16.]
 [16. 17.]
 [15. 17.]
 [ 6.  6.]
 [ 4.  1.]
 [ 5. 16.]
 [17. 17.]
 [15. 17.]
 [ 6.  6.]
 [ 4.  1.]
 [ 5. 16.]
 [17. 17.]
 [16. 17.]
 [ 6.  6.]
 [ 4.  1.]
 [ 5. 16.]
 [17. 17.]]
