Maze:
##########################
#                        #
#                        #
#                        #
#                        #
#                        #
#     ##############     #
#     #            #     #
#     #            #     #
#     #         D  #     #
#     #            #     #
#     #            #     #
#     #     A C    #     #
#     #            #     #
#     #B           #     #
#     #            #     #
#     #            #     #
#     #            #     #
#     # S          #     #
#     ##############     #
#                        #
#                        #
#                        #
#                        #
#                        #
##########################
[[ 2. 12.]
 [ 6.  6.]
 [ 1.  8.]
 [ 8.  6.]
 [10.  3.]
 [ 3. 13.]
 [ 6.  6.]
 [ 1.  8.]
 [ 9.  6.]
 [10.  2.]
 [ 4. 13.]
 [ 6.  6.]
 [ 1.  8.]
 [10.  6.]
 [10.  1.]
 [ 5. 13.]
 [ 6.  6.]
 [ 1.  8.]
 [11.  6.]
 [10.  1.]
 [ 6. 13.]
 [ 6.  6.]
 [ 1.  8.]
 [12.  5.]
 [10.  1.]
 [ 6. 13.]
 [ 6.  6.]
 [ 0.  8.]
 [12.  4.]
 [ 9.  1.]
 [ 6. 13.]
 [ 6.  6.]
 [ 0.  8.]
 [12.  3.]
 [ 8.  1.]
 [ 6. 13.]
 [ 6.  6.]
 [ 0.  8.]
 [12.  2.]
 [ 7.  1.]
 [ 6. 13.]
 [ 6.  6.]
 [ 0.  8.]
 [12.  1.]
 [ 6.  1.]
 [ 6. 13.]
 [ 6.  6.]
 [ 0.  8.]
 [12.  1.]
 [ 5.  1.]
 [ 6. 13.]
 [ 6.  6.]
 [-1.  8.]
 [12.  1.]
 [ 5.  2.]
 [ 6. 13.]
 [ 6.  6.]
 [-2.  8.]
 [12.  1.]
 [ 5.  3.]
 [ 6. 13.]
 [ 6.  6.]
 [-2.  8.]
 [12.  1.]
 [ 5.  4.]
 [ 6. 13.]
 [ 6.  6.]
 [-3.  8.]
 [12.  1.]
 [ 5.  5.]
 [ 6. 12.]
 [ 6.  6.]
 [-4.  8.]
 [12.  1.]
 [ 5.  5.]
 [ 6. 11.]
 [ 6.  6.]
 [-4.  8.]
 [12.  1.]
 [ 5.  5.]
 [ 6. 10.]
 [ 6.  6.]
 [-4.  8.]
 [12.  1.]
 [ 5.  5.]
 [ 6.  9.]
 [ 6.  6.]
 [-4.  8.]
 [12.  1.]
 [ 5.  5.]
 [ 6.  8.]
 [ 6.  6.]
 [-4.  8.]
 [12.  1.]
 [ 5.  5.]
 [ 6.  7.]
 [ 6.  6.]
 [-4.  8.]
 [12.  1.]
 [ 5.  5.]
 [ 6.  7.]
 [ 6.  6.]
 [-4.  8.]
 [12.  1.]
 [ 5.  5.]
 [ 6.  7.]
 [ 6.  6.]
 [-4.  8.]
 [12.  1.]
 [ 6.  5.]]
