Maze:
##########################
#                        #
#                        #
#                        #
#                        #
#                        #
#     ##############     #
#     #            #     #
#     #            #     #
#     #      D     #     #
#     #          C #     #
#     #            #     #
#     #     S     A#     #
#     #            #     #
#     #            #     #
#     #            #     #
#     #            #     #
#     #            #     #
#     #    B       #     #
#     ##############     #
#                        #
#                        #
#                        #
#                        #
#                        #
##########################
[[ 6.  6.]
 [12.  6.]
 [ 5. 12.]
 [11.  4.]
 [ 7.  3.]
 [ 6.  6.]
 [12.  5.]
 [ 5. 13.]
 [11.  3.]
 [ 7.  2.]
 [ 6.  6.]
 [12.  4.]
 [ 5. 13.]
 [10.  2.]
 [ 7.  1.]
 [ 6.  6.]
 [11.  3.]
 [ 5. 13.]
 [ 9.  1.]
 [ 6.  0.]
 [ 6.  6.]
 [10.  2.]
 [ 5. 13.]
 [ 8.  0.]
 [ 5. -1.]
 [ 6.  6.]
 [ 9.  1.]
 [ 5. 13.]
 [ 7. -1.]
 [ 4. -1.]
 [ 6.  6.]
 [ 8.  0.]
 [ 5. 13.]
 [ 6. -2.]
 [ 3. -1.]
 [ 6.  6.]
 [ 7. -1.]
 [ 5. 13.]
 [ 5. -2.]
 [ 2. -1.]
 [ 6.  6.]
 [ 6. -1.]
 [ 5. 13.]
 [ 4. -2.]
 [ 1. -1.]
 [ 6.  6.]
 [ 5. -1.]
 [ 5. 13.]
 [ 3. -2.]
 [ 0. -1.]
 [ 6.  6.]
 [ 4. -1.]
 [ 5. 13.]
 [ 2. -2.]
 [-1. -1.]
 [ 6.  6.]
 [ 3. -1.]
 [ 5. 13.]
 [ 1. -2.]
 [-2. -1.]
 [ 6.  6.]
 [ 2. -1.]
 [ 5. 13.]
 [ 0. -2.]
 [-3. -1.]
 [ 6.  6.]
 [ 1. -1.]
 [ 5. 13.]
 [-1. -2.]
 [-4. -1.]
 [ 6.  6.]
 [ 0. -1.]
 [ 5. 13.]
 [-2. -2.]
 [-5. -1.]
 [ 6.  6.]
 [-1. -1.]
 [ 5. 13.]
 [-3. -2.]
 [-5. -1.]
 [ 6.  6.]
 [-2. -1.]
 [ 5. 13.]
 [-4. -2.]
 [-5.  0.]
 [ 6.  6.]
 [-3. -1.]
 [ 5. 13.]
 [-5. -2.]
 [-5.  1.]
 [ 6.  6.]
 [-4. -1.]
 [ 5. 13.]
 [-5. -2.]
 [-4.  2.]
 [ 6.  6.]
 [-5. -2.]
 [ 5. 13.]
 [-5. -3.]
 [-4.  2.]
 [ 6.  6.]
 [-5. -2.]
 [ 5. 13.]
 [-5. -3.]
 [-4.  2.]
 [ 6.  6.]
 [-5. -3.]
 [ 5. 13.]
 [-5. -4.]
 [-4.  2.]]
