Maze:
##########################
#                        #
#                        #
#                        #
#                        #
#                        #
#     ##############     #
#     #            #     #
#     #            #     #
#     #            #     #
#     #            #     #
#     #  B         #     #
#     #     A  C   #     #
#     #            #     #
#     #     S      #     #
#     #            #     #
#     #            #     #
#     #          D #     #
#     #            #     #
#     ##############     #
#                        #
#                        #
#                        #
#                        #
#                        #
##########################
[[ 6.  8.]
 [ 6.  6.]
 [ 3.  5.]
 [ 9.  6.]
 [11. 11.]
 [ 6.  7.]
 [ 6.  6.]
 [ 4.  6.]
 [10.  6.]
 [11. 11.]
 [ 6.  7.]
 [ 6.  6.]
 [ 5.  6.]
 [11.  6.]
 [11. 11.]
 [ 6.  7.]
 [ 6.  6.]
 [ 5.  6.]
 [12.  7.]
 [11. 11.]
 [ 6.  7.]
 [ 6.  6.]
 [ 5.  6.]
 [12.  8.]
 [11. 11.]
 [ 6.  7.]
 [ 6.  6.]
 [ 5.  6.]
 [12.  9.]
 [11. 11.]
 [ 6.  7.]
 [ 6.  6.]
 [ 5.  6.]
 [12. 10.]
 [10. 12.]
 [ 6.  7.]
 [ 6.  6.]
 [ 5.  6.]
 [11. 11.]
 [ 9. 12.]
 [ 6.  7.]
 [ 6.  6.]
 [ 5.  6.]
 [10. 12.]
 [ 8. 12.]
 [ 6.  7.]
 [ 6.  6.]
 [ 5.  6.]
 [ 9. 12.]
 [ 7. 12.]
 [ 6.  7.]
 [ 6.  6.]
 [ 5.  6.]
 [ 8. 12.]
 [ 6. 12.]
 [ 6.  7.]
 [ 6.  6.]
 [ 5.  6.]
 [ 7. 12.]
 [ 5. 12.]
 [ 6.  7.]
 [ 6.  6.]
 [ 5.  6.]
 [ 6. 12.]
 [ 4. 12.]
 [ 6.  7.]
 [ 6.  6.]
 [ 5.  6.]
 [ 5. 12.]
 [ 3. 12.]
 [ 6.  7.]
 [ 6.  6.]
 [ 5.  6.]
 [ 4. 12.]
 [ 2. 12.]
 [ 6.  7.]
 [ 6.  6.]
 [ 5.  6.]
 [ 3. 12.]
 [ 1. 12.]
 [ 6.  7.]
 [ 6.  6.]
 [ 5.  6.]
 [ 2. 12.]
 [ 0. 12.]
 [ 6.  7.]
 [ 6.  6.]
 [ 5.  6.]
 [ 1. 12.]
 [-1. 12.]
 [ 6.  7.]
 [ 6.  6.]
 [ 5.  6.]
 [ 0. 12.]
 [-2. 12.]
 [ 6.  7.]
 [ 6.  6.]
 [ 5.  6.]
 [-1. 12.]
 [-3. 12.]
 [ 6.  7.]
 [ 6.  6.]
 [ 5.  6.]
 [-1. 12.]
 [-3. 12.]
 [ 6.  7.]
 [ 6.  6.]
 [ 5.  6.]
 [-2. 12.]
 [-4. 12.]]
