Maze:
##########################
#                        #
#                        #
#                        #
#                        #
#                        #
#     ##############     #
#     #            #     #
#     #            #     #
#     #            #     #
#     #      C     #     #
#     #A           #     #
#     #     B      #     #
#     # S          #     #
#     #            #     #
#     #            #     #
#     #     D      #     #
#     #            #     #
#     #            #     #
#     ##############     #
#                        #
#                        #
#                        #
#                        #
#                        #
##########################
[[ 2.  7.]
 [ 1.  5.]
 [ 6.  6.]
 [ 7.  4.]
 [ 6. 10.]
 [ 2.  6.]
 [ 1.  4.]
 [ 6.  6.]
 [ 8.  4.]
 [ 5. 11.]
 [ 2.  5.]
 [ 1.  3.]
 [ 6.  6.]
 [ 8.  4.]
 [ 4. 11.]
 [ 2.  4.]
 [ 1.  2.]
 [ 6.  6.]
 [ 8.  4.]
 [ 3. 11.]
 [ 2.  3.]
 [ 1.  1.]
 [ 6.  6.]
 [ 8.  4.]
 [ 3. 11.]
 [ 2.  2.]
 [ 1.  0.]
 [ 6.  6.]
 [ 8.  4.]
 [ 3. 11.]
 [ 2.  1.]
 [ 1. -1.]
 [ 6.  6.]
 [ 8.  4.]
 [ 3. 11.]
 [ 2.  0.]
 [ 1. -2.]
 [ 6.  6.]
 [ 8.  4.]
 [ 3. 11.]
 [ 2. -1.]
 [ 1. -3.]
 [ 6.  6.]
 [ 8.  4.]
 [ 3. 11.]
 [ 2. -2.]
 [ 1. -4.]
 [ 6.  6.]
 [ 8.  4.]
 [ 3. 11.]
 [ 2. -3.]
 [ 1. -5.]
 [ 6.  6.]
 [ 8.  4.]
 [ 3. 12.]
 [ 2. -4.]
 [ 1. -5.]
 [ 6.  6.]
 [ 8.  4.]
 [ 3. 12.]
 [ 1. -5.]
 [ 0. -5.]
 [ 6.  6.]
 [ 8.  4.]
 [ 3. 12.]
 [ 0. -5.]
 [-1. -5.]
 [ 6.  6.]
 [ 8.  4.]
 [ 3. 12.]
 [-1. -5.]
 [-2. -5.]
 [ 6.  6.]
 [ 8.  4.]
 [ 3. 12.]
 [-2. -5.]
 [-3. -5.]
 [ 6.  6.]
 [ 8.  4.]
 [ 3. 12.]
 [-3. -5.]
 [-4. -5.]
 [ 6.  6.]
 [ 8.  4.]
 [ 3. 12.]
 [-4. -5.]
 [-5. -5.]
 [ 6.  6.]
 [ 8.  4.]
 [ 3. 12.]
 [-4. -5.]
 [-5. -5.]
 [ 6.  6.]
 [ 8.  4.]
 [ 3. 12.]]
