Maze:
##########################
#                        #
#                        #
#                        #
#                        #
#                        #
#     ##############     #
#     #            #     #
#     #            #     #
#     #B           #     #
#     #            #     #
#     #            #     #
#     #    AS      #     #
#     #           C#     #
#     #            #     #
#     #       D    #     #
#     #            #     #
#     #            #     #
#     #            #     #
#     ##############     #
#                        #
#                        #
#                        #
#                        #
#                        #
##########################
[[ 6.  6.]
 [ 5.  6.]
 [ 1.  3.]
 [12.  7.]
 [ 8.  9.]
 [ 6.  6.]
 [ 5.  6.]
 [ 2.  3.]
 [13.  7.]
 [ 9.  9.]
 [ 6.  6.]
 [ 5.  6.]
 [ 3.  4.]
 [14.  7.]
 [10.  9.]
 [ 6.  6.]
 [ 5.  6.]
 [ 4.  5.]
 [15.  7.]
 [11.  8.]
 [ 6.  6.]
 [ 5.  6.]
 [ 4.  5.]
 [16.  7.]
 [12.  8.]
 [ 6.  6.]
 [ 5.  6.]
 [ 4.  5.]
 [17.  7.]
 [13.  8.]
 [ 6.  6.]
 [ 5.  6.]
 [ 4.  5.]
 [17.  7.]
 [14.  8.]
 [ 6.  6.]
 [ 5.  6.]
 [ 4.  5.]
 [17.  7.]
 [15.  8.]
 [ 6.  6.]
 [ 5.  6.]
 [ 4.  5.]
 [17.  7.]
 [16.  8.]
 [ 6.  6.]
 [ 5.  6.]
 [ 4.  5.]
 [17.  6.]
 [17.  7.]
 [ 6.  6.]
 [ 5.  6.]
 [ 4.  5.]
 [17.  5.]
 [17.  6.]
 [ 6.  6.]
 [ 5.  6.]
 [ 4.  5.]
 [17.  4.]
 [17.  5.]
 [ 6.  6.]
 [ 5.  6.]
 [ 4.  5.]
 [17.  3.]
 [17.  4.]
 [ 6.  6.]
 [ 5.  6.]
 [ 4.  5.]
 [17.  2.]
 [17.  3.]
 [ 6.  6.]
 [ 5.  6.]
 [ 4.  5.]
 [17.  1.]
 [17.  2.]
 [ 6.  6.]
 [ 5.  6.]
 [ 4.  5.]
 [17.  0.]
 [17.  1.]
 [ 6.  6.]
 [ 5.  6.]
 [ 4.  5.]
 [17. -1.]
 [17.  0.]
 [ 6.  6.]
 [ 5.  6.]
 [ 4.  5.]
 [17. -2.]
 [17. -1.]
 [ 6.  6.]
 [ 5.  6.]
 [ 4.  5.]
 [17. -3.]
 [17. -2.]
 [ 6.  6.]
 [ 5.  6.]
 [ 4.  5.]
 [17. -4.]
 [17. -3.]
 [ 6.  6.]
 [ 5.  6.]
 [ 4.  5.]
 [17. -4.]
 [17. -3.]
 [ 6.  6.]
 [ 5.  6.]
 [ 4.  5.]
 [17. -5.]
 [17. -4.]]
