Maze:
##########################
#                        #
#                        #
#                        #
#                        #
#                        #
#     ##############     #
#     #    B       #     #
#     #            #     #
#     #            #     #
#     #            #     #
#     #         C  #     #
#     #     S D    #     #
#     #            #     #
#     #            #     #
#     #            #     #
#     #            #     #
#     #            #     #
#     #        A   #     #
#     ##############     #
#                        #
#                        #
#                        #
#                        #
#                        #
##########################
[[ 6.  6.]
 [ 9. 12.]
 [ 5.  1.]
 [10.  5.]
 [ 8.  6.]
 [ 6.  6.]
 [ 9. 11.]
 [ 5.  1.]
 [11.  5.]
 [ 9.  6.]
 [ 6.  6.]
 [ 9. 10.]
 [ 5.  1.]
 [12.  5.]
 [10.  6.]
 [ 6.  6.]
 [ 9.  9.]
 [ 5.  1.]
 [13.  5.]
 [11.  6.]
 [ 6.  6.]
 [ 8.  8.]
 [ 5.  1.]
 [14.  5.]
 [12.  6.]
 [ 6.  6.]
 [ 7.  7.]
 [ 5.  1.]
 [15.  5.]
 [13.  6.]
 [ 6.  6.]
 [ 7.  7.]
 [ 5.  2.]
 [16.  5.]
 [14.  6.]
 [ 6.  6.]
 [ 7.  7.]
 [ 5.  3.]
 [17.  5.]
 [15.  6.]
 [ 6.  6.]
 [ 7.  7.]
 [ 5.  4.]
 [17.  5.]
 [16.  6.]
 [ 6.  6.]
 [ 7.  7.]
 [ 6.  5.]
 [17.  4.]
 [17.  5.]
 [ 6.  6.]
 [ 7.  7.]
 [ 6.  5.]
 [17.  3.]
 [17.  4.]
 [ 6.  6.]
 [ 7.  7.]
 [ 6.  5.]
 [17.  2.]
 [17.  3.]
 [ 6.  6.]
 [ 7.  7.]
 [ 6.  5.]
 [17.  1.]
 [17.  2.]
 [ 6.  6.]
 [ 7.  7.]
 [ 6.  5.]
 [17.  0.]
 [17.  1.]
 [ 6.  6.]
 [ 7.  7.]
 [ 6.  5.]
 [17. -1.]
 [17.  0.]
 [ 6.  6.]
 [ 7.  7.]
 [ 6.  5.]
 [17. -2.]
 [17. -1.]
 [ 6.  6.]
 [ 7.  7.]
 [ 6.  5.]
 [17. -3.]
 [17. -2.]
 [ 6.  6.]
 [ 7.  7.]
 [ 6.  5.]
 [17. -4.]
 [17. -3.]
 [ 6.  6.]
 [ 7.  7.]
 [ 6.  5.]
 [17. -5.]
 [17. -4.]
 [ 6.  6.]
 [ 7.  7.]
 [ 6.  5.]
 [17. -5.]
 [17. -4.]]
