Maze:
##########################
#                        #
#                        #
#                        #
#                        #
#                        #
#     ##############     #
#     #   A        #     #
#     #            #     #
#     # B          #     #
#     #        D   #     #
#     #            #     #
#     #     S      #     #
#     #            #     #
#     #            #     #
#     #            #     #
#     #            #     #
#     #     C      #     #
#     #            #     #
#     ##############     #
#                        #
#                        #
#                        #
#                        #
#                        #
##########################
[[ 6.  6.]
 [ 4.  1.]
 [ 2.  3.]
 [ 6. 11.]
 [ 9.  4.]
 [ 6.  6.]
 [ 5.  0.]
 [ 3.  2.]
 [ 6. 12.]
 [ 9.  4.]
 [ 6.  6.]
 [ 6. -1.]
 [ 4.  1.]
 [ 6. 13.]
 [ 9.  3.]
 [ 6.  6.]
 [ 7. -2.]
 [ 5.  0.]
 [ 6. 13.]
 [ 8.  2.]
 [ 6.  6.]
 [ 8. -3.]
 [ 6. -1.]
 [ 6. 13.]
 [ 7.  1.]
 [ 6.  6.]
 [ 9. -4.]
 [ 6. -2.]
 [ 6. 13.]
 [ 7.  0.]
 [ 6.  6.]
 [10. -5.]
 [ 6. -3.]
 [ 6. 13.]
 [ 7. -1.]
 [ 6.  6.]
 [11. -5.]
 [ 6. -4.]
 [ 6. 13.]
 [ 7. -2.]
 [ 6.  6.]
 [12. -5.]
 [ 6. -5.]
 [ 6. 13.]
 [ 7. -3.]
 [ 6.  6.]
 [13. -5.]
 [ 6. -5.]
 [ 6. 13.]
 [ 7. -4.]
 [ 6.  6.]
 [14. -5.]
 [ 5. -5.]
 [ 6. 13.]
 [ 6. -5.]
 [ 6.  6.]
 [14. -5.]
 [ 4. -5.]
 [ 6. 13.]
 [ 5. -5.]
 [ 6.  6.]
 [14. -5.]
 [ 3. -5.]
 [ 6. 13.]
 [ 4. -5.]
 [ 6.  6.]
 [14. -5.]
 [ 2. -5.]
 [ 6. 13.]
 [ 3. -5.]
 [ 6.  6.]
 [14. -5.]
 [ 1. -5.]
 [ 6. 13.]
 [ 2. -5.]
 [ 6.  6.]
 [14. -5.]
 [ 0. -5.]
 [ 6. 13.]
 [ 1. -5.]
 [ 6.  6.]
 [14. -5.]
 [-1. -5.]
 [ 6. 13.]
 [ 0. -5.]
 [ 6.  6.]
 [14. -5.]
 [-2. -5.]
 [ 6. 13.]
 [-1. -5.]
 [ 6.  6.]
 [14. -5.]
 [-3. -5.]
 [ 6. 13.]
 [-2. -5.]
 [ 6.  6.]
 [14. -5.]
 [-4. -5.]
 [ 6. 13.]
 [-3. -5.]
 [ 6.  6.]
 [14. -5.]
 [-4. -5.]
 [ 6. 13.]
 [-3. -5.]
 [ 6.  6.]
 [14. -5.]
 [-5. -5.]
 [ 6. 13.]
 [-4. -5.]]
