Maze:
##########################
#                        #
#                        #
#                        #
#                        #
#                        #
#     ##############     #
#     #            #     #
#     #            #     #
#     #            #     #
#     #            #     #
#     #       S    #     #
#     #     A     D#     #
#     #            #     #
#     #            #     #
#     #            #     #
#     #          B #     #
#     #    C       #     #
#     #            #     #
#     ##############     #
#                        #
#                        #
#                        #
#                        #
#                        #
##########################
[[ 8.  5.]
 [ 6.  6.]
 [11. 10.]
 [ 5. 11.]
 [12.  6.]
 [ 7.  4.]
 [ 6.  6.]
 [10. 10.]
 [ 5. 11.]
 [12.  7.]
 [ 6.  3.]
 [ 6.  6.]
 [ 9. 10.]
 [ 4. 11.]
 [11.  8.]
 [ 6.  2.]
 [ 6.  6.]
 [ 8. 10.]
 [ 4. 11.]
 [10.  9.]
 [ 6.  1.]
 [ 6.  6.]
 [ 7. 10.]
 [ 3. 11.]
 [ 9.  9.]
 [ 6.  0.]
 [ 6.  6.]
 [ 6. 10.]
 [ 2. 11.]
 [ 8.  9.]
 [ 6. -1.]
 [ 6.  6.]
 [ 5. 10.]
 [ 1. 11.]
 [ 7.  9.]
 [ 6. -1.]
 [ 6.  6.]
 [ 4. 10.]
 [ 0. 11.]
 [ 6.  9.]
 [ 6. -1.]
 [ 6.  6.]
 [ 3. 10.]
 [-1. 11.]
 [ 5.  9.]
 [ 6. -1.]
 [ 6.  6.]
 [ 2. 10.]
 [-2. 11.]
 [ 4.  9.]
 [ 6. -1.]
 [ 6.  6.]
 [ 1. 10.]
 [-3. 11.]
 [ 3.  9.]
 [ 6. -1.]
 [ 6.  6.]
 [ 0. 10.]
 [-4. 11.]
 [ 2.  9.]
 [ 6. -1.]
 [ 6.  6.]
 [-1. 10.]
 [-5. 11.]
 [ 1.  9.]
 [ 6. -1.]
 [ 6.  6.]
 [-2. 10.]
 [-5. 11.]
 [ 0.  9.]
 [ 6. -1.]
 [ 6.  6.]
 [-3. 10.]
 [-5. 11.]
 [-1.  9.]
 [ 6. -1.]
 [ 6.  6.]
 [-4. 10.]
 [-5. 11.]
 [-2.  9.]
 [ 6. -1.]
 [ 6.  6.]
 [-5. 11.]
 [-5. 12.]
 [-3.  9.]
 [ 6. -1.]
 [ 6.  6.]
 [-5. 12.]
 [-5. 13.]
 [-4. 10.]
 [ 6. -1.]
 [ 6.  6.]
 [-5. 13.]
 [-5. 14.]
 [-4. 11.]
 [ 6. -1.]
 [ 6.  6.]
 [-5. 14.]
 [-5. 15.]
 [-4. 12.]
 [ 6. -1.]
 [ 6.  6.]
 [-5. 14.]
 [-5. 15.]
 [-4. 12.]
 [ 6. -1.]
 [ 6.  6.]
 [-5. 15.]
 [-5. 16.]
 [-4. 13.]]
