Maze:
##########################
#                        #
#                        #
#                        #
#                        #
#                        #
#     ##############     #
#     #            #     #
#     #    A       #     #
#     #            #     #
#     #            #     #
#     #       S    #     #
#     #     DB     #     #
#     #            #     #
#     #            #     #
#     #            #     #
#     #            #     #
#     #         C  #     #
#     #            #     #
#     ##############     #
#                        #
#                        #
#                        #
#                        #
#                        #
##########################
[[ 8.  5.]
 [ 5.  2.]
 [ 7.  6.]
 [10. 11.]
 [ 6.  6.]
 [ 9.  4.]
 [ 5.  1.]
 [ 8.  6.]
 [10. 12.]
 [ 6.  6.]
 [10.  3.]
 [ 5.  1.]
 [ 9.  5.]
 [10. 13.]
 [ 6.  6.]
 [10.  2.]
 [ 5.  0.]
 [ 9.  4.]
 [10. 13.]
 [ 6.  6.]
 [10.  1.]
 [ 5.  0.]
 [ 9.  3.]
 [10. 13.]
 [ 6.  6.]
 [10.  0.]
 [ 5. -1.]
 [ 9.  2.]
 [10. 13.]
 [ 6.  6.]
 [10. -1.]
 [ 5. -2.]
 [ 9.  1.]
 [10. 13.]
 [ 6.  6.]
 [10. -2.]
 [ 5. -3.]
 [ 9.  0.]
 [10. 13.]
 [ 6.  6.]
 [10. -3.]
 [ 5. -4.]
 [ 9. -1.]
 [10. 13.]
 [ 6.  6.]
 [10. -4.]
 [ 5. -5.]
 [ 9. -2.]
 [10. 13.]
 [ 6.  6.]
 [10. -5.]
 [ 5. -5.]
 [ 9. -3.]
 [10. 13.]
 [ 6.  6.]
 [10. -5.]
 [ 5. -5.]
 [ 9. -4.]
 [10. 13.]
 [ 6.  6.]
 [11. -5.]
 [ 4. -5.]
 [10. -5.]
 [10. 13.]
 [ 6.  6.]
 [12. -5.]
 [ 4. -5.]
 [11. -5.]
 [10. 13.]
 [ 6.  6.]
 [13. -5.]
 [ 4. -5.]
 [12. -5.]
 [10. 13.]
 [ 6.  6.]
 [14. -5.]
 [ 4. -5.]
 [13. -5.]
 [10. 13.]
 [ 6.  6.]
 [15. -5.]
 [ 4. -5.]
 [14. -5.]
 [10. 13.]
 [ 6.  6.]
 [16. -5.]
 [ 4. -5.]
 [15. -5.]
 [10. 13.]
 [ 6.  6.]
 [17. -5.]
 [ 4. -5.]
 [16. -5.]
 [10. 13.]
 [ 6.  6.]
 [17. -5.]
 [ 4. -5.]
 [16. -5.]
 [10. 13.]
 [ 6.  6.]]
