Maze:
##########################
#                        #
#                        #
#                        #
#                        #
#                        #
#     ##############     #
#     #   B        #     #
#     #            #     #
#     #           S#     #
#     #       D    #     #
#     #            #     #
#     #     C      #     #
#     #            #     #
#     #            #     #
#     #            #     #
#     #            #     #
#     #         A  #     #
#     #            #     #
#     ##############     #
#                        #
#                        #
#                        #
#                        #
#                        #
##########################
[[12.  3.]
 [10. 11.]
 [ 4.  1.]
 [ 6.  6.]
 [ 8.  4.]
 [12.  3.]
 [10. 12.]
 [ 4.  1.]
 [ 6.  6.]
 [ 9.  5.]
 [12.  4.]
 [10. 13.]
 [ 4.  1.]
 [ 6.  6.]
 [ 9.  6.]
 [12.  5.]
 [10. 14.]
 [ 4.  1.]
 [ 6.  6.]
 [ 9.  7.]
 [12.  6.]
 [10. 15.]
 [ 4.  1.]
 [ 6.  6.]
 [ 9.  8.]
 [12.  7.]
 [10. 16.]
 [ 4.  1.]
 [ 6.  6.]
 [ 9.  9.]
 [12.  8.]
 [10. 17.]
 [ 4.  2.]
 [ 6.  6.]
 [ 9. 10.]
 [12.  9.]
 [10. 17.]
 [ 4.  3.]
 [ 6.  6.]
 [ 9. 11.]
 [12. 10.]
 [10. 17.]
 [ 5.  4.]
 [ 6.  6.]
 [ 9. 12.]
 [12. 11.]
 [10. 17.]
 [ 5.  5.]
 [ 6.  6.]
 [ 9. 13.]
 [12. 12.]
 [10. 17.]
 [ 5.  5.]
 [ 6.  6.]
 [ 9. 14.]
 [12. 13.]
 [10. 17.]
 [ 5.  5.]
 [ 6.  6.]
 [ 9. 15.]
 [12. 14.]
 [10. 17.]
 [ 5.  5.]
 [ 6.  6.]
 [ 9. 16.]
 [11. 15.]
 [11. 17.]
 [ 5.  5.]
 [ 6.  6.]
 [10. 17.]
 [11. 16.]
 [12. 17.]
 [ 5.  5.]
 [ 6.  6.]
 [11. 17.]
 [11. 16.]
 [13. 17.]
 [ 5.  5.]
 [ 6.  6.]
 [11. 17.]
 [12. 17.]
 [14. 17.]
 [ 5.  5.]
 [ 6.  6.]
 [11. 17.]
 [13. 17.]
 [15. 17.]
 [ 5.  5.]
 [ 6.  6.]
 [10. 17.]
 [14. 17.]
 [16. 17.]
 [ 5.  5.]
 [ 6.  6.]
 [10. 17.]
 [15. 17.]
 [17. 17.]
 [ 5.  5.]
 [ 6.  6.]
 [10. 17.]
 [15. 17.]
 [17. 17.]
 [ 5.  5.]
 [ 6.  6.]
 [10. 17.]
 [16. 17.]
 [17. 17.]
 [ 5.  5.]
 [ 6.  6.]
 [10. 17.]]
