Maze:
##########################
#                        #
#                        #
#                        #
#                        #
#                        #
#     ##############     #
#     #            #     #
#     #            #     #
#     #   C        #     #
#     # S          #     #
#     #      B     #     #
#     #     D      #     #
#     #            #     #
#     #            #     #
#     #            #     #
#     #            #     #
#     #       A    #     #
#     #            #     #
#     ##############     #
#                        #
#                        #
#                        #
#                        #
#                        #
##########################
[[ 2.  4.]
 [ 8. 11.]
 [ 7.  5.]
 [ 4.  3.]
 [ 6.  6.]
 [ 2.  4.]
 [ 8. 12.]
 [ 8.  4.]
 [ 3.  3.]
 [ 6.  6.]
 [ 2.  4.]
 [ 8. 13.]
 [ 8.  3.]
 [ 3.  3.]
 [ 6.  6.]
 [ 2.  4.]
 [ 8. 14.]
 [ 8.  2.]
 [ 3.  3.]
 [ 6.  6.]
 [ 2.  4.]
 [ 8. 14.]
 [ 7.  1.]
 [ 3.  3.]
 [ 6.  6.]
 [ 2.  4.]
 [ 8. 14.]
 [ 6.  1.]
 [ 3.  3.]
 [ 6.  6.]
 [ 2.  4.]
 [ 8. 14.]
 [ 5.  1.]
 [ 3.  3.]
 [ 6.  6.]
 [ 2.  5.]
 [ 8. 14.]
 [ 4.  1.]
 [ 2.  4.]
 [ 6.  6.]
 [ 2.  5.]
 [ 8. 14.]
 [ 3.  2.]
 [ 2.  4.]
 [ 6.  6.]
 [ 2.  6.]
 [ 8. 14.]
 [ 2.  3.]
 [ 2.  5.]
 [ 6.  6.]
 [ 2.  7.]
 [ 8. 14.]
 [ 2.  4.]
 [ 2.  6.]
 [ 6.  6.]
 [ 2.  8.]
 [ 8. 14.]
 [ 2.  5.]
 [ 2.  7.]
 [ 6.  6.]
 [ 2.  9.]
 [ 8. 15.]
 [ 2.  6.]
 [ 2.  8.]
 [ 6.  6.]
 [ 2. 10.]
 [ 8. 15.]
 [ 2.  7.]
 [ 2.  9.]
 [ 6.  6.]
 [ 2. 11.]
 [ 8. 15.]
 [ 2.  8.]
 [ 2. 10.]
 [ 6.  6.]
 [ 2. 12.]
 [ 8. 16.]
 [ 2.  9.]
 [ 2. 11.]
 [ 6.  6.]
 [ 2. 13.]
 [ 8. 16.]
 [ 2. 10.]
 [ 2. 12.]
 [ 6.  6.]
 [ 2. 14.]
 [ 8. 16.]
 [ 2. 11.]
 [ 2. 13.]
 [ 6.  6.]
 [ 2. 15.]
 [ 8. 16.]
 [ 2. 12.]
 [ 2. 14.]
 [ 6.  6.]
 [ 2. 16.]
 [ 9. 16.]
 [ 2. 13.]
 [ 2. 15.]
 [ 6.  6.]
 [ 2. 16.]
 [ 9. 16.]
 [ 2. 13.]
 [ 2. 15.]
 [ 6.  6.]
 [ 2. 17.]
 [10. 16.]
 [ 2. 14.]
 [ 2. 16.]
 [ 6.  6.]]
