Maze:
##########################
#                        #
#                        #
#                        #
#                        #
#                        #
#     ##############     #
#     #            #     #
#     #            #     #
#     #            #     #
#     #            #     #
#     # C          #     #
#     #     D    A #     #
#     #            #     #
#     #            #     #
#     #            #     #
#     #            #     #
#     #        S   #     #
#     #B           #     #
#     ##############     #
#                        #
#                        #
#                        #
#                        #
#                        #
##########################
[[ 9. 11.]
 [11.  6.]
 [ 1. 12.]
 [ 2.  5.]
 [ 6.  6.]
 [10. 10.]
 [12.  6.]
 [ 1. 12.]
 [ 2.  5.]
 [ 6.  6.]
 [10.  9.]
 [13.  6.]
 [ 1. 12.]
 [ 2.  5.]
 [ 6.  6.]
 [11.  8.]
 [14.  6.]
 [ 1. 12.]
 [ 2.  5.]
 [ 6.  6.]
 [12.  7.]
 [15.  6.]
 [ 1. 12.]
 [ 2.  5.]
 [ 6.  6.]
 [13.  7.]
 [16.  6.]
 [ 1. 12.]
 [ 2.  5.]
 [ 6.  6.]
 [14.  7.]
 [17.  6.]
 [ 1. 12.]
 [ 2.  5.]
 [ 6.  6.]
 [15.  7.]
 [17.  6.]
 [ 1. 12.]
 [ 2.  5.]
 [ 6.  6.]
 [16.  7.]
 [17.  6.]
 [ 1. 12.]
 [ 2.  5.]
 [ 6.  6.]
 [17.  6.]
 [17.  5.]
 [ 1. 12.]
 [ 2.  5.]
 [ 6.  6.]
 [17.  5.]
 [17.  4.]
 [ 1. 12.]
 [ 2.  5.]
 [ 6.  6.]
 [17.  4.]
 [17.  3.]
 [ 1. 12.]
 [ 2.  5.]
 [ 6.  6.]
 [17.  3.]
 [17.  2.]
 [ 1. 12.]
 [ 2.  5.]
 [ 6.  6.]
 [17.  2.]
 [17.  1.]
 [ 1. 12.]
 [ 2.  5.]
 [ 6.  6.]
 [17.  1.]
 [17.  0.]
 [ 1. 12.]
 [ 2.  5.]
 [ 6.  6.]
 [17.  0.]
 [17. -1.]
 [ 1. 12.]
 [ 2.  5.]
 [ 6.  6.]
 [17. -1.]
 [17. -2.]
 [ 1. 12.]
 [ 2.  5.]
 [ 6.  6.]
 [17. -2.]
 [17. -3.]
 [ 1. 12.]
 [ 2.  5.]
 [ 6.  6.]
 [17. -3.]
 [17. -4.]
 [ 1. 12.]
 [ 2.  5.]
 [ 6.  6.]
 [17. -4.]
 [17. -5.]
 [ 1. 12.]
 [ 2.  5.]
 [ 6.  6.]
 [17. -4.]
 [17. -5.]
 [ 1. 12.]
 [ 2.  5.]
 [ 6.  6.]]
