Maze:
##########################
#                        #
#                        #
#                        #
#                        #
#                        #
#     ##############     #
#     #            #     #
#     #          C #     #
#     #            #     #
#     #  A         #     #
#     #            #     #
#     #     B      #     #
#     #            #     #
#     #            #     #
#     #           D#     #
#     #         S  #     #
#     #            #     #
#     #            #     #
#     ##############     #
#                        #
#                        #
#                        #
#                        #
#                        #
##########################
[[10. 10.]
 [ 3.  4.]
 [ 6.  6.]
 [11.  2.]
 [12.  9.]
 [11. 10.]
 [ 2.  3.]
 [ 6.  6.]
 [11.  2.]
 [13.  9.]
 [12. 10.]
 [ 1.  2.]
 [ 6.  6.]
 [11.  2.]
 [14.  9.]
 [13. 10.]
 [ 0.  2.]
 [ 6.  6.]
 [11.  2.]
 [15.  9.]
 [14. 10.]
 [ 0.  2.]
 [ 6.  6.]
 [11.  2.]
 [16.  9.]
 [15. 10.]
 [ 0.  2.]
 [ 6.  6.]
 [11.  2.]
 [17.  9.]
 [16. 10.]
 [ 0.  2.]
 [ 6.  6.]
 [11.  2.]
 [17.  9.]
 [17.  9.]
 [ 0.  2.]
 [ 6.  6.]
 [11.  2.]
 [17.  8.]
 [17.  8.]
 [ 0.  2.]
 [ 6.  6.]
 [11.  2.]
 [17.  7.]
 [17.  7.]
 [ 0.  2.]
 [ 6.  6.]
 [11.  2.]
 [17.  6.]
 [17.  6.]
 [ 0.  2.]
 [ 6.  6.]
 [11.  2.]
 [17.  5.]
 [17.  5.]
 [ 0.  2.]
 [ 6.  6.]
 [11.  2.]
 [17.  4.]
 [17.  4.]
 [ 0.  2.]
 [ 6.  6.]
 [11.  2.]
 [17.  3.]
 [17.  3.]
 [ 0.  2.]
 [ 6.  6.]
 [11.  2.]
 [17.  2.]
 [17.  2.]
 [ 0.  2.]
 [ 6.  6.]
 [11.  2.]
 [17.  1.]
 [17.  1.]
 [ 0.  2.]
 [ 6.  6.]
 [11.  2.]
 [17.  0.]
 [17.  0.]
 [ 0.  2.]
 [ 6.  6.]
 [11.  2.]
 [17. -1.]
 [17. -1.]
 [ 0.  2.]
 [ 6.  6.]
 [11.  2.]
 [17. -2.]
 [17. -2.]
 [ 0.  2.]
 [ 6.  6.]
 [11.  2.]
 [17. -3.]
 [17. -3.]
 [ 0.  2.]
 [ 6.  6.]
 [11.  2.]
 [17. -4.]
 [17. -3.]
 [ 0.  2.]
 [ 6.  6.]
 [11.  2.]
 [17. -4.]
 [17. -4.]
 [ 0.  2.]
 [ 6.  6.]
 [11.  2.]
 [17. -5.]]
