Maze:
##########################
#                        #
#                        #
#                        #
#                        #
#                        #
#     ##############     #
#     #            #     #
#     #            #     #
#     #            #     #
#     #     C      #     #
#     #      A     #     #
#     #     B      #     #
#     #    S       #     #
#     # D          #     #
#     #            #     #
#     #            #     #
#     #            #     #
#     #            #     #
#     ##############     #
#                        #
#                        #
#                        #
#                        #
#                        #
##########################
[[ 5.  7.]
 [ 7.  5.]
 [ 6.  6.]
 [ 6.  4.]
 [ 2.  8.]
 [ 4.  8.]
 [ 8.  4.]
 [ 6.  6.]
 [ 7.  5.]
 [ 1.  8.]
 [ 3.  9.]
 [ 9.  3.]
 [ 6.  6.]
 [ 8.  4.]
 [ 0.  8.]
 [ 2.  9.]
 [10.  2.]
 [ 6.  6.]
 [ 9.  3.]
 [-1.  8.]
 [ 1.  9.]
 [10.  2.]
 [ 6.  6.]
 [ 9.  3.]
 [-2.  8.]
 [ 0.  9.]
 [10.  2.]
 [ 6.  6.]
 [ 9.  3.]
 [-3.  8.]
 [-1.  9.]
 [10.  2.]
 [ 6.  6.]
 [ 9.  3.]
 [-4.  8.]
 [-2.  9.]
 [10.  2.]
 [ 6.  6.]
 [ 9.  3.]
 [-5.  8.]
 [-3.  9.]
 [10.  2.]
 [ 6.  6.]
 [ 9.  3.]
 [-5.  8.]
 [-4.  9.]
 [10.  2.]
 [ 6.  6.]
 [ 9.  3.]
 [-5.  8.]
 [-5.  8.]
 [10.  2.]
 [ 6.  6.]
 [ 9.  3.]
 [-5.  7.]
 [-5.  7.]
 [10.  2.]
 [ 6.  6.]
 [ 9.  3.]
 [-5.  6.]
 [-5.  6.]
 [10.  2.]
 [ 6.  6.]
 [ 9.  3.]
 [-5.  5.]
 [-5.  5.]
 [10.  2.]
 [ 6.  6.]
 [ 9.  3.]
 [-5.  4.]
 [-5.  4.]
 [10.  2.]
 [ 6.  6.]
 [ 9.  3.]
 [-5.  3.]
 [-5.  3.]
 [10.  2.]
 [ 6.  6.]
 [ 9.  3.]
 [-5.  2.]
 [-5.  2.]
 [10.  2.]
 [ 6.  6.]
 [ 9.  3.]
 [-5.  1.]
 [-5.  1.]
 [10.  2.]
 [ 6.  6.]
 [ 9.  3.]
 [-5.  0.]
 [-5.  0.]
 [10.  2.]
 [ 6.  6.]
 [ 9.  3.]
 [-5. -1.]
 [-5. -1.]
 [10.  2.]
 [ 6.  6.]
 [ 9.  3.]
 [-5. -2.]
 [-5. -1.]
 [10.  2.]
 [ 6.  6.]
 [ 9.  3.]
 [-5. -2.]
 [-5. -2.]
 [10.  2.]
 [ 6.  6.]
 [ 9.  3.]
 [-5. -3.]]
