Maze:
##########################
#                        #
#                        #
#                        #
#                        #
#                        #
#     ##############     #
#     #   B        #     #
#     #            #     #
#     #            #     #
#     #            #     #
#     #            #     #
#     #     S      #     #
#     #    C       #     #
#     #            #     #
#     #        A   #     #
#     #            #     #
#     #           D#     #
#     #            #     #
#     ##############     #
#                        #
#                        #
#                        #
#                        #
#                        #
##########################
[[ 6.  6.]
 [ 9.  9.]
 [ 4.  1.]
 [ 5.  7.]
 [12. 11.]
 [ 6.  6.]
 [ 8.  9.]
 [ 4.  2.]
 [ 5.  7.]
 [11. 11.]
 [ 6.  6.]
 [ 7.  9.]
 [ 4.  3.]
 [ 5.  7.]
 [10. 11.]
 [ 6.  6.]
 [ 6.  9.]
 [ 4.  4.]
 [ 5.  7.]
 [ 9. 11.]
 [ 6.  6.]
 [ 5.  9.]
 [ 5.  5.]
 [ 6.  7.]
 [ 8. 11.]
 [ 6.  6.]
 [ 4. 10.]
 [ 5.  5.]
 [ 6.  7.]
 [ 7. 11.]
 [ 6.  6.]
 [ 3. 10.]
 [ 5.  5.]
 [ 6.  7.]
 [ 6. 11.]
 [ 6.  6.]
 [ 2. 10.]
 [ 5.  5.]
 [ 6.  7.]
 [ 5. 11.]
 [ 6.  6.]
 [ 1. 10.]
 [ 5.  5.]
 [ 6.  7.]
 [ 4. 11.]
 [ 6.  6.]
 [ 0. 10.]
 [ 5.  5.]
 [ 6.  7.]
 [ 3. 11.]
 [ 6.  6.]
 [-1. 10.]
 [ 5.  5.]
 [ 6.  7.]
 [ 2. 11.]
 [ 6.  6.]
 [-2. 10.]
 [ 5.  5.]
 [ 6.  7.]
 [ 1. 11.]
 [ 6.  6.]
 [-3. 10.]
 [ 5.  5.]
 [ 6.  7.]
 [ 0. 11.]
 [ 6.  6.]
 [-4. 10.]
 [ 5.  5.]
 [ 6.  7.]
 [-1. 11.]
 [ 6.  6.]
 [-5. 10.]
 [ 5.  5.]
 [ 6.  7.]
 [-2. 11.]
 [ 6.  6.]
 [-5. 10.]
 [ 5.  5.]
 [ 6.  7.]
 [-3. 11.]
 [ 6.  6.]
 [-5. 10.]
 [ 5.  5.]
 [ 6.  7.]
 [-4. 11.]
 [ 6.  6.]
 [-5.  9.]
 [ 5.  5.]
 [ 6.  7.]
 [-5. 10.]
 [ 6.  6.]
 [-5.  8.]
 [ 5.  5.]
 [ 6.  7.]
 [-5.  9.]
 [ 6.  6.]
 [-5.  7.]
 [ 5.  5.]
 [ 6.  7.]
 [-5.  8.]
 [ 6.  6.]
 [-5.  7.]
 [ 5.  5.]
 [ 6.  7.]
 [-5.  8.]
 [ 6.  6.]
 [-5.  6.]
 [ 5.  5.]
 [ 6.  7.]
 [-5.  7.]]
