Maze:
##########################
#                        #
#                        #
#                        #
#                        #
#                        #
#     ##############     #
#     #            #     #
#     #            #     #
#     #            #     #
#     #          B #     #
#     #            #     #
#     # D   C      #     #
#     #            #     #
#     #            #     #
#     #    A       #     #
#     #S           #     #
#     #            #     #
#     #            #     #
#     ##############     #
#                        #
#                        #
#                        #
#                        #
#                        #
##########################
[[ 1. 10.]
 [ 5.  9.]
 [11.  4.]
 [ 6.  6.]
 [ 2.  6.]
 [ 2. 10.]
 [ 6. 10.]
 [10.  4.]
 [ 6.  6.]
 [ 2.  6.]
 [ 3. 10.]
 [ 6. 11.]
 [ 9.  5.]
 [ 6.  6.]
 [ 2.  6.]
 [ 4. 10.]
 [ 6. 12.]
 [ 8.  6.]
 [ 6.  6.]
 [ 2.  6.]
 [ 5. 11.]
 [ 6. 13.]
 [ 7.  6.]
 [ 6.  6.]
 [ 1.  6.]
 [ 5. 12.]
 [ 6. 14.]
 [ 7.  6.]
 [ 6.  6.]
 [ 0.  6.]
 [ 5. 13.]
 [ 6. 15.]
 [ 7.  6.]
 [ 6.  6.]
 [-1.  6.]
 [ 5. 14.]
 [ 6. 16.]
 [ 7.  6.]
 [ 6.  6.]
 [-1.  6.]
 [ 5. 15.]
 [ 6. 17.]
 [ 7.  6.]
 [ 6.  6.]
 [-1.  6.]
 [ 5. 16.]
 [ 6. 17.]
 [ 7.  6.]
 [ 6.  6.]
 [-1.  6.]
 [ 6. 17.]
 [ 7. 17.]
 [ 7.  6.]
 [ 6.  6.]
 [-1.  6.]
 [ 7. 17.]
 [ 8. 17.]
 [ 7.  6.]
 [ 6.  6.]
 [-1.  6.]
 [ 8. 17.]
 [ 9. 17.]
 [ 7.  6.]
 [ 6.  6.]
 [-1.  6.]
 [ 9. 17.]
 [10. 17.]
 [ 7.  6.]
 [ 6.  6.]
 [-1.  6.]
 [10. 17.]
 [11. 17.]
 [ 7.  6.]
 [ 6.  6.]
 [-1.  6.]
 [11. 17.]
 [12. 17.]
 [ 7.  6.]
 [ 6.  6.]
 [-1.  6.]
 [12. 17.]
 [13. 17.]
 [ 7.  6.]
 [ 6.  6.]
 [-1.  6.]
 [13. 17.]
 [14. 17.]
 [ 7.  6.]
 [ 6.  6.]
 [-1.  6.]
 [14. 17.]
 [15. 17.]
 [ 7.  6.]
 [ 6.  6.]
 [-1.  6.]
 [15. 17.]
 [16. 17.]
 [ 7.  6.]
 [ 6.  6.]
 [-1.  6.]
 [15. 17.]
 [16. 17.]
 [ 7.  6.]
 [ 6.  6.]
 [-1.  6.]
 [16. 17.]
 [17. 17.]
 [ 7.  6.]
 [ 6.  6.]
 [-1.  6.]]
