Maze:
##########################
#                        #
#                        #
#                        #
#                        #
#                        #
#     ##############     #
#     #      C     #     #
#     #            #     #
#     #            #     #
#     #       B    #     #
#     #            #     #
#     #     D      #     #
#     #            #     #
#     #            #     #
#     #            #     #
#     #  S         #     #
#     #     A      #     #
#     #            #     #
#     ##############     #
#                        #
#                        #
#                        #
#                        #
#                        #
##########################
[[ 3. 10.]
 [ 6. 11.]
 [ 8.  4.]
 [ 7.  1.]
 [ 6.  6.]
 [ 4. 10.]
 [ 6. 12.]
 [ 8.  3.]
 [ 7.  1.]
 [ 6.  6.]
 [ 5. 11.]
 [ 6. 13.]
 [ 8.  2.]
 [ 7.  0.]
 [ 6.  6.]
 [ 5. 12.]
 [ 6. 14.]
 [ 8.  1.]
 [ 7. -1.]
 [ 6.  6.]
 [ 5. 13.]
 [ 6. 15.]
 [ 8.  0.]
 [ 7. -2.]
 [ 6.  6.]
 [ 5. 14.]
 [ 6. 16.]
 [ 8. -1.]
 [ 7. -3.]
 [ 6.  6.]
 [ 5. 15.]
 [ 6. 17.]
 [ 8. -2.]
 [ 7. -4.]
 [ 6.  6.]
 [ 5. 16.]
 [ 6. 17.]
 [ 8. -3.]
 [ 7. -5.]
 [ 6.  6.]
 [ 6. 17.]
 [ 7. 17.]
 [ 8. -4.]
 [ 7. -5.]
 [ 6.  6.]
 [ 7. 17.]
 [ 8. 17.]
 [ 7. -5.]
 [ 6. -5.]
 [ 6.  6.]
 [ 8. 17.]
 [ 9. 17.]
 [ 6. -5.]
 [ 5. -5.]
 [ 6.  6.]
 [ 9. 17.]
 [10. 17.]
 [ 5. -5.]
 [ 4. -5.]
 [ 6.  6.]
 [10. 17.]
 [11. 17.]
 [ 4. -5.]
 [ 3. -5.]
 [ 6.  6.]
 [11. 17.]
 [12. 17.]
 [ 3. -5.]
 [ 2. -5.]
 [ 6.  6.]
 [12. 17.]
 [13. 17.]
 [ 2. -5.]
 [ 1. -5.]
 [ 6.  6.]
 [13. 17.]
 [14. 17.]
 [ 1. -5.]
 [ 0. -5.]
 [ 6.  6.]
 [14. 17.]
 [15. 17.]
 [ 0. -5.]
 [-1. -5.]
 [ 6.  6.]
 [15. 17.]
 [16. 17.]
 [-1. -5.]
 [-2. -5.]
 [ 6.  6.]
 [16. 17.]
 [17. 17.]
 [-2. -5.]
 [-3. -5.]
 [ 6.  6.]
 [16. 17.]
 [17. 17.]
 [-3. -5.]
 [-4. -5.]
 [ 6.  6.]
 [16. 17.]
 [17. 17.]
 [-3. -5.]
 [-4. -5.]
 [ 6.  6.]
 [16. 17.]
 [17. 17.]
 [-4. -5.]
 [-5. -5.]
 [ 6.  6.]]
