Maze:
##########################
#                        #
#                        #
#                        #
#                        #
#                        #
#     ##############     #
#     #            #     #
#     #      C     #     #
#     #            #     #
#     #            #     #
#     #            #     #
#     #     B      #     #
#     #    D       #     #
#     #           A#     #
#     #            #     #
#     #            #     #
#     #       S    #     #
#     #            #     #
#     ##############     #
#                        #
#                        #
#                        #
#                        #
#                        #
##########################
[[ 8. 11.]
 [12.  8.]
 [ 6.  6.]
 [ 7.  2.]
 [ 5.  7.]
 [ 9. 11.]
 [13.  8.]
 [ 6.  6.]
 [ 7.  2.]
 [ 4.  8.]
 [10. 11.]
 [14.  8.]
 [ 6.  6.]
 [ 7.  2.]
 [ 3.  9.]
 [11. 11.]
 [15.  8.]
 [ 6.  6.]
 [ 7.  2.]
 [ 2. 10.]
 [12. 11.]
 [16.  8.]
 [ 6.  6.]
 [ 7.  2.]
 [ 2. 10.]
 [13. 11.]
 [16.  8.]
 [ 6.  6.]
 [ 7.  2.]
 [ 2. 10.]
 [14. 10.]
 [16.  8.]
 [ 6.  6.]
 [ 7.  2.]
 [ 2. 10.]
 [15.  9.]
 [17.  8.]
 [ 6.  6.]
 [ 7.  2.]
 [ 2. 10.]
 [16.  9.]
 [17.  8.]
 [ 6.  6.]
 [ 7.  2.]
 [ 2. 10.]
 [17.  8.]
 [17.  7.]
 [ 6.  6.]
 [ 7.  2.]
 [ 2. 10.]
 [17.  7.]
 [17.  6.]
 [ 6.  6.]
 [ 7.  2.]
 [ 2. 10.]
 [17.  6.]
 [17.  5.]
 [ 6.  6.]
 [ 7.  2.]
 [ 2. 10.]
 [17.  5.]
 [17.  4.]
 [ 6.  6.]
 [ 7.  2.]
 [ 2. 10.]
 [17.  4.]
 [17.  3.]
 [ 6.  6.]
 [ 7.  2.]
 [ 2. 10.]
 [17.  3.]
 [17.  2.]
 [ 6.  6.]
 [ 7.  2.]
 [ 2. 10.]
 [17.  2.]
 [17.  1.]
 [ 6.  6.]
 [ 7.  2.]
 [ 2. 10.]
 [17.  1.]
 [17.  0.]
 [ 6.  6.]
 [ 7.  2.]
 [ 2. 10.]
 [17.  0.]
 [17. -1.]
 [ 6.  6.]
 [ 7.  2.]
 [ 2. 10.]
 [17. -1.]
 [17. -2.]
 [ 6.  6.]
 [ 7.  2.]
 [ 2. 10.]
 [17. -2.]
 [17. -3.]
 [ 6.  6.]
 [ 7.  2.]
 [ 2. 10.]
 [17. -2.]
 [17. -3.]
 [ 6.  6.]
 [ 7.  2.]
 [ 2. 10.]
 [17. -3.]
 [17. -4.]
 [ 6.  6.]
 [ 7.  2.]
 [ 2. 10.]]
