Maze:
##########################
#                        #
#                        #
#                        #
#                        #
#                        #
#     ##############     #
#     #       B    #     #
#     #     S      #     #
#     #            #     #
#     #            #     #
#     # A          #     #
#     #     D    C #     #
#     #            #     #
#     #            #     #
#     #            #     #
#     #            #     #
#     #            #     #
#     #            #     #
#     ##############     #
#                        #
#                        #
#                        #
#                        #
#                        #
##########################
[[ 6.  2.]
 [ 2.  5.]
 [ 8.  1.]
 [11.  6.]
 [ 6.  6.]
 [ 5.  3.]
 [ 1.  5.]
 [ 7.  1.]
 [11.  6.]
 [ 6.  6.]
 [ 4.  4.]
 [ 0.  5.]
 [ 6.  2.]
 [11.  6.]
 [ 6.  6.]
 [ 3.  5.]
 [-1.  5.]
 [ 5.  2.]
 [11.  6.]
 [ 6.  6.]
 [ 2.  6.]
 [-2.  5.]
 [ 4.  2.]
 [11.  6.]
 [ 6.  6.]
 [ 1.  6.]
 [-3.  5.]
 [ 3.  2.]
 [11.  6.]
 [ 6.  6.]
 [ 0.  6.]
 [-4.  5.]
 [ 2.  2.]
 [11.  6.]
 [ 6.  6.]
 [-1.  6.]
 [-5.  5.]
 [ 1.  2.]
 [11.  6.]
 [ 6.  6.]
 [-2.  6.]
 [-5.  5.]
 [ 0.  3.]
 [11.  6.]
 [ 6.  6.]
 [-3.  6.]
 [-5.  5.]
 [-1.  4.]
 [11.  6.]
 [ 6.  6.]
 [-4.  6.]
 [-5.  5.]
 [-2.  5.]
 [11.  6.]
 [ 6.  6.]
 [-5.  6.]
 [-5.  5.]
 [-3.  5.]
 [11.  6.]
 [ 6.  6.]
 [-5.  5.]
 [-5.  4.]
 [-4.  5.]
 [11.  6.]
 [ 6.  6.]
 [-5.  4.]
 [-5.  3.]
 [-5.  5.]
 [11.  6.]
 [ 6.  6.]
 [-5.  3.]
 [-5.  2.]
 [-5.  4.]
 [11.  6.]
 [ 6.  6.]
 [-5.  2.]
 [-5.  1.]
 [-5.  3.]
 [11.  6.]
 [ 6.  6.]
 [-5.  1.]
 [-5.  0.]
 [-5.  2.]
 [11.  6.]
 [ 6.  6.]
 [-5.  0.]
 [-5. -1.]
 [-5.  1.]
 [11.  6.]
 [ 6.  6.]
 [-5. -1.]
 [-5. -2.]
 [-5.  0.]
 [11.  6.]
 [ 6.  6.]
 [-5. -2.]
 [-5. -3.]
 [-5. -1.]
 [11.  6.]
 [ 6.  6.]
 [-5. -2.]
 [-5. -3.]
 [-5. -1.]
 [11.  6.]
 [ 6.  6.]
 [-5. -3.]
 [-5. -4.]
 [-5. -2.]
 [11.  6.]
 [ 6.  6.]]
