Maze:
##########################
#                        #
#                        #
#                        #
#                        #
#                        #
#     ##############     #
#     #            #     #
#     #            #     #
#     #            #     #
#     #            #     #
#     #            #     #
#     #     A      #     #
#     #          B #     #
#     #            #     #
#     #            #     #
#     #        S   #     #
#     #C           #     #
#     #      D     #     #
#     ##############     #
#                        #
#                        #
#                        #
#                        #
#                        #
##########################
[[ 9. 10.]
 [ 6.  6.]
 [11.  7.]
 [ 1. 11.]
 [ 7. 12.]
 [ 8. 10.]
 [ 6.  6.]
 [10.  8.]
 [ 1. 11.]
 [ 6. 13.]
 [ 7. 10.]
 [ 6.  6.]
 [ 9.  8.]
 [ 1. 11.]
 [ 5. 14.]
 [ 6. 10.]
 [ 6.  6.]
 [ 8.  8.]
 [ 2. 11.]
 [ 5. 15.]
 [ 5. 10.]
 [ 6.  6.]
 [ 7.  8.]
 [ 3. 10.]
 [ 5. 16.]
 [ 5. 10.]
 [ 6.  6.]
 [ 6.  8.]
 [ 3. 10.]
 [ 5. 16.]
 [ 4. 11.]
 [ 6.  6.]
 [ 5.  8.]
 [ 4. 10.]
 [ 5. 16.]
 [ 4. 11.]
 [ 6.  6.]
 [ 5.  9.]
 [ 4. 10.]
 [ 5. 17.]
 [ 3. 12.]
 [ 6.  6.]
 [ 4. 10.]
 [ 4. 11.]
 [ 5. 17.]
 [ 3. 13.]
 [ 6.  6.]
 [ 4. 11.]
 [ 3. 12.]
 [ 5. 17.]
 [ 2. 14.]
 [ 6.  6.]
 [ 3. 12.]
 [ 3. 13.]
 [ 5. 17.]
 [ 2. 15.]
 [ 6.  6.]
 [ 3. 13.]
 [ 2. 14.]
 [ 6. 17.]
 [ 1. 16.]
 [ 6.  6.]
 [ 2. 14.]
 [ 2. 15.]
 [ 7. 17.]
 [ 1. 17.]
 [ 6.  6.]
 [ 2. 15.]
 [ 1. 16.]
 [ 8. 17.]
 [ 0. 17.]
 [ 6.  6.]
 [ 1. 16.]
 [ 1. 17.]
 [ 9. 17.]
 [-1. 17.]
 [ 6.  6.]
 [ 1. 17.]
 [ 0. 17.]
 [ 9. 17.]
 [-2. 17.]
 [ 6.  6.]
 [ 0. 17.]
 [-1. 17.]
 [ 9. 17.]
 [-3. 17.]
 [ 6.  6.]
 [-1. 17.]
 [-2. 17.]
 [ 9. 17.]
 [-4. 17.]
 [ 6.  6.]
 [-2. 17.]
 [-3. 17.]
 [ 9. 17.]
 [-5. 17.]
 [ 6.  6.]
 [-3. 17.]
 [-4. 17.]
 [ 9. 17.]
 [-5. 17.]
 [ 6.  6.]
 [-3. 17.]
 [-4. 17.]
 [ 9. 17.]]
