Maze:
##########################
#                        #
#                        #
#                        #
#                        #
#                        #
#     ##############     #
#     #            #     #
#     #            #     #
#     #            #     #
#     #         C  #     #
#     #            #     #
#     #A    S      #     #
#     #            #     #
#     #    D       #     #
#     #            #     #
#     #            #     #
#     #     B      #     #
#     #            #     #
#     ##############     #
#                        #
#                        #
#                        #
#                        #
#                        #
##########################
[[ 6.  6.]
 [ 1.  6.]
 [ 6. 11.]
 [10.  4.]
 [ 5.  8.]
 [ 6.  6.]
 [ 0.  6.]
 [ 7. 12.]
 [ 9.  4.]
 [ 4.  8.]
 [ 6.  6.]
 [-1.  6.]
 [ 8. 12.]
 [ 8.  4.]
 [ 3.  8.]
 [ 6.  6.]
 [-2.  6.]
 [ 8. 11.]
 [ 7.  5.]
 [ 2.  8.]
 [ 6.  6.]
 [-3.  6.]
 [ 8. 10.]
 [ 7.  5.]
 [ 1.  8.]
 [ 6.  6.]
 [-4.  6.]
 [ 8.  9.]
 [ 7.  5.]
 [ 0.  8.]
 [ 6.  6.]
 [-5.  6.]
 [ 8.  8.]
 [ 7.  5.]
 [-1.  8.]
 [ 6.  6.]
 [-5.  6.]
 [ 7.  7.]
 [ 7.  5.]
 [-2.  8.]
 [ 6.  6.]
 [-5.  5.]
 [ 7.  7.]
 [ 7.  5.]
 [-3.  8.]
 [ 6.  6.]
 [-5.  4.]
 [ 7.  7.]
 [ 7.  5.]
 [-4.  7.]
 [ 6.  6.]
 [-5.  3.]
 [ 7.  7.]
 [ 7.  5.]
 [-4.  6.]
 [ 6.  6.]
 [-5.  2.]
 [ 7.  7.]
 [ 7.  5.]
 [-4.  5.]
 [ 6.  6.]
 [-5.  1.]
 [ 7.  7.]
 [ 7.  5.]
 [-4.  4.]
 [ 6.  6.]
 [-5.  0.]
 [ 7.  7.]
 [ 7.  5.]
 [-4.  3.]
 [ 6.  6.]
 [-5. -1.]
 [ 7.  7.]
 [ 7.  5.]
 [-4.  2.]
 [ 6.  6.]
 [-5. -2.]
 [ 7.  7.]
 [ 7.  5.]
 [-4.  1.]
 [ 6.  6.]
 [-5. -3.]
 [ 7.  7.]
 [ 7.  5.]
 [-4.  0.]
 [ 6.  6.]
 [-5. -4.]
 [ 7.  7.]
 [ 7.  5.]
 [-4. -1.]
 [ 6.  6.]
 [-5. -5.]
 [ 7.  7.]
 [ 7.  5.]
 [-4. -2.]
 [ 6.  6.]
 [-5. -5.]
 [ 7.  7.]
 [ 7.  5.]
 [-4. -3.]
 [ 6.  6.]
 [-5. -5.]
 [ 7.  7.]
 [ 7.  5.]
 [-4. -3.]
 [ 6.  6.]
 [-5. -5.]
 [ 7.  7.]
 [ 7.  5.]
 [-4. -4.]]
