Maze:
##########################
#                        #
#                        #
#                        #
#                        #
#                        #
#     ##############     #
#     #            #     #
#     #            #     #
#     #            #     #
#     #       S    #     #
#     #    C       #     #
#     #     DB     #     #
#     #            #     #
#     #          A #     #
#     #            #     #
#     #            #     #
#     #            #     #
#     #            #     #
#     ##############     #
#                        #
#                        #
#                        #
#                        #
#                        #
##########################
[[ 8.  4.]
 [11.  8.]
 [ 7.  6.]
 [ 5.  5.]
 [ 6.  6.]
 [ 9.  3.]
 [12.  8.]
 [ 8.  6.]
 [ 5.  4.]
 [ 6.  6.]
 [10.  2.]
 [13.  8.]
 [ 9.  6.]
 [ 5.  3.]
 [ 6.  6.]
 [10.  1.]
 [14.  8.]
 [10.  6.]
 [ 6.  2.]
 [ 6.  6.]
 [10.  1.]
 [15.  8.]
 [11.  6.]
 [ 7.  2.]
 [ 6.  6.]
 [10.  1.]
 [16.  8.]
 [12.  5.]
 [ 8.  2.]
 [ 6.  6.]
 [ 9.  0.]
 [17.  9.]
 [12.  4.]
 [ 9.  2.]
 [ 6.  6.]
 [ 9.  0.]
 [17.  9.]
 [12.  3.]
 [ 9.  1.]
 [ 6.  6.]
 [ 8.  0.]
 [17.  9.]
 [11.  2.]
 [ 9.  0.]
 [ 6.  6.]
 [ 8. -1.]
 [17.  9.]
 [10.  1.]
 [ 8.  0.]
 [ 6.  6.]
 [ 7. -1.]
 [17.  9.]
 [ 9.  0.]
 [ 8. -1.]
 [ 6.  6.]
 [ 6. -2.]
 [17.  9.]
 [ 8. -1.]
 [ 7. -1.]
 [ 6.  6.]
 [ 5. -2.]
 [17.  9.]
 [ 7. -1.]
 [ 6. -2.]
 [ 6.  6.]
 [ 4. -3.]
 [17.  9.]
 [ 6. -2.]
 [ 5. -2.]
 [ 6.  6.]
 [ 3. -3.]
 [17.  9.]
 [ 5. -2.]
 [ 4. -3.]
 [ 6.  6.]
 [ 2. -4.]
 [17.  9.]
 [ 4. -3.]
 [ 3. -3.]
 [ 6.  6.]
 [ 1. -4.]
 [17.  9.]
 [ 3. -3.]
 [ 2. -4.]
 [ 6.  6.]
 [ 0. -5.]
 [17.  9.]
 [ 2. -4.]
 [ 1. -4.]
 [ 6.  6.]
 [-1. -5.]
 [17.  9.]
 [ 1. -4.]
 [ 0. -5.]
 [ 6.  6.]
 [-2. -5.]
 [17.  9.]
 [ 0. -5.]
 [-1. -5.]
 [ 6.  6.]
 [-2. -5.]
 [17.  9.]
 [ 0. -5.]
 [-1. -5.]
 [ 6.  6.]
 [-3. -5.]
 [17.  9.]
 [-1. -5.]
 [-2. -5.]
 [ 6.  6.]]
