Maze:
##########################
#                        #
#                        #
#                        #
#                        #
#                        #
#     ##############     #
#     #            #     #
#     #            #     #
#     #            #     #
#     #       D    #     #
#     #            #     #
#     #  B  C      #     #
#     #            #     #
#     #            #     #
#     #            #     #
#     #          S #     #
#     #      A     #     #
#     #            #     #
#     ##############     #
#                        #
#                        #
#                        #
#                        #
#                        #
##########################
[[11. 10.]
 [ 7. 11.]
 [ 3.  6.]
 [ 6.  6.]
 [ 8.  4.]
 [10. 10.]
 [ 7. 12.]
 [ 4.  6.]
 [ 6.  6.]
 [ 9.  4.]
 [ 9. 11.]
 [ 7. 13.]
 [ 5.  6.]
 [ 6.  6.]
 [10.  4.]
 [ 8. 12.]
 [ 7. 14.]
 [ 5.  6.]
 [ 6.  6.]
 [11.  4.]
 [ 8. 13.]
 [ 7. 15.]
 [ 5.  6.]
 [ 6.  6.]
 [12.  4.]
 [ 8. 14.]
 [ 7. 16.]
 [ 5.  6.]
 [ 6.  6.]
 [12.  4.]
 [ 8. 15.]
 [ 7. 17.]
 [ 5.  6.]
 [ 6.  6.]
 [12.  4.]
 [ 8. 16.]
 [ 7. 17.]
 [ 5.  6.]
 [ 6.  6.]
 [12.  4.]
 [ 7. 17.]
 [ 6. 17.]
 [ 5.  6.]
 [ 6.  6.]
 [12.  4.]
 [ 6. 17.]
 [ 5. 17.]
 [ 5.  6.]
 [ 6.  6.]
 [12.  4.]
 [ 5. 17.]
 [ 4. 17.]
 [ 5.  6.]
 [ 6.  6.]
 [12.  4.]
 [ 4. 17.]
 [ 3. 17.]
 [ 5.  6.]
 [ 6.  6.]
 [12.  4.]
 [ 3. 17.]
 [ 2. 17.]
 [ 5.  6.]
 [ 6.  6.]
 [12.  4.]
 [ 2. 17.]
 [ 1. 17.]
 [ 5.  6.]
 [ 6.  6.]
 [12.  4.]
 [ 1. 17.]
 [ 0. 17.]
 [ 5.  6.]
 [ 6.  6.]
 [12.  4.]
 [ 0. 17.]
 [-1. 17.]
 [ 5.  6.]
 [ 6.  6.]
 [12.  4.]
 [-1. 17.]
 [-2. 17.]
 [ 5.  6.]
 [ 6.  6.]
 [12.  4.]
 [-2. 17.]
 [-3. 17.]
 [ 5.  6.]
 [ 6.  6.]
 [12.  4.]
 [-3. 17.]
 [-4. 17.]
 [ 5.  6.]
 [ 6.  6.]
 [12.  4.]
 [-4. 17.]
 [-5. 17.]
 [ 5.  6.]
 [ 6.  6.]
 [12.  4.]
 [-4. 17.]
 [-5. 17.]
 [ 5.  6.]
 [ 6.  6.]
 [12.  4.]]
