Maze:
##########################
#                        #
#                        #
#                        #
#                        #
#                        #
#     ##############     #
#     #            #     #
#     #            #     #
#     #            #     #
#     #            #     #
#     #   A        #     #
#     #     C  S   #     #
#     #      D     #     #
#     #         B  #     #
#     #            #     #
#     #            #     #
#     #            #     #
#     #            #     #
#     ##############     #
#                        #
#                        #
#                        #
#                        #
#                        #
##########################
[[ 9.  6.]
 [ 4.  5.]
 [10.  8.]
 [ 6.  6.]
 [ 7.  7.]
 [ 8.  5.]
 [ 3.  4.]
 [10.  7.]
 [ 6.  6.]
 [ 6.  7.]
 [ 7.  5.]
 [ 2.  3.]
 [ 9.  6.]
 [ 6.  6.]
 [ 5.  8.]
 [ 6.  5.]
 [ 1.  2.]
 [ 8.  6.]
 [ 6.  6.]
 [ 4.  9.]
 [ 5.  5.]
 [ 0.  1.]
 [ 7.  6.]
 [ 6.  6.]
 [ 3. 10.]
 [ 4.  5.]
 [ 0.  1.]
 [ 7.  6.]
 [ 6.  6.]
 [ 2. 11.]
 [ 3.  5.]
 [ 0.  1.]
 [ 7.  6.]
 [ 6.  6.]
 [ 2. 11.]
 [ 2.  5.]
 [ 0.  0.]
 [ 7.  6.]
 [ 6.  6.]
 [ 2. 11.]
 [ 1.  4.]
 [ 0.  0.]
 [ 7.  6.]
 [ 6.  6.]
 [ 2. 11.]
 [ 1.  3.]
 [ 0. -1.]
 [ 7.  6.]
 [ 6.  6.]
 [ 2. 11.]
 [ 1.  2.]
 [ 0. -2.]
 [ 7.  6.]
 [ 6.  6.]
 [ 2. 11.]
 [ 1.  1.]
 [ 0. -3.]
 [ 7.  6.]
 [ 6.  6.]
 [ 2. 11.]
 [ 1.  0.]
 [ 0. -3.]
 [ 7.  6.]
 [ 6.  6.]
 [ 2. 11.]
 [ 1. -1.]
 [ 0. -4.]
 [ 7.  6.]
 [ 6.  6.]
 [ 2. 11.]
 [ 1. -2.]
 [ 0. -5.]
 [ 7.  6.]
 [ 6.  6.]
 [ 2. 11.]
 [ 1. -3.]
 [ 0. -5.]
 [ 7.  6.]
 [ 6.  6.]
 [ 2. 11.]
 [ 1. -4.]
 [ 0. -5.]
 [ 7.  6.]
 [ 6.  6.]
 [ 2. 11.]
 [ 0. -5.]
 [-1. -5.]
 [ 7.  6.]
 [ 6.  6.]
 [ 2. 11.]
 [-1. -5.]
 [-2. -5.]
 [ 7.  6.]
 [ 6.  6.]
 [ 2. 11.]
 [-2. -5.]
 [-3. -5.]
 [ 7.  6.]
 [ 6.  6.]
 [ 2. 11.]
 [-2. -5.]
 [-3. -5.]
 [ 7.  6.]
 [ 6.  6.]
 [ 2. 11.]
 [-3. -5.]
 [-4. -5.]
 [ 7.  6.]
 [ 6.  6.]
 [ 2. 11.]]
