Maze:
##########################
#                        #
#                        #
#                        #
#                        #
#                        #
#     ##############     #
#     #            #     #
#     #           B#     #
#     #            #     #
#     #          C #     #
#     #            #     #
#     #  A  D      #     #
#     #         S  #     #
#     #            #     #
#     #            #     #
#     #            #     #
#     #            #     #
#     #            #     #
#     ##############     #
#                        #
#                        #
#                        #
#                        #
#                        #
##########################
[[10.  7.]
 [ 3.  6.]
 [12.  2.]
 [11.  4.]
 [ 6.  6.]
 [ 9.  7.]
 [ 2.  6.]
 [12.  3.]
 [11.  5.]
 [ 6.  6.]
 [ 8.  7.]
 [ 1.  6.]
 [12.  4.]
 [10.  6.]
 [ 6.  6.]
 [ 7.  7.]
 [ 0.  6.]
 [11.  5.]
 [ 9.  6.]
 [ 6.  6.]
 [ 6.  7.]
 [-1.  6.]
 [10.  6.]
 [ 8.  6.]
 [ 6.  6.]
 [ 6.  7.]
 [-2.  6.]
 [ 9.  6.]
 [ 7.  6.]
 [ 6.  6.]
 [ 6.  7.]
 [-3.  6.]
 [ 8.  6.]
 [ 7.  7.]
 [ 6.  6.]
 [ 5.  6.]
 [-4.  6.]
 [ 8.  7.]
 [ 6.  7.]
 [ 6.  6.]
 [ 5.  6.]
 [-4.  6.]
 [ 7.  8.]
 [ 5.  7.]
 [ 6.  6.]
 [ 5.  6.]
 [-4.  6.]
 [ 6.  8.]
 [ 5.  7.]
 [ 6.  6.]
 [ 6.  5.]
 [-4.  6.]
 [ 5.  8.]
 [ 5.  6.]
 [ 6.  6.]
 [ 6.  5.]
 [-5.  6.]
 [ 4.  7.]
 [ 5.  5.]
 [ 6.  6.]
 [ 6.  5.]
 [-5.  6.]
 [ 4.  6.]
 [ 5.  5.]
 [ 6.  6.]
 [ 7.  6.]
 [-5.  6.]
 [ 4.  5.]
 [ 6.  5.]
 [ 6.  6.]
 [ 7.  6.]
 [-5.  6.]
 [ 5.  4.]
 [ 7.  5.]
 [ 6.  6.]
 [ 7.  6.]
 [-5.  6.]
 [ 6.  4.]
 [ 7.  5.]
 [ 6.  6.]
 [ 6.  7.]
 [-5.  6.]
 [ 7.  4.]
 [ 7.  6.]
 [ 6.  6.]
 [ 6.  7.]
 [-5.  6.]
 [ 8.  5.]
 [ 7.  7.]
 [ 6.  6.]
 [ 6.  7.]
 [-5.  6.]
 [ 8.  6.]
 [ 7.  7.]
 [ 6.  6.]
 [ 5.  6.]
 [-5.  6.]
 [ 8.  7.]
 [ 6.  7.]
 [ 6.  6.]
 [ 5.  6.]
 [-5.  6.]
 [ 8.  7.]
 [ 6.  7.]
 [ 6.  6.]
 [ 5.  6.]
 [-5.  6.]
 [ 7.  8.]
 [ 5.  7.]
 [ 6.  6.]]
