Maze:
##########################
#                        #
#                        #
#                        #
#                        #
#                        #
#     ##############     #
#     #            #     #
#     #      S     #     #
#     #            #     #
#     #            #     #
#     # B          #     #
#     #     D      #     #
#     #            #     #
#     #A           #     #
#     #            #     #
#     #            #     #
#     #       C    #     #
#     #            #     #
#     ##############     #
#                        #
#                        #
#                        #
#                        #
#                        #
##########################
[[ 7.  2.]
 [ 1.  8.]
 [ 2.  5.]
 [ 8. 11.]
 [ 6.  6.]
 [ 7.  2.]
 [ 1.  9.]
 [ 1.  5.]
 [ 8. 11.]
 [ 6.  6.]
 [ 7.  2.]
 [ 1. 10.]
 [ 1.  6.]
 [ 8. 11.]
 [ 6.  6.]
 [ 7.  2.]
 [ 1. 11.]
 [ 0.  7.]
 [ 8. 11.]
 [ 6.  6.]
 [ 7.  2.]
 [ 1. 12.]
 [ 0.  8.]
 [ 8. 11.]
 [ 6.  6.]
 [ 7.  2.]
 [ 1. 13.]
 [ 0.  9.]
 [ 8. 11.]
 [ 6.  6.]
 [ 7.  2.]
 [ 1. 14.]
 [ 0. 10.]
 [ 8. 11.]
 [ 6.  6.]
 [ 7.  2.]
 [ 1. 15.]
 [ 0. 11.]
 [ 8. 11.]
 [ 6.  6.]
 [ 7.  2.]
 [ 1. 16.]
 [ 0. 12.]
 [ 8. 11.]
 [ 6.  6.]
 [ 7.  2.]
 [ 1. 17.]
 [ 0. 13.]
 [ 8. 11.]
 [ 6.  6.]
 [ 7.  2.]
 [ 1. 17.]
 [ 0. 14.]
 [ 8. 11.]
 [ 6.  6.]
 [ 7.  2.]
 [ 1. 17.]
 [ 0. 15.]
 [ 8. 11.]
 [ 6.  6.]
 [ 7.  2.]
 [ 1. 17.]
 [ 0. 16.]
 [ 8. 11.]
 [ 6.  6.]
 [ 7.  2.]
 [ 2. 17.]
 [ 1. 17.]
 [ 8. 11.]
 [ 6.  6.]
 [ 7.  2.]
 [ 3. 17.]
 [ 2. 17.]
 [ 8. 11.]
 [ 6.  6.]
 [ 7.  2.]
 [ 4. 17.]
 [ 3. 17.]
 [ 8. 11.]
 [ 6.  6.]
 [ 7.  2.]
 [ 5. 17.]
 [ 4. 17.]
 [ 8. 11.]
 [ 6.  6.]
 [ 7.  2.]
 [ 6. 17.]
 [ 5. 17.]
 [ 8. 11.]
 [ 6.  6.]
 [ 7.  2.]
 [ 7. 17.]
 [ 6. 17.]
 [ 8. 11.]
 [ 6.  6.]
 [ 7.  2.]
 [ 8. 17.]
 [ 7. 17.]
 [ 8. 11.]
 [ 6.  6.]
 [ 7.  2.]
 [ 8. 17.]
 [ 7. 17.]
 [ 8. 11.]
 [ 6.  6.]
 [ 7.  2.]
 [ 9. 17.]
 [ 8. 17.]
 [ 8. 11.]
 [ 6.  6.]]
