Maze:
##########################
#                        #
#                        #
#                        #
#                        #
#                        #
#     ##############     #
#     #            #     #
#     #    B       #     #
#     #            #     #
#     #            #     #
#     #            #     #
#     #     S      #     #
#     #            #     #
#     #         A  #     #
#     #            #     #
#     # C          #     #
#     #            #     #
#     #          D #     #
#     ##############     #
#                        #
#                        #
#                        #
#                        #
#                        #
##########################
[[ 6.  6.]
 [10.  8.]
 [ 5.  2.]
 [ 2. 10.]
 [11. 12.]
 [ 6.  6.]
 [10.  7.]
 [ 5.  3.]
 [ 3. 10.]
 [11. 11.]
 [ 6.  6.]
 [10.  6.]
 [ 5.  4.]
 [ 4.  9.]
 [11. 10.]
 [ 6.  6.]
 [11.  5.]
 [ 5.  5.]
 [ 5.  8.]
 [11.  9.]
 [ 6.  6.]
 [12.  4.]
 [ 5.  5.]
 [ 6.  7.]
 [12.  8.]
 [ 6.  6.]
 [12.  3.]
 [ 5.  5.]
 [ 6.  7.]
 [13.  7.]
 [ 6.  6.]
 [12.  2.]
 [ 5.  5.]
 [ 6.  7.]
 [13.  6.]
 [ 6.  6.]
 [12.  1.]
 [ 5.  5.]
 [ 6.  7.]
 [13.  5.]
 [ 6.  6.]
 [12.  0.]
 [ 5.  5.]
 [ 6.  7.]
 [13.  4.]
 [ 6.  6.]
 [12. -1.]
 [ 5.  5.]
 [ 6.  7.]
 [13.  3.]
 [ 6.  6.]
 [12. -2.]
 [ 5.  5.]
 [ 6.  7.]
 [13.  2.]
 [ 6.  6.]
 [12. -3.]
 [ 5.  5.]
 [ 6.  7.]
 [13.  1.]
 [ 6.  6.]
 [12. -4.]
 [ 5.  5.]
 [ 6.  7.]
 [13.  0.]
 [ 6.  6.]
 [12. -5.]
 [ 5.  5.]
 [ 6.  7.]
 [13. -1.]
 [ 6.  6.]
 [12. -5.]
 [ 5.  5.]
 [ 6.  7.]
 [13. -2.]
 [ 6.  6.]
 [12. -5.]
 [ 5.  5.]
 [ 6.  7.]
 [13. -3.]
 [ 6.  6.]
 [12. -5.]
 [ 5.  5.]
 [ 6.  7.]
 [13. -4.]
 [ 6.  6.]
 [11. -5.]
 [ 5.  5.]
 [ 6.  7.]
 [12. -5.]
 [ 6.  6.]
 [10. -5.]
 [ 5.  5.]
 [ 6.  7.]
 [11. -5.]
 [ 6.  6.]
 [ 9. -5.]
 [ 5.  5.]
 [ 6.  7.]
 [10. -5.]
 [ 6.  6.]
 [ 9. -5.]
 [ 5.  5.]
 [ 6.  7.]
 [10. -5.]
 [ 6.  6.]
 [ 8. -5.]
 [ 5.  5.]
 [ 6.  7.]
 [ 9. -5.]]
