Maze:
##########################
#                        #
#                        #
#                        #
#                        #
#                        #
#     ##############     #
#     #            #     #
#     #            #     #
#     #            #     #
#     #            #     #
#     #            #     #
#     #     D      #     #
#     #          A #     #
#     #            #     #
#     #            #     #
#     #    C       #     #
#     #  S         #     #
#     #        B   #     #
#     ##############     #
#                        #
#                        #
#                        #
#                        #
#                        #
##########################
[[ 3. 11.]
 [11.  7.]
 [ 9. 12.]
 [ 5. 10.]
 [ 6.  6.]
 [ 3. 11.]
 [12.  6.]
 [ 8. 12.]
 [ 4. 10.]
 [ 6.  6.]
 [ 3. 10.]
 [13.  6.]
 [ 7. 12.]
 [ 3. 11.]
 [ 6.  6.]
 [ 2. 10.]
 [14.  6.]
 [ 6. 12.]
 [ 3. 10.]
 [ 6.  6.]
 [ 2.  9.]
 [15.  6.]
 [ 5. 12.]
 [ 2. 10.]
 [ 6.  6.]
 [ 1.  9.]
 [15.  6.]
 [ 4. 12.]
 [ 2.  9.]
 [ 6.  6.]
 [ 1.  8.]
 [15.  6.]
 [ 3. 11.]
 [ 1.  9.]
 [ 6.  6.]
 [ 0.  8.]
 [15.  6.]
 [ 2. 10.]
 [ 1.  8.]
 [ 6.  6.]
 [ 0.  7.]
 [15.  6.]
 [ 1.  9.]
 [ 0.  8.]
 [ 6.  6.]
 [-1.  6.]
 [15.  6.]
 [ 0.  8.]
 [ 0.  7.]
 [ 6.  6.]
 [-1.  5.]
 [15.  6.]
 [ 0.  7.]
 [-1.  6.]
 [ 6.  6.]
 [-2.  4.]
 [15.  6.]
 [-1.  6.]
 [-1.  5.]
 [ 6.  6.]
 [-2.  3.]
 [15.  6.]
 [-1.  5.]
 [-2.  4.]
 [ 6.  6.]
 [-3.  2.]
 [15.  6.]
 [-2.  4.]
 [-2.  3.]
 [ 6.  6.]
 [-3.  1.]
 [15.  6.]
 [-2.  3.]
 [-3.  2.]
 [ 6.  6.]
 [-4.  0.]
 [15.  6.]
 [-3.  2.]
 [-3.  1.]
 [ 6.  6.]
 [-4. -1.]
 [15.  6.]
 [-3.  1.]
 [-4.  0.]
 [ 6.  6.]
 [-5. -2.]
 [15.  6.]
 [-4.  0.]
 [-4. -1.]
 [ 6.  6.]
 [-5. -3.]
 [15.  6.]
 [-4. -1.]
 [-5. -2.]
 [ 6.  6.]
 [-5. -4.]
 [15.  6.]
 [-5. -2.]
 [-5. -3.]
 [ 6.  6.]
 [-5. -4.]
 [15.  6.]
 [-5. -2.]
 [-5. -3.]
 [ 6.  6.]
 [-5. -5.]
 [15.  6.]
 [-5. -3.]
 [-5. -4.]
 [ 6.  6.]]
