Maze:
##########################
#                        #
#                        #
#                        #
#                        #
#                        #
#     ##############     #
#     #           C#     #
#     #            #     #
#     #  S         #     #
#     #            #     #
#     #            #     #
#     #     B D    #     #
#     #            #     #
#     #        A   #     #
#     #            #     #
#     #            #     #
#     #            #     #
#     #            #     #
#     ##############     #
#                        #
#                        #
#                        #
#                        #
#                        #
##########################
[[ 3.  3.]
 [ 9.  8.]
 [ 6.  6.]
 [12.  1.]
 [ 8.  6.]
 [ 3.  3.]
 [10.  9.]
 [ 6.  6.]
 [12.  1.]
 [ 9.  6.]
 [ 3.  2.]
 [11. 10.]
 [ 6.  6.]
 [12.  1.]
 [10.  6.]
 [ 3.  2.]
 [11. 11.]
 [ 6.  6.]
 [12.  1.]
 [11.  7.]
 [ 3.  2.]
 [11. 12.]
 [ 6.  6.]
 [12.  1.]
 [12.  8.]
 [ 3.  1.]
 [11. 13.]
 [ 6.  6.]
 [12.  1.]
 [12.  9.]
 [ 3.  1.]
 [11. 14.]
 [ 6.  6.]
 [12.  1.]
 [12. 10.]
 [ 3.  1.]
 [11. 15.]
 [ 6.  6.]
 [12.  1.]
 [12. 11.]
 [ 3.  1.]
 [11. 16.]
 [ 6.  6.]
 [12.  1.]
 [12. 12.]
 [ 3.  1.]
 [11. 17.]
 [ 6.  6.]
 [12.  1.]
 [12. 13.]
 [ 3.  1.]
 [11. 17.]
 [ 6.  6.]
 [12.  1.]
 [12. 14.]
 [ 3.  1.]
 [11. 17.]
 [ 6.  6.]
 [12.  1.]
 [12. 15.]
 [ 3.  1.]
 [11. 17.]
 [ 6.  6.]
 [12.  1.]
 [12. 16.]
 [ 3.  1.]
 [10. 17.]
 [ 6.  6.]
 [12.  1.]
 [11. 17.]
 [ 3.  1.]
 [ 9. 17.]
 [ 6.  6.]
 [12.  1.]
 [10. 17.]
 [ 3.  1.]
 [ 8. 17.]
 [ 6.  6.]
 [12.  1.]
 [ 9. 17.]
 [ 3.  1.]
 [ 7. 17.]
 [ 6.  6.]
 [12.  1.]
 [ 8. 17.]
 [ 3.  1.]
 [ 6. 17.]
 [ 6.  6.]
 [12.  1.]
 [ 7. 17.]
 [ 3.  1.]
 [ 5. 17.]
 [ 6.  6.]
 [12.  1.]
 [ 6. 17.]
 [ 3.  1.]
 [ 4. 17.]
 [ 6.  6.]
 [12.  1.]
 [ 5. 17.]
 [ 3.  1.]
 [ 4. 17.]
 [ 6.  6.]
 [12.  1.]
 [ 5. 17.]
 [ 3.  1.]
 [ 3. 17.]
 [ 6.  6.]
 [12.  1.]
 [ 4. 17.]]
