Maze:
##########################
#                        #
#                        #
#                        #
#                        #
#                        #
#     ##############     #
#     #            #     #
#     #            #     #
#     #            #     #
#     #S           #     #
#     #       A    #     #
#     #     C      #     #
#     #            #     #
#     #            #     #
#     #            #     #
#     #         D  #     #
#     #           B#     #
#     #            #     #
#     ##############     #
#                        #
#                        #
#                        #
#                        #
#                        #
##########################
[[ 1.  4.]
 [ 8.  5.]
 [12. 11.]
 [ 6.  6.]
 [10. 10.]
 [ 1.  4.]
 [ 7.  4.]
 [13. 11.]
 [ 6.  6.]
 [ 9.  9.]
 [ 2.  4.]
 [ 7.  3.]
 [14. 11.]
 [ 6.  6.]
 [ 8.  8.]
 [ 3.  4.]
 [ 7.  2.]
 [14. 11.]
 [ 6.  6.]
 [ 8.  8.]
 [ 4.  4.]
 [ 7.  1.]
 [14. 11.]
 [ 6.  6.]
 [ 8.  8.]
 [ 5.  3.]
 [ 7.  0.]
 [14. 11.]
 [ 6.  6.]
 [ 8.  8.]
 [ 6.  2.]
 [ 7. -1.]
 [14. 11.]
 [ 6.  6.]
 [ 8.  8.]
 [ 6.  1.]
 [ 7. -2.]
 [14. 11.]
 [ 6.  6.]
 [ 8.  8.]
 [ 6.  0.]
 [ 7. -3.]
 [14. 11.]
 [ 6.  6.]
 [ 8.  8.]
 [ 6. -1.]
 [ 7. -4.]
 [14. 11.]
 [ 6.  6.]
 [ 8.  8.]
 [ 6. -2.]
 [ 7. -5.]
 [14. 11.]
 [ 6.  6.]
 [ 8.  8.]
 [ 6. -3.]
 [ 7. -5.]
 [14. 11.]
 [ 6.  6.]
 [ 8.  8.]
 [ 6. -4.]
 [ 7. -5.]
 [14. 11.]
 [ 6.  6.]
 [ 8.  8.]
 [ 7. -5.]
 [ 8. -5.]
 [14. 11.]
 [ 6.  6.]
 [ 8.  8.]
 [ 8. -5.]
 [ 9. -5.]
 [14. 11.]
 [ 6.  6.]
 [ 8.  8.]
 [ 9. -5.]
 [10. -5.]
 [14. 11.]
 [ 6.  6.]
 [ 8.  8.]
 [10. -5.]
 [11. -5.]
 [14. 11.]
 [ 6.  6.]
 [ 8.  8.]
 [11. -5.]
 [12. -5.]
 [14. 11.]
 [ 6.  6.]
 [ 8.  8.]
 [12. -5.]
 [13. -5.]
 [14. 11.]
 [ 6.  6.]
 [ 8.  8.]
 [13. -5.]
 [14. -5.]
 [14. 11.]
 [ 6.  6.]
 [ 8.  8.]
 [13. -5.]
 [14. -5.]
 [14. 11.]
 [ 6.  6.]
 [ 8.  8.]
 [14. -5.]
 [15. -5.]
 [14. 11.]
 [ 6.  6.]
 [ 8.  8.]]
