Maze:
##########################
#                        #
#                        #
#                        #
#                        #
#                        #
#     ##############     #
#     #            #     #
#     #            #     #
#     #            #     #
#     #            #     #
#     #            #     #
#     #     D      #     #
#     # C          #     #
#     #B           #     #
#     #        A   #     #
#     #     S      #     #
#     #            #     #
#     #            #     #
#     ##############     #
#                        #
#                        #
#                        #
#                        #
#                        #
##########################
[[ 6. 10.]
 [ 9.  9.]
 [ 1.  8.]
 [ 2.  7.]
 [ 6.  6.]
 [ 7. 10.]
 [10.  9.]
 [ 2.  7.]
 [ 3.  7.]
 [ 6.  6.]
 [ 8. 10.]
 [11.  9.]
 [ 3.  7.]
 [ 4.  7.]
 [ 6.  6.]
 [ 9. 10.]
 [12.  9.]
 [ 4.  7.]
 [ 5.  7.]
 [ 6.  6.]
 [10. 10.]
 [13.  9.]
 [ 5.  7.]
 [ 6.  8.]
 [ 6.  6.]
 [11. 10.]
 [14.  9.]
 [ 5.  8.]
 [ 7.  9.]
 [ 6.  6.]
 [12. 10.]
 [15.  9.]
 [ 5.  9.]
 [ 8.  9.]
 [ 6.  6.]
 [13. 10.]
 [16.  9.]
 [ 6. 10.]
 [ 9.  9.]
 [ 6.  6.]
 [14. 10.]
 [17.  9.]
 [ 7. 10.]
 [10.  9.]
 [ 6.  6.]
 [15. 10.]
 [17.  9.]
 [ 8. 10.]
 [11.  9.]
 [ 6.  6.]
 [16. 10.]
 [17.  9.]
 [ 9. 10.]
 [12.  9.]
 [ 6.  6.]
 [17.  9.]
 [17.  8.]
 [10. 10.]
 [13.  9.]
 [ 6.  6.]
 [17.  8.]
 [17.  7.]
 [11. 10.]
 [14.  9.]
 [ 6.  6.]
 [17.  7.]
 [17.  6.]
 [12. 10.]
 [15.  9.]
 [ 6.  6.]
 [17.  6.]
 [17.  5.]
 [13. 10.]
 [16.  8.]
 [ 6.  6.]
 [17.  5.]
 [17.  4.]
 [14.  9.]
 [16.  7.]
 [ 6.  6.]
 [17.  4.]
 [17.  3.]
 [15.  8.]
 [16.  6.]
 [ 6.  6.]
 [17.  3.]
 [17.  2.]
 [15.  7.]
 [16.  5.]
 [ 6.  6.]
 [17.  2.]
 [17.  1.]
 [15.  6.]
 [16.  4.]
 [ 6.  6.]
 [17.  1.]
 [17.  0.]
 [15.  5.]
 [16.  3.]
 [ 6.  6.]
 [17.  1.]
 [17.  0.]
 [15.  5.]
 [16.  3.]
 [ 6.  6.]
 [17.  0.]
 [17. -1.]
 [15.  4.]
 [16.  2.]
 [ 6.  6.]]
