Maze:
##########################
#                        #
#                        #
#                        #
#                        #
#                        #
#     ##############     #
#     #     A      #     #
#     #            #     #
#     #            #     #
#     #            #     #
#     #            #     #
#     #     D  S   #     #
#     #            #     #
#     #            #     #
#     #            #     #
#     #    C       #     #
#     #       B    #     #
#     #            #     #
#     ##############     #
#                        #
#                        #
#                        #
#                        #
#                        #
##########################
[[ 9.  6.]
 [ 6.  1.]
 [ 8. 11.]
 [ 5. 10.]
 [ 6.  6.]
 [ 9.  5.]
 [ 6.  0.]
 [ 7. 10.]
 [ 5. 10.]
 [ 6.  6.]
 [ 9.  4.]
 [ 6. -1.]
 [ 6. 10.]
 [ 4. 10.]
 [ 6.  6.]
 [ 9.  3.]
 [ 6. -2.]
 [ 5. 10.]
 [ 3. 10.]
 [ 6.  6.]
 [ 9.  2.]
 [ 6. -3.]
 [ 4. 10.]
 [ 2. 10.]
 [ 6.  6.]
 [ 9.  1.]
 [ 6. -4.]
 [ 3. 10.]
 [ 1. 10.]
 [ 6.  6.]
 [ 9.  0.]
 [ 6. -4.]
 [ 2. 10.]
 [ 0. 10.]
 [ 6.  6.]
 [ 8. -1.]
 [ 6. -4.]
 [ 1. 10.]
 [-1. 10.]
 [ 6.  6.]
 [ 7. -2.]
 [ 6. -5.]
 [ 0. 10.]
 [-2. 10.]
 [ 6.  6.]
 [ 7. -3.]
 [ 6. -5.]
 [-1. 10.]
 [-3. 10.]
 [ 6.  6.]
 [ 7. -4.]
 [ 6. -5.]
 [-2. 10.]
 [-4. 10.]
 [ 6.  6.]
 [ 6. -5.]
 [ 5. -5.]
 [-3. 10.]
 [-5. 10.]
 [ 6.  6.]
 [ 5. -5.]
 [ 4. -5.]
 [-4. 10.]
 [-5. 10.]
 [ 6.  6.]
 [ 4. -5.]
 [ 3. -5.]
 [-4. 10.]
 [-5. 10.]
 [ 6.  6.]
 [ 3. -5.]
 [ 2. -5.]
 [-4. 10.]
 [-5. 10.]
 [ 6.  6.]
 [ 2. -5.]
 [ 1. -5.]
 [-4. 10.]
 [-5. 10.]
 [ 6.  6.]
 [ 1. -5.]
 [ 0. -5.]
 [-4. 10.]
 [-5. 10.]
 [ 6.  6.]
 [ 0. -5.]
 [-1. -5.]
 [-4. 10.]
 [-5. 10.]
 [ 6.  6.]
 [-1. -5.]
 [-2. -5.]
 [-4. 10.]
 [-5. 10.]
 [ 6.  6.]
 [-2. -5.]
 [-3. -5.]
 [-4. 10.]
 [-5. 10.]
 [ 6.  6.]
 [-2. -5.]
 [-3. -5.]
 [-4. 10.]
 [-5. 10.]
 [ 6.  6.]
 [-3. -5.]
 [-4. -5.]
 [-4. 10.]
 [-5. 10.]
 [ 6.  6.]]
