Maze:
##########################
#                        #
#                        #
#                        #
#                        #
#                        #
#     ##############     #
#     #            #     #
#     #            #     #
#     #            #     #
#     #B           #     #
#     #          S #     #
#     #     C      #     #
#     #         A  #     #
#     #            #     #
#     #  D         #     #
#     #            #     #
#     #            #     #
#     #            #     #
#     ##############     #
#                        #
#                        #
#                        #
#                        #
#                        #
##########################
[[11.  5.]
 [10.  7.]
 [ 1.  4.]
 [ 6.  6.]
 [ 3.  9.]
 [11.  6.]
 [10.  8.]
 [ 2.  3.]
 [ 6.  6.]
 [ 3. 10.]
 [11.  7.]
 [10.  9.]
 [ 3.  3.]
 [ 6.  6.]
 [ 3. 10.]
 [11.  8.]
 [10. 10.]
 [ 4.  3.]
 [ 6.  6.]
 [ 3. 11.]
 [11.  9.]
 [10. 11.]
 [ 5.  4.]
 [ 6.  6.]
 [ 3. 11.]
 [11. 10.]
 [10. 12.]
 [ 6.  5.]
 [ 6.  6.]
 [ 3. 11.]
 [11. 11.]
 [10. 13.]
 [ 6.  5.]
 [ 6.  6.]
 [ 3. 12.]
 [11. 12.]
 [10. 14.]
 [ 6.  5.]
 [ 6.  6.]
 [ 3. 12.]
 [11. 13.]
 [10. 15.]
 [ 6.  5.]
 [ 6.  6.]
 [ 3. 12.]
 [11. 14.]
 [10. 16.]
 [ 6.  5.]
 [ 6.  6.]
 [ 3. 12.]
 [11. 15.]
 [10. 17.]
 [ 6.  5.]
 [ 6.  6.]
 [ 3. 12.]
 [11. 16.]
 [10. 17.]
 [ 6.  5.]
 [ 6.  6.]
 [ 3. 12.]
 [10. 17.]
 [ 9. 17.]
 [ 6.  5.]
 [ 6.  6.]
 [ 3. 12.]
 [ 9. 17.]
 [ 8. 17.]
 [ 6.  5.]
 [ 6.  6.]
 [ 3. 12.]
 [ 8. 17.]
 [ 7. 17.]
 [ 6.  5.]
 [ 6.  6.]
 [ 3. 13.]
 [ 7. 17.]
 [ 6. 17.]
 [ 6.  5.]
 [ 6.  6.]
 [ 3. 14.]
 [ 6. 17.]
 [ 5. 17.]
 [ 6.  5.]
 [ 6.  6.]
 [ 3. 15.]
 [ 5. 17.]
 [ 4. 17.]
 [ 6.  5.]
 [ 6.  6.]
 [ 4. 16.]
 [ 5. 17.]
 [ 4. 17.]
 [ 6.  5.]
 [ 6.  6.]
 [ 4. 16.]]
