Maze:
##########################
#                        #
#                        #
#                        #
#                        #
#                        #
#     ##############     #
#     #            #     #
#     #            #     #
#     #            #     #
#     #          A #     #
#     #            #     #
#     #     B D    #     #
#     #      S     #     #
#     #            #     #
#     #            #     #
#     #            #     #
#     #           C#     #
#     #            #     #
#     ##############     #
#                        #
#                        #
#                        #
#                        #
#                        #
##########################
[[ 7.  7.]
 [11.  4.]
 [ 6.  6.]
 [12. 11.]
 [ 8.  6.]
 [ 8.  7.]
 [12.  4.]
 [ 6.  6.]
 [12. 10.]
 [ 9.  6.]
 [ 9.  7.]
 [13.  4.]
 [ 6.  6.]
 [12.  9.]
 [10.  5.]
 [10.  7.]
 [14.  4.]
 [ 6.  6.]
 [11.  8.]
 [11.  4.]
 [11.  7.]
 [15.  4.]
 [ 6.  6.]
 [10.  7.]
 [12.  4.]
 [12.  6.]
 [16.  4.]
 [ 6.  6.]
 [11.  7.]
 [13.  4.]
 [13.  6.]
 [17.  4.]
 [ 6.  6.]
 [12.  6.]
 [14.  3.]
 [14.  5.]
 [17.  4.]
 [ 6.  6.]
 [13.  6.]
 [15.  3.]
 [15.  5.]
 [17.  4.]
 [ 6.  6.]
 [14.  5.]
 [16.  3.]
 [16.  4.]
 [17.  5.]
 [ 6.  6.]
 [15.  5.]
 [17.  3.]
 [17.  5.]
 [17.  6.]
 [ 6.  6.]
 [16.  5.]
 [17.  3.]
 [17.  6.]
 [17.  7.]
 [ 6.  6.]
 [17.  5.]
 [17.  2.]
 [17.  7.]
 [17.  8.]
 [ 6.  6.]
 [17.  6.]
 [17.  2.]
 [17.  8.]
 [17.  9.]
 [ 6.  6.]
 [17.  7.]
 [17.  2.]
 [17.  9.]
 [17. 10.]
 [ 6.  6.]
 [17.  8.]
 [17.  2.]
 [17. 10.]
 [17. 11.]
 [ 6.  6.]
 [17.  9.]
 [17.  2.]
 [17. 11.]
 [17. 12.]
 [ 6.  6.]
 [17. 10.]
 [17.  2.]
 [17. 12.]
 [17. 13.]
 [ 6.  6.]
 [17. 11.]
 [17.  2.]
 [17. 13.]
 [17. 14.]
 [ 6.  6.]
 [17. 12.]
 [17.  2.]
 [17. 14.]
 [17. 15.]
 [ 6.  6.]
 [17. 13.]
 [17.  2.]
 [17. 14.]
 [17. 15.]
 [ 6.  6.]
 [17. 13.]
 [17.  2.]
 [17. 15.]
 [17. 16.]
 [ 6.  6.]
 [17. 14.]
 [17.  2.]]
