Maze:
##########################
#                        #
#                        #
#                        #
#                        #
#                        #
#     ##############     #
#     #            #     #
#     # C          #     #
#     #            #     #
#     #            #     #
#     #            #     #
#     #     D     B#     #
#     #            #     #
#     #            #     #
#     #            #     #
#     #     A      #     #
#     #            #     #
#     #  S         #     #
#     ##############     #
#                        #
#                        #
#                        #
#                        #
#                        #
##########################
[[ 3. 12.]
 [ 6. 10.]
 [12.  6.]
 [ 2.  2.]
 [ 6.  6.]
 [ 4. 11.]
 [ 6. 11.]
 [12.  6.]
 [ 2.  2.]
 [ 6.  6.]
 [ 5. 11.]
 [ 7. 12.]
 [12.  6.]
 [ 2.  2.]
 [ 6.  6.]
 [ 6. 11.]
 [ 7. 13.]
 [12.  6.]
 [ 2.  2.]
 [ 6.  6.]
 [ 6. 12.]
 [ 7. 14.]
 [12.  6.]
 [ 2.  2.]
 [ 6.  6.]
 [ 6. 13.]
 [ 7. 15.]
 [12.  6.]
 [ 2.  2.]
 [ 6.  6.]
 [ 6. 14.]
 [ 7. 16.]
 [12.  6.]
 [ 2.  2.]
 [ 6.  6.]
 [ 6. 15.]
 [ 7. 17.]
 [12.  6.]
 [ 2.  2.]
 [ 6.  6.]
 [ 6. 16.]
 [ 7. 17.]
 [12.  6.]
 [ 2.  2.]
 [ 6.  6.]
 [ 7. 17.]
 [ 8. 17.]
 [13.  6.]
 [ 2.  2.]
 [ 6.  6.]
 [ 8. 17.]
 [ 9. 17.]
 [13.  6.]
 [ 2.  2.]
 [ 6.  6.]
 [ 9. 17.]
 [10. 17.]
 [13.  6.]
 [ 2.  2.]
 [ 6.  6.]
 [10. 17.]
 [11. 17.]
 [13.  6.]
 [ 2.  2.]
 [ 6.  6.]
 [11. 17.]
 [12. 17.]
 [13.  6.]
 [ 2.  2.]
 [ 6.  6.]
 [12. 17.]
 [13. 17.]
 [13.  6.]
 [ 2.  2.]
 [ 6.  6.]
 [13. 17.]
 [14. 17.]
 [13.  6.]
 [ 2.  2.]
 [ 6.  6.]
 [14. 17.]
 [15. 17.]
 [13.  6.]
 [ 2.  2.]
 [ 6.  6.]
 [15. 17.]
 [16. 17.]
 [14.  6.]
 [ 2.  2.]
 [ 6.  6.]
 [16. 17.]
 [17. 17.]
 [14.  6.]
 [ 2.  2.]
 [ 6.  6.]
 [16. 17.]
 [17. 17.]
 [14.  6.]
 [ 2.  2.]
 [ 6.  6.]]
