Maze:
##########################
#                        #
#                        #
#                        #
#                        #
#                        #
#     ##############     #
#     #            #     #
#     #            #     #
#     #     B      #     #
#     #            #     #
#     # A          #     #
#     #     S      #     #
#     #            #     #
#     #D           #     #
#     #            #     #
#     #            #     #
#     #            #     #
#     #         C  #     #
#     ##############     #
#                        #
#                        #
#                        #
#                        #
#                        #
##########################
[[ 6.  6.]
 [ 2.  5.]
 [ 6.  3.]
 [10. 12.]
 [ 1.  8.]
 [ 6.  6.]
 [ 2.  4.]
 [ 6.  4.]
 [10. 12.]
 [ 1.  7.]
 [ 6.  6.]
 [ 2.  3.]
 [ 6.  5.]
 [10. 12.]
 [ 1.  6.]
 [ 6.  6.]
 [ 2.  2.]
 [ 6.  5.]
 [10. 12.]
 [ 1.  5.]
 [ 6.  6.]
 [ 2.  1.]
 [ 6.  5.]
 [10. 12.]
 [ 1.  4.]
 [ 6.  6.]
 [ 2.  0.]
 [ 6.  5.]
 [10. 12.]
 [ 1.  3.]
 [ 6.  6.]
 [ 2. -1.]
 [ 6.  5.]
 [10. 12.]
 [ 1.  2.]
 [ 6.  6.]
 [ 2. -2.]
 [ 6.  5.]
 [10. 12.]
 [ 1.  1.]
 [ 6.  6.]
 [ 2. -3.]
 [ 6.  5.]
 [10. 12.]
 [ 1.  0.]
 [ 6.  6.]
 [ 2. -4.]
 [ 6.  5.]
 [10. 12.]
 [ 1. -1.]
 [ 6.  6.]
 [ 2. -5.]
 [ 6.  5.]
 [10. 12.]
 [ 1. -2.]
 [ 6.  6.]
 [ 2. -5.]
 [ 6.  5.]
 [10. 12.]
 [ 1. -3.]
 [ 6.  6.]
 [ 2. -5.]
 [ 6.  5.]
 [10. 12.]
 [ 1. -4.]
 [ 6.  6.]
 [ 3. -5.]
 [ 6.  5.]
 [10. 12.]
 [ 2. -5.]
 [ 6.  6.]
 [ 4. -5.]
 [ 6.  5.]
 [10. 12.]
 [ 3. -5.]
 [ 6.  6.]
 [ 5. -5.]
 [ 6.  5.]
 [10. 12.]
 [ 4. -5.]
 [ 6.  6.]
 [ 6. -5.]
 [ 6.  5.]
 [10. 12.]
 [ 5. -5.]
 [ 6.  6.]
 [ 7. -5.]
 [ 6.  5.]
 [10. 12.]
 [ 6. -5.]
 [ 6.  6.]
 [ 8. -5.]
 [ 6.  5.]
 [10. 12.]
 [ 7. -5.]
 [ 6.  6.]
 [ 9. -5.]
 [ 6.  5.]
 [10. 12.]
 [ 8. -5.]
 [ 6.  6.]
 [ 9. -5.]
 [ 6.  5.]
 [10. 12.]
 [ 8. -5.]
 [ 6.  6.]
 [10. -5.]
 [ 6.  5.]
 [10. 12.]
 [ 9. -5.]]
