Maze:
##########################
#                        #
#                        #
#                        #
#                        #
#                        #
#     ##############     #
#     #    B       #     #
#     #            #     #
#     #            #     #
#     #D           #     #
#     #            #     #
#     #     C     S#     #
#     #            #     #
#     #   A        #     #
#     #            #     #
#     #            #     #
#     #            #     #
#     #            #     #
#     ##############     #
#                        #
#                        #
#                        #
#                        #
#                        #
##########################
[[12.  6.]
 [ 4.  8.]
 [ 5.  1.]
 [ 6.  6.]
 [ 1.  4.]
 [12.  6.]
 [ 4.  9.]
 [ 6.  1.]
 [ 6.  6.]
 [ 1.  5.]
 [12.  6.]
 [ 4. 10.]
 [ 7.  2.]
 [ 6.  6.]
 [ 1.  6.]
 [12.  6.]
 [ 4. 11.]
 [ 7.  3.]
 [ 6.  6.]
 [ 1.  7.]
 [12.  6.]
 [ 4. 12.]
 [ 7.  4.]
 [ 6.  6.]
 [ 1.  8.]
 [12.  6.]
 [ 4. 13.]
 [ 7.  5.]
 [ 6.  6.]
 [ 1.  9.]
 [13.  6.]
 [ 4. 14.]
 [ 7.  5.]
 [ 6.  6.]
 [ 1. 10.]
 [13.  6.]
 [ 4. 15.]
 [ 7.  5.]
 [ 6.  6.]
 [ 1. 11.]
 [13.  6.]
 [ 4. 16.]
 [ 7.  5.]
 [ 6.  6.]
 [ 1. 12.]
 [13.  6.]
 [ 4. 17.]
 [ 7.  5.]
 [ 6.  6.]
 [ 1. 13.]
 [13.  6.]
 [ 4. 17.]
 [ 7.  5.]
 [ 6.  6.]
 [ 1. 14.]
 [13.  6.]
 [ 5. 17.]
 [ 7.  5.]
 [ 6.  6.]
 [ 1. 15.]
 [13.  6.]
 [ 6. 17.]
 [ 7.  5.]
 [ 6.  6.]
 [ 2. 16.]
 [13.  6.]
 [ 7. 17.]
 [ 7.  5.]
 [ 6.  6.]
 [ 3. 16.]
 [13.  6.]
 [ 8. 17.]
 [ 7.  5.]
 [ 6.  6.]
 [ 4. 16.]
 [13.  6.]
 [ 9. 17.]
 [ 7.  5.]
 [ 6.  6.]
 [ 5. 16.]
 [13.  6.]
 [10. 17.]
 [ 7.  5.]
 [ 6.  6.]
 [ 6. 16.]
 [13.  6.]
 [11. 17.]
 [ 7.  5.]
 [ 6.  6.]
 [ 7. 16.]
 [13.  6.]
 [12. 17.]
 [ 7.  5.]
 [ 6.  6.]
 [ 8. 16.]
 [13.  6.]
 [13. 17.]
 [ 7.  5.]
 [ 6.  6.]
 [ 9. 16.]
 [13.  6.]
 [13. 17.]
 [ 7.  5.]
 [ 6.  6.]
 [ 9. 16.]
 [13.  6.]
 [14. 17.]
 [ 7.  5.]
 [ 6.  6.]
 [10. 16.]]
