Maze:
##########################
#                        #
#                        #
#                        #
#                        #
#                        #
#     ##############     #
#     #            #     #
#     #            #     #
#     #            #     #
#     #            #     #
#     #     B      #     #
#     #     C  D   #     #
#     #            #     #
#     #A           #     #
#     #            #     #
#     #    S       #     #
#     #            #     #
#     #            #     #
#     ##############     #
#                        #
#                        #
#                        #
#                        #
#                        #
##########################
[[ 5. 10.]
 [ 1.  8.]
 [ 6.  5.]
 [ 6.  6.]
 [ 9.  6.]
 [ 4. 10.]
 [ 0.  8.]
 [ 6.  5.]
 [ 6.  6.]
 [10.  6.]
 [ 3. 10.]
 [-1.  8.]
 [ 6.  5.]
 [ 6.  6.]
 [11.  6.]
 [ 2. 10.]
 [-2.  8.]
 [ 6.  5.]
 [ 6.  6.]
 [12.  6.]
 [ 1. 10.]
 [-3.  8.]
 [ 6.  5.]
 [ 6.  6.]
 [13.  6.]
 [ 0. 10.]
 [-4.  8.]
 [ 6.  5.]
 [ 6.  6.]
 [13.  6.]
 [-1. 10.]
 [-4.  8.]
 [ 6.  5.]
 [ 6.  6.]
 [13.  6.]
 [-2. 10.]
 [-5.  8.]
 [ 6.  5.]
 [ 6.  6.]
 [13.  6.]
 [-3. 10.]
 [-5.  8.]
 [ 6.  5.]
 [ 6.  6.]
 [13.  6.]
 [-4.  9.]
 [-5.  8.]
 [ 6.  5.]
 [ 6.  6.]
 [13.  6.]
 [-5.  8.]
 [-5.  7.]
 [ 6.  5.]
 [ 6.  6.]
 [13.  6.]
 [-5.  7.]
 [-5.  6.]
 [ 6.  5.]
 [ 6.  6.]
 [13.  6.]
 [-5.  6.]
 [-5.  5.]
 [ 6.  5.]
 [ 6.  6.]
 [13.  6.]
 [-5.  5.]
 [-5.  4.]
 [ 6.  5.]
 [ 6.  6.]
 [13.  6.]
 [-5.  4.]
 [-5.  3.]
 [ 6.  5.]
 [ 6.  6.]
 [13.  6.]
 [-5.  3.]
 [-5.  2.]
 [ 6.  5.]
 [ 6.  6.]
 [13.  6.]
 [-5.  2.]
 [-5.  1.]
 [ 6.  5.]
 [ 6.  6.]
 [13.  6.]
 [-5.  1.]
 [-5.  0.]
 [ 6.  5.]
 [ 6.  6.]
 [13.  6.]
 [-5.  0.]
 [-5. -1.]
 [ 6.  5.]
 [ 6.  6.]
 [13.  6.]
 [-5. -1.]
 [-5. -2.]
 [ 6.  5.]
 [ 6.  6.]
 [13.  6.]
 [-5. -1.]
 [-5. -2.]
 [ 6.  5.]
 [ 6.  6.]
 [13.  6.]
 [-5. -2.]
 [-5. -3.]
 [ 6.  5.]
 [ 6.  6.]
 [13.  6.]]
