Maze:
##########################
#                        #
#                        #
#                        #
#                        #
#                        #
#     ##############     #
#     #            #     #
#     #            #     #
#     #            #     #
#     #            #     #
#     #       D    #     #
#     #     B      #     #
#     #A           #     #
#     #            #     #
#     #        C   #     #
#     #   S        #     #
#     #            #     #
#     #            #     #
#     ##############     #
#                        #
#                        #
#                        #
#                        #
#                        #
##########################
[[ 4. 10.]
 [ 1.  7.]
 [ 6.  6.]
 [ 9.  9.]
 [ 8.  5.]
 [ 3. 10.]
 [ 0.  7.]
 [ 6.  6.]
 [ 8. 10.]
 [ 9.  4.]
 [ 2. 10.]
 [-1.  7.]
 [ 6.  6.]
 [ 7. 10.]
 [10.  3.]
 [ 1. 10.]
 [-2.  7.]
 [ 6.  6.]
 [ 6. 10.]
 [11.  2.]
 [ 0. 10.]
 [-3.  7.]
 [ 6.  6.]
 [ 5. 10.]
 [11.  2.]
 [-1.  9.]
 [-4.  7.]
 [ 6.  6.]
 [ 4. 10.]
 [11.  2.]
 [-2.  9.]
 [-5.  7.]
 [ 6.  6.]
 [ 3. 10.]
 [11.  2.]
 [-3.  9.]
 [-5.  7.]
 [ 6.  6.]
 [ 2. 10.]
 [11.  2.]
 [-4.  8.]
 [-5.  7.]
 [ 6.  6.]
 [ 1. 10.]
 [11.  2.]
 [-5.  7.]
 [-5.  6.]
 [ 6.  6.]
 [ 0. 10.]
 [11.  2.]
 [-5.  6.]
 [-5.  5.]
 [ 6.  6.]
 [-1. 10.]
 [11.  2.]
 [-5.  5.]
 [-5.  4.]
 [ 6.  6.]
 [-2.  9.]
 [11.  2.]
 [-5.  4.]
 [-5.  3.]
 [ 6.  6.]
 [-3.  8.]
 [11.  2.]
 [-5.  3.]
 [-5.  2.]
 [ 6.  6.]
 [-3.  7.]
 [11.  2.]
 [-5.  2.]
 [-5.  1.]
 [ 6.  6.]
 [-3.  6.]
 [11.  2.]
 [-5.  1.]
 [-5.  0.]
 [ 6.  6.]
 [-3.  5.]
 [11.  2.]
 [-5.  0.]
 [-5. -1.]
 [ 6.  6.]
 [-3.  4.]
 [11.  2.]
 [-5. -1.]
 [-5. -2.]
 [ 6.  6.]
 [-3.  3.]
 [11.  2.]
 [-5. -2.]
 [-5. -3.]
 [ 6.  6.]
 [-3.  2.]
 [11.  2.]
 [-5. -3.]
 [-5. -4.]
 [ 6.  6.]
 [-3.  1.]
 [11.  2.]
 [-5. -3.]
 [-5. -4.]
 [ 6.  6.]
 [-3.  1.]
 [11.  2.]
 [-5. -4.]
 [-5. -5.]
 [ 6.  6.]
 [-3.  0.]
 [11.  2.]]
