Maze:
##########################
#                        #
#                        #
#                        #
#                        #
#                        #
#     ##############     #
#     #        C   #     #
#     #            #     #
#     #    B       #     #
#     #         A  #     #
#     #            #     #
#     #     D      #     #
#     #            #     #
#     #            #     #
#     #            #     #
#     #  S         #     #
#     #            #     #
#     #            #     #
#     ##############     #
#                        #
#                        #
#                        #
#                        #
#                        #
##########################
[[ 3. 10.]
 [10.  4.]
 [ 5.  3.]
 [ 9.  1.]
 [ 6.  6.]
 [ 3. 10.]
 [11.  4.]
 [ 5.  2.]
 [ 9.  2.]
 [ 6.  6.]
 [ 3. 10.]
 [12.  4.]
 [ 6.  1.]
 [10.  3.]
 [ 6.  6.]
 [ 3. 10.]
 [13.  4.]
 [ 7.  1.]
 [11.  3.]
 [ 6.  6.]
 [ 3. 10.]
 [14.  4.]
 [ 8.  1.]
 [12.  3.]
 [ 6.  6.]
 [ 3. 10.]
 [15.  4.]
 [ 9.  1.]
 [13.  3.]
 [ 6.  6.]
 [ 3. 10.]
 [16.  4.]
 [10.  1.]
 [14.  3.]
 [ 6.  6.]
 [ 3. 10.]
 [17.  4.]
 [11.  1.]
 [15.  3.]
 [ 6.  6.]
 [ 3. 10.]
 [17.  4.]
 [12.  1.]
 [16.  3.]
 [ 6.  6.]
 [ 3. 10.]
 [17.  4.]
 [13.  1.]
 [16.  3.]
 [ 6.  6.]
 [ 3. 10.]
 [17.  4.]
 [14.  1.]
 [16.  3.]
 [ 6.  6.]
 [ 3. 10.]
 [17.  5.]
 [15.  2.]
 [17.  4.]
 [ 6.  6.]
 [ 3. 10.]
 [17.  5.]
 [16.  3.]
 [17.  4.]
 [ 6.  6.]
 [ 3. 10.]
 [17.  6.]
 [17.  4.]
 [17.  5.]
 [ 6.  6.]
 [ 3. 10.]
 [17.  7.]
 [17.  5.]
 [17.  6.]
 [ 6.  6.]
 [ 3. 10.]
 [17.  8.]
 [17.  6.]
 [17.  7.]
 [ 6.  6.]
 [ 3. 10.]
 [17.  9.]
 [17.  7.]
 [17.  8.]
 [ 6.  6.]
 [ 3. 10.]
 [17. 10.]
 [17.  8.]
 [17.  9.]
 [ 6.  6.]
 [ 3. 10.]
 [17. 11.]
 [17.  9.]
 [17. 10.]
 [ 6.  6.]
 [ 3. 10.]
 [17. 12.]
 [17. 10.]
 [17. 11.]
 [ 6.  6.]
 [ 3. 10.]
 [17. 12.]
 [17. 10.]
 [17. 11.]
 [ 6.  6.]
 [ 3. 10.]
 [17. 13.]
 [17. 11.]
 [17. 12.]
 [ 6.  6.]]
