Maze:
##########################
#                        #
#                        #
#                        #
#                        #
#                        #
#     ##############     #
#     #            #     #
#     #            #     #
#     #     S      #     #
#     #            #     #
#     #            #     #
#     #     C    A #     #
#     #      D     #     #
#     #  B         #     #
#     #            #     #
#     #            #     #
#     #            #     #
#     #            #     #
#     ##############     #
#                        #
#                        #
#                        #
#                        #
#                        #
##########################
[[ 6.  3.]
 [11.  6.]
 [ 3.  8.]
 [ 6.  6.]
 [ 7.  7.]
 [ 7.  3.]
 [12.  6.]
 [ 3.  7.]
 [ 6.  6.]
 [ 8.  7.]
 [ 8.  3.]
 [13.  6.]
 [ 4.  6.]
 [ 6.  6.]
 [ 9.  7.]
 [ 9.  3.]
 [14.  6.]
 [ 5.  6.]
 [ 6.  6.]
 [10.  7.]
 [10.  3.]
 [15.  6.]
 [ 5.  6.]
 [ 6.  6.]
 [11.  7.]
 [11.  3.]
 [16.  6.]
 [ 5.  6.]
 [ 6.  6.]
 [12.  7.]
 [12.  3.]
 [17.  6.]
 [ 5.  6.]
 [ 6.  6.]
 [13.  7.]
 [13.  3.]
 [17.  6.]
 [ 5.  6.]
 [ 6.  6.]
 [14.  7.]
 [14.  4.]
 [17.  6.]
 [ 5.  6.]
 [ 6.  6.]
 [15.  7.]
 [15.  5.]
 [17.  6.]
 [ 5.  6.]
 [ 6.  6.]
 [16.  7.]
 [16.  6.]
 [17.  5.]
 [ 5.  6.]
 [ 6.  6.]
 [17.  6.]
 [16.  6.]
 [17.  4.]
 [ 5.  6.]
 [ 6.  6.]
 [17.  6.]
 [17.  5.]
 [17.  3.]
 [ 5.  6.]
 [ 6.  6.]
 [17.  6.]
 [17.  4.]
 [17.  2.]
 [ 5.  6.]
 [ 6.  6.]
 [17.  7.]
 [17.  3.]
 [17.  1.]
 [ 5.  6.]
 [ 6.  6.]
 [17.  7.]
 [17.  2.]
 [17.  0.]
 [ 5.  6.]
 [ 6.  6.]
 [17.  7.]
 [17.  1.]
 [17. -1.]
 [ 5.  6.]
 [ 6.  6.]
 [17.  7.]
 [17.  0.]
 [17. -2.]
 [ 5.  6.]
 [ 6.  6.]
 [17.  7.]
 [17. -1.]
 [17. -3.]
 [ 5.  6.]
 [ 6.  6.]
 [17.  7.]
 [17. -2.]
 [17. -4.]
 [ 5.  6.]
 [ 6.  6.]
 [17.  7.]
 [17. -2.]
 [17. -4.]
 [ 5.  6.]
 [ 6.  6.]
 [17.  7.]
 [17. -3.]
 [17. -5.]
 [ 5.  6.]
 [ 6.  6.]
 [17.  7.]]
