Maze:
##########################
#                        #
#                        #
#                        #
#                        #
#                        #
#     ##############     #
#     #            #     #
#     #            #     #
#     #   S        #     #
#     #            #     #
#     #            #     #
#     #     D      #     #
#     #            #     #
#     #         C  #     #
#     #            #     #
#     #       A    #     #
#     #        B   #     #
#     #            #     #
#     ##############     #
#                        #
#                        #
#                        #
#                        #
#                        #
##########################
[[ 4.  3.]
 [ 8. 10.]
 [ 9. 11.]
 [10.  8.]
 [ 6.  6.]
 [ 4.  3.]
 [ 7.  9.]
 [ 8. 10.]
 [ 9.  9.]
 [ 6.  6.]
 [ 4.  3.]
 [ 6.  8.]
 [ 8. 10.]
 [ 9.  9.]
 [ 6.  6.]
 [ 4.  4.]
 [ 5.  9.]
 [ 9.  9.]
 [ 9.  8.]
 [ 6.  6.]
 [ 4.  5.]
 [ 4. 10.]
 [ 9.  8.]
 [ 9.  7.]
 [ 6.  6.]
 [ 4.  6.]
 [ 3. 11.]
 [ 9.  7.]
 [ 9.  6.]
 [ 6.  6.]
 [ 4.  7.]
 [ 2. 12.]
 [ 9.  6.]
 [ 9.  5.]
 [ 6.  6.]
 [ 4.  8.]
 [ 1. 13.]
 [ 9.  5.]
 [ 9.  4.]
 [ 6.  6.]
 [ 4.  9.]
 [ 1. 13.]
 [ 9.  4.]
 [ 9.  3.]
 [ 6.  6.]
 [ 3. 10.]
 [ 1. 13.]
 [ 9.  3.]
 [ 9.  2.]
 [ 6.  6.]
 [ 2. 11.]
 [ 1. 14.]
 [ 9.  2.]
 [ 9.  1.]
 [ 6.  6.]
 [ 2. 12.]
 [ 1. 15.]
 [ 9.  1.]
 [ 9.  0.]
 [ 6.  6.]
 [ 2. 13.]
 [ 1. 16.]
 [ 9.  0.]
 [ 9. -1.]
 [ 6.  6.]
 [ 2. 14.]
 [ 1. 17.]
 [ 9. -1.]
 [ 9. -2.]
 [ 6.  6.]
 [ 2. 15.]
 [ 1. 17.]
 [ 9. -2.]
 [ 9. -3.]
 [ 6.  6.]
 [ 2. 16.]
 [ 1. 17.]
 [ 9. -3.]
 [ 9. -4.]
 [ 6.  6.]
 [ 1. 17.]
 [ 0. 17.]
 [ 9. -4.]
 [ 9. -5.]
 [ 6.  6.]
 [ 0. 17.]
 [-1. 17.]
 [ 9. -4.]
 [ 9. -5.]
 [ 6.  6.]
 [-1. 17.]
 [-2. 17.]
 [ 9. -4.]
 [ 9. -5.]
 [ 6.  6.]
 [-2. 17.]
 [-3. 17.]
 [ 9. -4.]
 [ 9. -5.]
 [ 6.  6.]
 [-2. 17.]
 [-3. 17.]
 [ 9. -4.]
 [ 9. -5.]
 [ 6.  6.]
 [-3. 17.]
 [-4. 17.]
 [ 9. -4.]
 [ 9. -5.]
 [ 6.  6.]]
