Maze:
##########################
#                        #
#                        #
#                        #
#                        #
#                        #
#     ##############     #
#     #        D   #     #
#     #            #     #
#     #            #     #
#     #            #     #
#     #           B#     #
#     #  S  C      #     #
#     #            #     #
#     #            #     #
#     #            #     #
#     #            #     #
#     #     A      #     #
#     #            #     #
#     ##############     #
#                        #
#                        #
#                        #
#                        #
#                        #
##########################
[[ 3.  6.]
 [ 6. 11.]
 [12.  5.]
 [ 6.  6.]
 [ 9.  1.]
 [ 3.  7.]
 [ 6. 12.]
 [12.  6.]
 [ 6.  6.]
 [ 9.  0.]
 [ 3.  8.]
 [ 6. 12.]
 [11.  7.]
 [ 6.  6.]
 [ 9.  0.]
 [ 3.  9.]
 [ 6. 13.]
 [10.  7.]
 [ 6.  6.]
 [ 9.  0.]
 [ 3. 10.]
 [ 6. 14.]
 [ 9.  7.]
 [ 6.  6.]
 [ 9.  0.]
 [ 3. 11.]
 [ 6. 15.]
 [ 8.  7.]
 [ 6.  6.]
 [ 9.  0.]
 [ 3. 12.]
 [ 6. 16.]
 [ 7.  7.]
 [ 6.  6.]
 [ 9.  0.]
 [ 3. 13.]
 [ 6. 17.]
 [ 7.  7.]
 [ 6.  6.]
 [ 9.  0.]
 [ 3. 14.]
 [ 6. 17.]
 [ 7.  7.]
 [ 6.  6.]
 [ 9.  0.]
 [ 4. 15.]
 [ 6. 17.]
 [ 7.  7.]
 [ 6.  6.]
 [ 9.  0.]
 [ 5. 16.]
 [ 6. 17.]
 [ 7.  7.]
 [ 6.  6.]
 [ 9.  0.]
 [ 6. 17.]
 [ 7. 17.]
 [ 7.  7.]
 [ 6.  6.]
 [ 9.  0.]
 [ 7. 17.]
 [ 8. 17.]
 [ 7.  7.]
 [ 6.  6.]
 [ 9.  0.]
 [ 8. 17.]
 [ 9. 17.]
 [ 7.  7.]
 [ 6.  6.]
 [ 9.  0.]
 [ 9. 17.]
 [10. 17.]
 [ 7.  7.]
 [ 6.  6.]
 [ 9.  0.]
 [10. 17.]
 [11. 17.]
 [ 7.  7.]
 [ 6.  6.]
 [ 9.  0.]
 [11. 17.]
 [12. 17.]
 [ 7.  7.]
 [ 6.  6.]
 [ 9.  0.]
 [12. 17.]
 [13. 17.]
 [ 7.  7.]
 [ 6.  6.]
 [ 9.  0.]
 [13. 17.]
 [14. 17.]
 [ 7.  7.]
 [ 6.  6.]
 [ 9.  0.]
 [14. 17.]
 [15. 17.]
 [ 7.  7.]
 [ 6.  6.]
 [ 9.  0.]
 [14. 17.]
 [15. 17.]
 [ 7.  7.]
 [ 6.  6.]
 [ 9.  0.]
 [15. 17.]
 [16. 17.]
 [ 7.  7.]
 [ 6.  6.]
 [ 9.  0.]]
