Maze:
##########################
#                        #
#                        #
#                        #
#                        #
#                        #
#     ##############     #
#     #    D       #     #
#     #            #     #
#     #  C         #     #
#     #            #     #
#     #            #     #
#     #     A      #     #
#     #            #     #
#     #          S #     #
#     #            #     #
#     #            #     #
#     #            #     #
#     #         B  #     #
#     ##############     #
#                        #
#                        #
#                        #
#                        #
#                        #
##########################
[[11.  8.]
 [ 6.  6.]
 [10. 12.]
 [ 3.  3.]
 [ 5.  1.]
 [11.  7.]
 [ 6.  6.]
 [10. 11.]
 [ 3.  4.]
 [ 5.  1.]
 [11.  6.]
 [ 6.  6.]
 [10. 10.]
 [ 4.  5.]
 [ 5.  1.]
 [10.  5.]
 [ 6.  6.]
 [10.  9.]
 [ 5.  5.]
 [ 5.  1.]
 [ 9.  4.]
 [ 6.  6.]
 [10.  8.]
 [ 5.  5.]
 [ 5.  1.]
 [ 8.  4.]
 [ 6.  6.]
 [ 9.  7.]
 [ 5.  5.]
 [ 5.  1.]
 [ 7.  4.]
 [ 6.  6.]
 [ 8.  6.]
 [ 5.  5.]
 [ 5.  1.]
 [ 6.  4.]
 [ 6.  6.]
 [ 7.  5.]
 [ 6.  5.]
 [ 4.  0.]
 [ 5.  4.]
 [ 6.  6.]
 [ 6.  5.]
 [ 5.  5.]
 [ 4. -1.]
 [ 4.  4.]
 [ 6.  6.]
 [ 5.  5.]
 [ 5.  4.]
 [ 4. -2.]
 [ 3.  3.]
 [ 6.  6.]
 [ 5.  4.]
 [ 4.  4.]
 [ 4. -3.]
 [ 2.  3.]
 [ 6.  6.]
 [ 4.  4.]
 [ 3.  4.]
 [ 4. -4.]
 [ 1.  3.]
 [ 6.  6.]
 [ 3.  4.]
 [ 2.  3.]
 [ 4. -4.]
 [ 0.  2.]
 [ 6.  6.]
 [ 2.  3.]
 [ 1.  3.]
 [ 4. -4.]
 [-1.  2.]
 [ 6.  6.]
 [ 1.  3.]
 [ 0.  2.]
 [ 4. -4.]
 [-2.  1.]
 [ 6.  6.]
 [ 0.  2.]
 [-1.  2.]
 [ 4. -4.]
 [-3.  1.]
 [ 6.  6.]
 [-1.  2.]
 [-2.  1.]
 [ 4. -4.]
 [-4.  0.]
 [ 6.  6.]
 [-2.  1.]
 [-3.  1.]
 [ 4. -4.]
 [-5.  0.]
 [ 6.  6.]
 [-3.  1.]
 [-4.  0.]
 [ 4. -4.]
 [-5. -1.]
 [ 6.  6.]
 [-4.  0.]
 [-5.  0.]
 [ 4. -4.]
 [-5. -1.]
 [ 6.  6.]
 [-4.  0.]
 [-5.  0.]
 [ 4. -4.]
 [-5. -2.]
 [ 6.  6.]
 [-5.  0.]
 [-5. -1.]
 [ 4. -4.]]
