Maze:
##########################
#                        #
#                        #
#                        #
#                        #
#                        #
#     ##############     #
#     #          S #     #
#     #            #     #
#     #            #     #
#     #            #     #
#     #   B        #     #
#     #D    C      #     #
#     #         A  #     #
#     #            #     #
#     #            #     #
#     #            #     #
#     #            #     #
#     #            #     #
#     ##############     #
#                        #
#                        #
#                        #
#                        #
#                        #
##########################
[[11.  1.]
 [10.  7.]
 [ 4.  5.]
 [ 6.  6.]
 [ 1.  6.]
 [11.  2.]
 [11.  7.]
 [ 5.  5.]
 [ 6.  6.]
 [ 0.  6.]
 [11.  3.]
 [12.  7.]
 [ 5.  5.]
 [ 6.  6.]
 [-1.  6.]
 [12.  4.]
 [13.  7.]
 [ 5.  5.]
 [ 6.  6.]
 [-2.  6.]
 [12.  5.]
 [14.  7.]
 [ 5.  5.]
 [ 6.  6.]
 [-2.  6.]
 [13.  6.]
 [15.  7.]
 [ 5.  5.]
 [ 6.  6.]
 [-2.  6.]
 [14.  6.]
 [16.  7.]
 [ 5.  5.]
 [ 6.  6.]
 [-2.  6.]
 [15.  6.]
 [17.  7.]
 [ 5.  5.]
 [ 6.  6.]
 [-2.  6.]
 [16.  6.]
 [17.  7.]
 [ 5.  5.]
 [ 6.  6.]
 [-2.  6.]
 [17.  7.]
 [17.  8.]
 [ 5.  5.]
 [ 6.  6.]
 [-2.  6.]
 [17.  8.]
 [17.  9.]
 [ 5.  5.]
 [ 6.  6.]
 [-2.  6.]
 [17.  9.]
 [17. 10.]
 [ 5.  5.]
 [ 6.  6.]
 [-2.  6.]
 [17. 10.]
 [17. 11.]
 [ 5.  5.]
 [ 6.  6.]
 [-2.  6.]
 [17. 11.]
 [17. 12.]
 [ 5.  5.]
 [ 6.  6.]
 [-2.  6.]
 [17. 12.]
 [17. 13.]
 [ 5.  5.]
 [ 6.  6.]
 [-2.  6.]
 [17. 13.]
 [17. 14.]
 [ 5.  5.]
 [ 6.  6.]
 [-2.  6.]
 [17. 14.]
 [17. 15.]
 [ 5.  5.]
 [ 6.  6.]
 [-2.  6.]
 [17. 15.]
 [17. 16.]
 [ 5.  5.]
 [ 6.  6.]
 [-2.  6.]
 [17. 16.]
 [17. 17.]
 [ 5.  5.]
 [ 6.  6.]
 [-2.  6.]
 [17. 16.]
 [17. 17.]
 [ 5.  5.]
 [ 6.  6.]
 [-2.  6.]]
