Maze:
##########################
#                        #
#                        #
#                        #
#                        #
#                        #
#     ##############     #
#     #            #     #
#     #            #     #
#     #        A   #     #
#     #            #     #
#     #            #     #
#     #     C    S #     #
#     #            #     #
#     #            #     #
#     #            #     #
#     #            #     #
#     #         D  #     #
#     #B           #     #
#     ##############     #
#                        #
#                        #
#                        #
#                        #
#                        #
##########################
[[11.  6.]
 [ 9.  3.]
 [ 1. 12.]
 [ 6.  6.]
 [10. 11.]
 [10.  5.]
 [ 9.  2.]
 [ 1. 12.]
 [ 6.  6.]
 [10. 11.]
 [10.  4.]
 [ 9.  1.]
 [ 1. 12.]
 [ 6.  6.]
 [10. 11.]
 [10.  3.]
 [ 9.  0.]
 [ 1. 12.]
 [ 6.  6.]
 [10. 11.]
 [10.  2.]
 [ 9. -1.]
 [ 1. 12.]
 [ 6.  6.]
 [10. 11.]
 [10.  1.]
 [ 9. -2.]
 [ 1. 12.]
 [ 6.  6.]
 [10. 11.]
 [10.  0.]
 [ 9. -3.]
 [ 1. 12.]
 [ 6.  6.]
 [10. 11.]
 [10. -1.]
 [ 9. -4.]
 [ 1. 12.]
 [ 6.  6.]
 [10. 11.]
 [10. -2.]
 [ 9. -5.]
 [ 1. 12.]
 [ 6.  6.]
 [10. 11.]
 [10. -3.]
 [ 9. -5.]
 [ 1. 12.]
 [ 6.  6.]
 [10. 11.]
 [10. -4.]
 [ 9. -5.]
 [ 1. 12.]
 [ 6.  6.]
 [10. 11.]
 [ 9. -5.]
 [ 8. -5.]
 [ 1. 12.]
 [ 6.  6.]
 [10. 11.]
 [ 8. -5.]
 [ 7. -5.]
 [ 1. 12.]
 [ 6.  6.]
 [10. 11.]
 [ 7. -5.]
 [ 6. -5.]
 [ 1. 12.]
 [ 6.  6.]
 [10. 11.]
 [ 6. -5.]
 [ 5. -5.]
 [ 1. 12.]
 [ 6.  6.]
 [10. 11.]
 [ 5. -5.]
 [ 4. -5.]
 [ 1. 12.]
 [ 6.  6.]
 [10. 11.]
 [ 4. -5.]
 [ 3. -5.]
 [ 1. 12.]
 [ 6.  6.]
 [10. 11.]
 [ 3. -5.]
 [ 2. -5.]
 [ 1. 12.]
 [ 6.  6.]
 [10. 11.]
 [ 2. -5.]
 [ 1. -5.]
 [ 1. 12.]
 [ 6.  6.]
 [10. 11.]
 [ 1. -5.]
 [ 0. -5.]
 [ 1. 12.]
 [ 6.  6.]
 [10. 11.]
 [ 1. -5.]
 [ 0. -5.]
 [ 1. 12.]
 [ 6.  6.]
 [10. 11.]
 [ 0. -5.]
 [-1. -5.]
 [ 1. 12.]
 [ 6.  6.]
 [10. 11.]]
