Maze:
##########################
#                        #
#                        #
#                        #
#                        #
#                        #
#     ##############     #
#     #          S #     #
#     #            #     #
#     #            #     #
#     # D          #     #
#     #           B#     #
#     #     C      #     #
#     #            #     #
#     #  A         #     #
#     #            #     #
#     #            #     #
#     #            #     #
#     #            #     #
#     ##############     #
#                        #
#                        #
#                        #
#                        #
#                        #
##########################
[[11.  1.]
 [ 3.  8.]
 [12.  5.]
 [ 6.  6.]
 [ 2.  4.]
 [11.  0.]
 [ 3.  9.]
 [12.  4.]
 [ 6.  6.]
 [ 2.  5.]
 [11. -1.]
 [ 3. 10.]
 [12.  3.]
 [ 6.  6.]
 [ 2.  6.]
 [11. -2.]
 [ 3. 11.]
 [12.  2.]
 [ 6.  6.]
 [ 2.  7.]
 [11. -3.]
 [ 3. 12.]
 [12.  1.]
 [ 6.  6.]
 [ 2.  8.]
 [11. -4.]
 [ 3. 13.]
 [12.  0.]
 [ 6.  6.]
 [ 2.  9.]
 [11. -5.]
 [ 3. 14.]
 [12. -1.]
 [ 6.  6.]
 [ 2. 10.]
 [11. -5.]
 [ 3. 15.]
 [12. -2.]
 [ 6.  6.]
 [ 2. 11.]
 [11. -5.]
 [ 3. 16.]
 [12. -3.]
 [ 6.  6.]
 [ 2. 12.]
 [11. -5.]
 [ 3. 17.]
 [12. -4.]
 [ 6.  6.]
 [ 2. 13.]
 [10. -5.]
 [ 3. 17.]
 [11. -5.]
 [ 6.  6.]
 [ 2. 14.]
 [ 9. -5.]
 [ 3. 17.]
 [10. -5.]
 [ 6.  6.]
 [ 2. 15.]
 [ 8. -5.]
 [ 3. 17.]
 [ 9. -5.]
 [ 6.  6.]
 [ 2. 16.]
 [ 7. -5.]
 [ 4. 17.]
 [ 8. -5.]
 [ 6.  6.]
 [ 3. 17.]
 [ 6. -5.]
 [ 5. 17.]
 [ 7. -5.]
 [ 6.  6.]
 [ 4. 17.]
 [ 5. -5.]
 [ 6. 17.]
 [ 6. -5.]
 [ 6.  6.]
 [ 5. 17.]
 [ 4. -5.]
 [ 7. 17.]
 [ 5. -5.]
 [ 6.  6.]
 [ 6. 17.]
 [ 3. -5.]
 [ 8. 17.]
 [ 4. -5.]
 [ 6.  6.]
 [ 7. 17.]
 [ 2. -5.]
 [ 9. 17.]
 [ 3. -5.]
 [ 6.  6.]
 [ 8. 17.]
 [ 1. -5.]
 [10. 17.]
 [ 2. -5.]
 [ 6.  6.]
 [ 9. 17.]
 [ 1. -5.]
 [10. 17.]
 [ 2. -5.]
 [ 6.  6.]
 [ 9. 17.]
 [ 0. -5.]
 [11. 17.]
 [ 1. -5.]
 [ 6.  6.]
 [10. 17.]]
