Maze:
##########################
#                        #
#                        #
#                        #
#                        #
#                        #
#     ##############     #
#     #D           #     #
#     #            #     #
#     #            #     #
#     #            #     #
#     #            #     #
#     #     C      #     #
#     #        S   #     #
#     #            #     #
#     #          A #     #
#     #            #     #
#     #            #     #
#     #           B#     #
#     ##############     #
#                        #
#                        #
#                        #
#                        #
#                        #
##########################
[[ 9.  7.]
 [11.  9.]
 [12. 12.]
 [ 6.  6.]
 [ 1.  1.]
 [10.  8.]
 [11.  8.]
 [12. 11.]
 [ 6.  6.]
 [ 1.  1.]
 [11.  8.]
 [12.  7.]
 [12. 10.]
 [ 6.  6.]
 [ 1.  1.]
 [11.  7.]
 [12.  6.]
 [12.  9.]
 [ 6.  6.]
 [ 1.  1.]
 [11.  6.]
 [12.  5.]
 [12.  8.]
 [ 6.  6.]
 [ 1.  1.]
 [11.  5.]
 [12.  4.]
 [12.  7.]
 [ 6.  6.]
 [ 1.  1.]
 [11.  4.]
 [12.  3.]
 [12.  6.]
 [ 6.  6.]
 [ 1.  1.]
 [11.  3.]
 [12.  2.]
 [12.  5.]
 [ 6.  6.]
 [ 1.  1.]
 [11.  2.]
 [12.  1.]
 [12.  4.]
 [ 6.  6.]
 [ 1.  1.]
 [11.  1.]
 [12.  0.]
 [12.  3.]
 [ 6.  6.]
 [ 1.  1.]
 [11.  0.]
 [12. -1.]
 [12.  2.]
 [ 6.  6.]
 [ 1.  1.]
 [11. -1.]
 [12. -2.]
 [12.  1.]
 [ 6.  6.]
 [ 1.  1.]
 [11. -2.]
 [12. -3.]
 [12.  0.]
 [ 6.  6.]
 [ 1.  1.]
 [11. -3.]
 [12. -4.]
 [12. -1.]
 [ 6.  6.]
 [ 1.  1.]
 [11. -4.]
 [12. -5.]
 [12. -2.]
 [ 6.  6.]
 [ 1.  1.]
 [11. -5.]
 [12. -5.]
 [12. -3.]
 [ 6.  6.]
 [ 1.  1.]
 [12. -5.]
 [13. -5.]
 [12. -4.]
 [ 6.  6.]
 [ 1.  1.]
 [13. -5.]
 [14. -5.]
 [12. -5.]
 [ 6.  6.]
 [ 1.  1.]
 [14. -5.]
 [15. -5.]
 [13. -5.]
 [ 6.  6.]
 [ 1.  1.]
 [15. -5.]
 [16. -5.]
 [14. -5.]
 [ 6.  6.]
 [ 1.  1.]
 [15. -5.]
 [16. -5.]
 [14. -5.]
 [ 6.  6.]
 [ 1.  1.]
 [16. -5.]
 [17. -5.]
 [15. -5.]
 [ 6.  6.]
 [ 1.  1.]]
