Maze:
##########################
#                        #
#                        #
#                        #
#                        #
#                        #
#     ##############     #
#     #            #     #
#     #    C       #     #
#     #            #     #
#     #            #     #
#     #        B   #     #
#     #     D      #     #
#     #           S#     #
#     #            #     #
#     #  A         #     #
#     #            #     #
#     #            #     #
#     #            #     #
#     ##############     #
#                        #
#                        #
#                        #
#                        #
#                        #
##########################
[[12.  7.]
 [ 3.  9.]
 [ 9.  5.]
 [ 5.  2.]
 [ 6.  6.]
 [13.  8.]
 [ 2. 10.]
 [10.  5.]
 [ 5.  2.]
 [ 6.  6.]
 [14.  9.]
 [ 1. 11.]
 [11.  5.]
 [ 5.  2.]
 [ 6.  6.]
 [14. 10.]
 [ 1. 11.]
 [12.  5.]
 [ 5.  2.]
 [ 6.  6.]
 [14. 11.]
 [ 1. 11.]
 [13.  6.]
 [ 5.  2.]
 [ 6.  6.]
 [14. 12.]
 [ 1. 11.]
 [13.  7.]
 [ 5.  2.]
 [ 6.  6.]
 [14. 13.]
 [ 1. 11.]
 [13.  8.]
 [ 5.  2.]
 [ 6.  6.]
 [14. 14.]
 [ 1. 11.]
 [13.  9.]
 [ 5.  2.]
 [ 6.  6.]
 [14. 15.]
 [ 1. 11.]
 [13. 10.]
 [ 5.  2.]
 [ 6.  6.]
 [14. 16.]
 [ 1. 11.]
 [13. 11.]
 [ 5.  2.]
 [ 6.  6.]
 [14. 17.]
 [ 1. 11.]
 [13. 12.]
 [ 5.  2.]
 [ 6.  6.]
 [14. 17.]
 [ 1. 11.]
 [13. 13.]
 [ 5.  2.]
 [ 6.  6.]
 [14. 17.]
 [ 1. 11.]
 [13. 14.]
 [ 5.  2.]
 [ 6.  6.]
 [14. 17.]
 [ 1. 11.]
 [13. 15.]
 [ 5.  2.]
 [ 6.  6.]
 [14. 17.]
 [ 1. 11.]
 [13. 16.]
 [ 5.  2.]
 [ 6.  6.]
 [15. 17.]
 [ 1. 11.]
 [14. 17.]
 [ 5.  2.]
 [ 6.  6.]
 [16. 17.]
 [ 1. 11.]
 [15. 17.]
 [ 5.  2.]
 [ 6.  6.]
 [17. 17.]
 [ 1. 11.]
 [16. 17.]
 [ 5.  2.]
 [ 6.  6.]
 [17. 17.]
 [ 1. 11.]
 [16. 17.]
 [ 5.  2.]
 [ 6.  6.]]
