Maze:
##########################
#                        #
#                        #
#                        #
#                        #
#                        #
#     ##############     #
#     #            #     #
#     #            #     #
#     #            #     #
#     #         D  #     #
#     #            #     #
#     #     BS     #     #
#     #  C         #     #
#     #       A    #     #
#     #            #     #
#     #            #     #
#     #            #     #
#     #            #     #
#     ##############     #
#                        #
#                        #
#                        #
#                        #
#                        #
##########################
[[ 7.  6.]
 [ 8.  8.]
 [ 6.  6.]
 [ 3.  7.]
 [10.  4.]
 [ 8.  6.]
 [ 8.  9.]
 [ 6.  6.]
 [ 4.  7.]
 [11.  4.]
 [ 9.  6.]
 [ 8. 10.]
 [ 6.  6.]
 [ 5.  7.]
 [12.  4.]
 [10.  7.]
 [ 8. 11.]
 [ 6.  6.]
 [ 5.  8.]
 [13.  4.]
 [11.  8.]
 [ 8. 12.]
 [ 6.  6.]
 [ 6.  9.]
 [14.  4.]
 [11.  9.]
 [ 8. 13.]
 [ 6.  6.]
 [ 7. 10.]
 [14.  4.]
 [11. 10.]
 [ 8. 14.]
 [ 6.  6.]
 [ 8. 11.]
 [14.  4.]
 [11. 11.]
 [ 8. 15.]
 [ 6.  6.]
 [ 9. 12.]
 [14.  4.]
 [11. 12.]
 [ 8. 15.]
 [ 6.  6.]
 [10. 12.]
 [14.  4.]
 [10. 13.]
 [ 8. 16.]
 [ 6.  6.]
 [11. 12.]
 [14.  4.]
 [10. 14.]
 [ 8. 17.]
 [ 6.  6.]
 [10. 13.]
 [14.  4.]
 [ 9. 15.]
 [ 8. 17.]
 [ 6.  6.]
 [10. 14.]
 [14.  4.]
 [ 9. 16.]
 [ 8. 17.]
 [ 6.  6.]
 [ 9. 15.]
 [14.  4.]
 [ 8. 17.]
 [ 7. 17.]
 [ 6.  6.]
 [ 9. 16.]
 [14.  4.]
 [ 7. 17.]
 [ 6. 17.]
 [ 6.  6.]
 [ 8. 17.]
 [14.  4.]
 [ 6. 17.]
 [ 5. 17.]
 [ 6.  6.]
 [ 7. 17.]
 [14.  4.]
 [ 5. 17.]
 [ 4. 17.]
 [ 6.  6.]
 [ 6. 17.]
 [14.  4.]
 [ 4. 17.]
 [ 3. 17.]
 [ 6.  6.]
 [ 5. 17.]
 [14.  4.]
 [ 3. 17.]
 [ 2. 17.]
 [ 6.  6.]
 [ 4. 17.]
 [14.  4.]
 [ 2. 17.]
 [ 1. 17.]
 [ 6.  6.]
 [ 3. 17.]
 [14.  4.]
 [ 2. 17.]
 [ 1. 17.]
 [ 6.  6.]
 [ 3. 17.]
 [14.  4.]
 [ 1. 17.]
 [ 0. 17.]
 [ 6.  6.]
 [ 2. 17.]
 [14.  4.]]
