Maze:
##########################
#                        #
#                        #
#                        #
#                        #
#                        #
#     ##############     #
#     #            #     #
#     #            #     #
#     #     B      #     #
#     #            #     #
#     # C          #     #
#     #     S   D  #     #
#     #            #     #
#     #            #     #
#     #            #     #
#     #            #     #
#     #           A#     #
#     #            #     #
#     ##############     #
#                        #
#                        #
#                        #
#                        #
#                        #
##########################
[[ 6.  6.]
 [12. 11.]
 [ 6.  3.]
 [ 2.  5.]
 [10.  6.]
 [ 6.  6.]
 [12. 12.]
 [ 5.  4.]
 [ 3.  5.]
 [11.  7.]
 [ 6.  6.]
 [12. 13.]
 [ 5.  5.]
 [ 4.  6.]
 [12.  8.]
 [ 6.  6.]
 [12. 14.]
 [ 5.  5.]
 [ 4.  6.]
 [13.  9.]
 [ 6.  6.]
 [12. 15.]
 [ 5.  5.]
 [ 4.  6.]
 [13. 10.]
 [ 6.  6.]
 [12. 16.]
 [ 5.  5.]
 [ 4.  6.]
 [13. 11.]
 [ 6.  6.]
 [12. 17.]
 [ 5.  5.]
 [ 4.  6.]
 [13. 12.]
 [ 6.  6.]
 [12. 17.]
 [ 5.  5.]
 [ 4.  6.]
 [13. 13.]
 [ 6.  6.]
 [12. 17.]
 [ 5.  5.]
 [ 4.  6.]
 [13. 14.]
 [ 6.  6.]
 [12. 17.]
 [ 5.  5.]
 [ 4.  6.]
 [13. 15.]
 [ 6.  6.]
 [12. 17.]
 [ 5.  5.]
 [ 4.  6.]
 [13. 16.]
 [ 6.  6.]
 [11. 17.]
 [ 5.  5.]
 [ 4.  6.]
 [12. 17.]
 [ 6.  6.]
 [10. 17.]
 [ 5.  5.]
 [ 4.  6.]
 [11. 17.]
 [ 6.  6.]
 [ 9. 17.]
 [ 5.  5.]
 [ 4.  6.]
 [10. 17.]
 [ 6.  6.]
 [ 8. 17.]
 [ 5.  5.]
 [ 4.  6.]
 [ 9. 17.]
 [ 6.  6.]
 [ 7. 17.]
 [ 5.  5.]
 [ 4.  6.]
 [ 8. 17.]
 [ 6.  6.]
 [ 6. 17.]
 [ 5.  5.]
 [ 4.  6.]
 [ 7. 17.]
 [ 6.  6.]
 [ 5. 17.]
 [ 5.  5.]
 [ 4.  6.]
 [ 6. 17.]
 [ 6.  6.]
 [ 4. 17.]
 [ 5.  5.]
 [ 4.  6.]
 [ 5. 17.]
 [ 6.  6.]
 [ 3. 17.]
 [ 5.  5.]
 [ 4.  6.]
 [ 4. 17.]
 [ 6.  6.]
 [ 3. 17.]
 [ 5.  5.]
 [ 4.  6.]
 [ 4. 17.]
 [ 6.  6.]
 [ 2. 17.]
 [ 5.  5.]
 [ 4.  6.]
 [ 3. 17.]]
