Maze:
##########################
#                        #
#                        #
#                        #
#                        #
#                        #
#     ##############     #
#     #           C#     #
#     #     S      #     #
#     #            #     #
#     #            #     #
#     #            #     #
#     # A   D      #     #
#     #            #     #
#     #            #     #
#     #            #     #
#     #            #     #
#     #      B     #     #
#     #            #     #
#     ##############     #
#                        #
#                        #
#                        #
#                        #
#                        #
##########################
[[ 6.  2.]
 [ 2.  6.]
 [ 7. 11.]
 [12.  1.]
 [ 6.  6.]
 [ 5.  3.]
 [ 1.  6.]
 [ 7. 11.]
 [11.  1.]
 [ 6.  6.]
 [ 4.  4.]
 [ 0.  6.]
 [ 7. 11.]
 [10.  1.]
 [ 6.  6.]
 [ 3.  5.]
 [-1.  6.]
 [ 7. 11.]
 [10.  1.]
 [ 6.  6.]
 [ 2.  5.]
 [-2.  6.]
 [ 7. 11.]
 [10.  1.]
 [ 6.  6.]
 [ 1.  5.]
 [-3.  6.]
 [ 7. 12.]
 [10.  1.]
 [ 6.  6.]
 [ 0.  5.]
 [-4.  6.]
 [ 7. 12.]
 [10.  1.]
 [ 6.  6.]
 [-1.  5.]
 [-5.  6.]
 [ 7. 12.]
 [10.  1.]
 [ 6.  6.]
 [-2.  5.]
 [-5.  6.]
 [ 7. 12.]
 [10.  1.]
 [ 6.  6.]
 [-3.  5.]
 [-5.  6.]
 [ 7. 12.]
 [10.  1.]
 [ 6.  6.]
 [-4.  5.]
 [-5.  6.]
 [ 7. 13.]
 [10.  1.]
 [ 6.  6.]
 [-5.  6.]
 [-5.  7.]
 [ 7. 13.]
 [10.  1.]
 [ 6.  6.]
 [-5.  7.]
 [-5.  8.]
 [ 7. 13.]
 [10.  1.]
 [ 6.  6.]
 [-5.  8.]
 [-5.  9.]
 [ 7. 13.]
 [10.  1.]
 [ 6.  6.]
 [-5.  9.]
 [-5. 10.]
 [ 7. 13.]
 [10.  1.]
 [ 6.  6.]
 [-5. 10.]
 [-5. 11.]
 [ 7. 13.]
 [10.  1.]
 [ 6.  6.]
 [-5. 11.]
 [-5. 12.]
 [ 7. 13.]
 [10.  1.]
 [ 6.  6.]
 [-5. 12.]
 [-5. 13.]
 [ 7. 13.]
 [10.  1.]
 [ 6.  6.]
 [-5. 13.]
 [-5. 14.]
 [ 7. 13.]
 [10.  1.]
 [ 6.  6.]
 [-5. 14.]
 [-5. 15.]
 [ 7. 13.]
 [10.  1.]
 [ 6.  6.]
 [-5. 14.]
 [-5. 15.]
 [ 7. 13.]
 [10.  1.]
 [ 6.  6.]
 [-5. 15.]
 [-5. 16.]
 [ 7. 13.]
 [10.  1.]
 [ 6.  6.]]
