Maze:
##########################
#                        #
#                        #
#                        #
#                        #
#                        #
#     ##############     #
#     #            #     #
#     #            #     #
#     #  C         #     #
#     #         S  #     #
#     # B          #     #
#     #     D      #     #
#     #            #     #
#     #          A #     #
#     #            #     #
#     #            #     #
#     #            #     #
#     #            #     #
#     ##############     #
#                        #
#                        #
#                        #
#                        #
#                        #
##########################
[[10.  4.]
 [11.  8.]
 [ 2.  5.]
 [ 3.  3.]
 [ 6.  6.]
 [10.  5.]
 [12.  9.]
 [ 2.  4.]
 [ 4.  2.]
 [ 6.  6.]
 [10.  6.]
 [13.  9.]
 [ 2.  3.]
 [ 5.  2.]
 [ 6.  6.]
 [11.  7.]
 [14.  9.]
 [ 3.  2.]
 [ 6.  2.]
 [ 6.  6.]
 [12.  8.]
 [15.  9.]
 [ 4.  2.]
 [ 7.  2.]
 [ 6.  6.]
 [13.  8.]
 [16.  9.]
 [ 5.  1.]
 [ 8.  2.]
 [ 6.  6.]
 [14.  8.]
 [17.  9.]
 [ 6.  1.]
 [ 9.  2.]
 [ 6.  6.]
 [15.  8.]
 [17.  9.]
 [ 7.  1.]
 [10.  2.]
 [ 6.  6.]
 [16.  8.]
 [17.  9.]
 [ 8.  1.]
 [11.  2.]
 [ 6.  6.]
 [17.  9.]
 [17. 10.]
 [ 9.  1.]
 [12.  2.]
 [ 6.  6.]
 [17. 10.]
 [17. 11.]
 [10.  1.]
 [13.  2.]
 [ 6.  6.]
 [17. 11.]
 [17. 12.]
 [11.  1.]
 [14.  2.]
 [ 6.  6.]
 [17. 12.]
 [17. 13.]
 [12.  1.]
 [15.  2.]
 [ 6.  6.]
 [17. 13.]
 [17. 14.]
 [13.  1.]
 [16.  2.]
 [ 6.  6.]
 [17. 14.]
 [17. 15.]
 [14.  1.]
 [16.  2.]
 [ 6.  6.]
 [17. 15.]
 [17. 16.]
 [15.  1.]
 [17.  3.]
 [ 6.  6.]
 [17. 16.]
 [17. 17.]
 [16.  2.]
 [17.  4.]
 [ 6.  6.]
 [17. 16.]
 [17. 17.]
 [16.  3.]
 [17.  5.]
 [ 6.  6.]
 [17. 16.]
 [17. 17.]
 [16.  4.]
 [17.  6.]
 [ 6.  6.]
 [17. 16.]
 [17. 17.]
 [16.  5.]
 [17.  7.]
 [ 6.  6.]
 [17. 16.]
 [17. 17.]
 [16.  5.]
 [17.  7.]
 [ 6.  6.]
 [17. 16.]
 [17. 17.]
 [16.  6.]
 [17.  8.]
 [ 6.  6.]]
