Maze:
##########################
#                        #
#                        #
#                        #
#                        #
#                        #
#     ##############     #
#     #            #     #
#     #            #     #
#     #            #     #
#     #            #     #
#     #            #     #
#     #   A D      #     #
#     #            #     #
#     #        C   #     #
#     #            #     #
#     #           B#     #
#     #            #     #
#     #     S      #     #
#     ##############     #
#                        #
#                        #
#                        #
#                        #
#                        #
##########################
[[ 6. 12.]
 [ 4.  6.]
 [12. 10.]
 [ 9.  8.]
 [ 6.  6.]
 [ 5. 11.]
 [ 3.  6.]
 [11. 10.]
 [ 8.  8.]
 [ 6.  6.]
 [ 4. 10.]
 [ 2.  6.]
 [10. 10.]
 [ 7.  9.]
 [ 6.  6.]
 [ 3.  9.]
 [ 1.  6.]
 [ 9. 10.]
 [ 6.  9.]
 [ 6.  6.]
 [ 2.  8.]
 [ 0.  6.]
 [ 8. 10.]
 [ 5.  9.]
 [ 6.  6.]
 [ 1.  7.]
 [-1.  6.]
 [ 7. 10.]
 [ 4.  9.]
 [ 6.  6.]
 [ 0.  7.]
 [-2.  6.]
 [ 6. 10.]
 [ 3.  9.]
 [ 6.  6.]
 [-1.  7.]
 [-3.  6.]
 [ 5. 10.]
 [ 2.  9.]
 [ 6.  6.]
 [-2.  7.]
 [-4.  6.]
 [ 4. 10.]
 [ 1.  9.]
 [ 6.  6.]
 [-3.  7.]
 [-5.  6.]
 [ 3. 10.]
 [ 0.  9.]
 [ 6.  6.]
 [-4.  7.]
 [-5.  6.]
 [ 2. 10.]
 [-1.  9.]
 [ 6.  6.]
 [-5.  6.]
 [-5.  5.]
 [ 1. 10.]
 [-2.  8.]
 [ 6.  6.]
 [-5.  5.]
 [-5.  4.]
 [ 0. 10.]
 [-3.  7.]
 [ 6.  6.]
 [-5.  4.]
 [-5.  3.]
 [-1. 10.]
 [-4.  6.]
 [ 6.  6.]
 [-5.  3.]
 [-5.  2.]
 [-2.  9.]
 [-4.  5.]
 [ 6.  6.]
 [-5.  2.]
 [-5.  1.]
 [-3.  8.]
 [-4.  4.]
 [ 6.  6.]
 [-5.  1.]
 [-5.  0.]
 [-3.  7.]
 [-4.  3.]
 [ 6.  6.]
 [-5.  0.]
 [-5. -1.]
 [-3.  6.]
 [-4.  2.]
 [ 6.  6.]
 [-5. -1.]
 [-5. -2.]
 [-3.  5.]
 [-4.  1.]
 [ 6.  6.]
 [-5. -2.]
 [-5. -3.]
 [-3.  4.]
 [-4.  0.]
 [ 6.  6.]
 [-5. -2.]
 [-5. -3.]
 [-3.  4.]
 [-4.  0.]
 [ 6.  6.]
 [-5. -3.]
 [-5. -4.]
 [-3.  3.]
 [-4. -1.]
 [ 6.  6.]]
