Maze:
##########################
#                        #
#                        #
#                        #
#                        #
#                        #
#     ##############     #
#     #      A     #     #
#     #            #     #
#     #            #     #
#     #            #     #
#     #            #     #
#     #     D     B#     #
#     #            #     #
#     #            #     #
#     #       C    #     #
#     #          S #     #
#     #            #     #
#     #            #     #
#     ##############     #
#                        #
#                        #
#                        #
#                        #
#                        #
##########################
[[11. 10.]
 [ 7.  1.]
 [12.  6.]
 [ 8.  9.]
 [ 6.  6.]
 [10. 11.]
 [ 7.  0.]
 [12.  7.]
 [ 9.  9.]
 [ 6.  6.]
 [ 9. 11.]
 [ 7. -1.]
 [11.  8.]
 [ 9. 10.]
 [ 6.  6.]
 [ 8. 11.]
 [ 7. -2.]
 [11.  9.]
 [ 9. 11.]
 [ 6.  6.]
 [ 8. 12.]
 [ 7. -3.]
 [10. 10.]
 [ 8. 11.]
 [ 6.  6.]
 [ 7. 12.]
 [ 7. -3.]
 [ 9. 11.]
 [ 8. 12.]
 [ 6.  6.]
 [ 6. 13.]
 [ 7. -3.]
 [ 8. 12.]
 [ 7. 12.]
 [ 6.  6.]
 [ 5. 13.]
 [ 7. -3.]
 [ 7. 12.]
 [ 6. 13.]
 [ 6.  6.]
 [ 4. 14.]
 [ 7. -3.]
 [ 6. 13.]
 [ 5. 13.]
 [ 6.  6.]
 [ 3. 14.]
 [ 7. -3.]
 [ 5. 13.]
 [ 4. 14.]
 [ 6.  6.]
 [ 2. 15.]
 [ 7. -3.]
 [ 4. 14.]
 [ 3. 14.]
 [ 6.  6.]
 [ 1. 15.]
 [ 7. -3.]
 [ 3. 14.]
 [ 2. 15.]
 [ 6.  6.]
 [ 0. 16.]
 [ 7. -3.]
 [ 2. 15.]
 [ 1. 15.]
 [ 6.  6.]
 [-1. 16.]
 [ 7. -3.]
 [ 1. 15.]
 [ 0. 16.]
 [ 6.  6.]
 [-2. 17.]
 [ 7. -3.]
 [ 0. 16.]
 [-1. 16.]
 [ 6.  6.]
 [-3. 17.]
 [ 7. -3.]
 [-1. 16.]
 [-2. 17.]
 [ 6.  6.]
 [-4. 17.]
 [ 7. -3.]
 [-2. 17.]
 [-3. 17.]
 [ 6.  6.]
 [-5. 17.]
 [ 7. -3.]
 [-3. 17.]
 [-4. 17.]
 [ 6.  6.]
 [-5. 17.]
 [ 7. -3.]
 [-3. 17.]
 [-4. 17.]
 [ 6.  6.]]
