Maze:
##########################
#                        #
#                        #
#                        #
#                        #
#                        #
#     ##############     #
#     #            #     #
#     #            #     #
#     #            #     #
#     #          A #     #
#     #            #     #
#     #     D      #     #
#     #      S     #     #
#     #       B    #     #
#     #            #     #
#     #            #     #
#     #     C      #     #
#     #            #     #
#     ##############     #
#                        #
#                        #
#                        #
#                        #
#                        #
##########################
[[ 7.  7.]
 [11.  4.]
 [ 8.  8.]
 [ 6. 11.]
 [ 6.  6.]
 [ 7.  7.]
 [12.  3.]
 [ 8.  8.]
 [ 6. 10.]
 [ 6.  6.]
 [ 7.  7.]
 [13.  2.]
 [ 8.  8.]
 [ 6.  9.]
 [ 6.  6.]
 [ 7.  7.]
 [14.  1.]
 [ 7.  8.]
 [ 6.  8.]
 [ 6.  6.]
 [ 7.  6.]
 [14.  1.]
 [ 7.  8.]
 [ 6.  8.]
 [ 6.  6.]
 [ 6.  5.]
 [14.  1.]
 [ 6.  8.]
 [ 5.  7.]
 [ 6.  6.]
 [ 6.  5.]
 [14.  1.]
 [ 5.  8.]
 [ 5.  6.]
 [ 6.  6.]
 [ 6.  5.]
 [14.  1.]
 [ 4.  7.]
 [ 5.  5.]
 [ 6.  6.]
 [ 6.  5.]
 [14.  1.]
 [ 4.  6.]
 [ 5.  5.]
 [ 6.  6.]
 [ 7.  6.]
 [14.  1.]
 [ 4.  5.]
 [ 6.  5.]
 [ 6.  6.]
 [ 7.  6.]
 [14.  1.]
 [ 5.  4.]
 [ 7.  5.]
 [ 6.  6.]
 [ 7.  6.]
 [15.  1.]
 [ 6.  4.]
 [ 7.  5.]
 [ 6.  6.]
 [ 6.  7.]
 [15.  1.]
 [ 7.  4.]
 [ 7.  6.]
 [ 6.  6.]
 [ 6.  7.]
 [16.  1.]
 [ 8.  5.]
 [ 7.  7.]
 [ 6.  6.]
 [ 6.  7.]
 [16.  1.]
 [ 8.  6.]
 [ 7.  7.]
 [ 6.  6.]
 [ 5.  6.]
 [16.  1.]
 [ 8.  7.]
 [ 6.  7.]
 [ 6.  6.]
 [ 5.  6.]
 [16.  1.]
 [ 7.  8.]
 [ 5.  7.]
 [ 6.  6.]
 [ 5.  6.]
 [16.  1.]
 [ 6.  8.]
 [ 5.  7.]
 [ 6.  6.]
 [ 6.  5.]
 [16.  1.]
 [ 5.  8.]
 [ 5.  6.]
 [ 6.  6.]
 [ 6.  5.]
 [16.  1.]
 [ 4.  7.]
 [ 5.  5.]
 [ 6.  6.]
 [ 6.  5.]
 [16.  1.]
 [ 4.  7.]
 [ 5.  5.]
 [ 6.  6.]
 [ 6.  5.]
 [16.  1.]
 [ 4.  6.]
 [ 5.  5.]
 [ 6.  6.]]
