Maze:
##########################
#                        #
#                        #
#                        #
#                        #
#                        #
#     ##############     #
#     #           S#     #
#     #  C         #     #
#     #     B      #     #
#     #            #     #
#     #            #     #
#     #     D      #     #
#     #            #     #
#     #            #     #
#     #            #     #
#     #         A  #     #
#     #            #     #
#     #            #     #
#     ##############     #
#                        #
#                        #
#                        #
#                        #
#                        #
##########################
[[12.  1.]
 [10. 10.]
 [ 6.  3.]
 [ 3.  2.]
 [ 6.  6.]
 [12.  1.]
 [11. 11.]
 [ 6.  2.]
 [ 3.  2.]
 [ 6.  6.]
 [12.  1.]
 [11. 12.]
 [ 5.  1.]
 [ 3.  2.]
 [ 6.  6.]
 [12.  1.]
 [11. 12.]
 [ 4.  1.]
 [ 2.  2.]
 [ 6.  6.]
 [12.  1.]
 [11. 12.]
 [ 3.  1.]
 [ 1.  2.]
 [ 6.  6.]
 [12.  1.]
 [11. 12.]
 [ 2.  1.]
 [ 0.  2.]
 [ 6.  6.]
 [12.  1.]
 [11. 12.]
 [ 1.  1.]
 [-1.  2.]
 [ 6.  6.]
 [12.  1.]
 [11. 12.]
 [ 0.  1.]
 [-2.  2.]
 [ 6.  6.]
 [12.  1.]
 [11. 12.]
 [-1.  1.]
 [-3.  2.]
 [ 6.  6.]
 [12.  1.]
 [11. 12.]
 [-2.  1.]
 [-4.  2.]
 [ 6.  6.]
 [12.  1.]
 [11. 12.]
 [-3.  1.]
 [-5.  2.]
 [ 6.  6.]
 [12.  1.]
 [11. 12.]
 [-4.  1.]
 [-5.  2.]
 [ 6.  6.]
 [12.  1.]
 [11. 12.]
 [-5.  2.]
 [-5.  3.]
 [ 6.  6.]
 [12.  1.]
 [11. 12.]
 [-5.  3.]
 [-5.  4.]
 [ 6.  6.]
 [12.  1.]
 [11. 12.]
 [-5.  4.]
 [-5.  5.]
 [ 6.  6.]
 [12.  1.]
 [11. 12.]
 [-5.  5.]
 [-5.  6.]
 [ 6.  6.]
 [12.  1.]
 [11. 12.]
 [-5.  6.]
 [-5.  7.]
 [ 6.  6.]
 [12.  1.]
 [11. 12.]
 [-5.  7.]
 [-5.  8.]
 [ 6.  6.]
 [12.  1.]
 [11. 12.]
 [-5.  8.]
 [-5.  9.]
 [ 6.  6.]
 [12.  1.]
 [11. 12.]
 [-5.  9.]
 [-5. 10.]
 [ 6.  6.]
 [12.  1.]
 [11. 12.]
 [-5.  9.]
 [-5. 10.]
 [ 6.  6.]
 [12.  1.]
 [11. 12.]
 [-5. 10.]
 [-5. 11.]
 [ 6.  6.]]
