Maze:
##########################
#                        #
#                        #
#                        #
#                        #
#                        #
#     ##############     #
#     #            #     #
#     #            #     #
#     #   A        #     #
#     #            #     #
#     #            #     #
#     # D   S      #     #
#     #            #     #
#     #           C#     #
#     #            #     #
#     #            #     #
#     #            #     #
#     #        B   #     #
#     ##############     #
#                        #
#                        #
#                        #
#                        #
#                        #
##########################
[[ 6.  6.]
 [ 4.  3.]
 [ 9. 12.]
 [12.  8.]
 [ 2.  6.]
 [ 6.  6.]
 [ 4.  2.]
 [ 9. 11.]
 [11.  8.]
 [ 2.  5.]
 [ 6.  6.]
 [ 4.  1.]
 [ 9. 10.]
 [10.  7.]
 [ 2.  4.]
 [ 6.  6.]
 [ 4.  0.]
 [ 9.  9.]
 [ 9.  6.]
 [ 2.  3.]
 [ 6.  6.]
 [ 4. -1.]
 [ 9.  8.]
 [ 8.  6.]
 [ 2.  2.]
 [ 6.  6.]
 [ 4. -2.]
 [ 8.  7.]
 [ 7.  6.]
 [ 2.  1.]
 [ 6.  6.]
 [ 4. -3.]
 [ 8.  7.]
 [ 7.  6.]
 [ 2.  0.]
 [ 6.  6.]
 [ 4. -4.]
 [ 8.  7.]
 [ 7.  6.]
 [ 2. -1.]
 [ 6.  6.]
 [ 4. -5.]
 [ 8.  7.]
 [ 7.  6.]
 [ 2. -2.]
 [ 6.  6.]
 [ 4. -5.]
 [ 8.  7.]
 [ 7.  6.]
 [ 2. -3.]
 [ 6.  6.]
 [ 5. -5.]
 [ 8.  7.]
 [ 7.  6.]
 [ 3. -4.]
 [ 6.  6.]
 [ 6. -5.]
 [ 8.  7.]
 [ 7.  6.]
 [ 4. -5.]
 [ 6.  6.]
 [ 7. -5.]
 [ 8.  7.]
 [ 7.  6.]
 [ 5. -5.]
 [ 6.  6.]
 [ 8. -5.]
 [ 8.  7.]
 [ 7.  6.]
 [ 6. -5.]
 [ 6.  6.]
 [ 9. -5.]
 [ 8.  7.]
 [ 7.  6.]
 [ 7. -5.]
 [ 6.  6.]
 [10. -5.]
 [ 8.  7.]
 [ 7.  6.]
 [ 8. -5.]
 [ 6.  6.]
 [11. -5.]
 [ 8.  7.]
 [ 7.  6.]
 [ 9. -5.]
 [ 6.  6.]
 [12. -5.]
 [ 8.  7.]
 [ 7.  6.]
 [10. -5.]
 [ 6.  6.]
 [13. -5.]
 [ 8.  7.]
 [ 7.  6.]
 [11. -5.]
 [ 6.  6.]
 [14. -5.]
 [ 8.  7.]
 [ 7.  6.]
 [12. -5.]
 [ 6.  6.]
 [14. -5.]
 [ 8.  7.]
 [ 7.  6.]
 [12. -5.]
 [ 6.  6.]
 [15. -5.]
 [ 8.  7.]
 [ 7.  6.]
 [13. -5.]]
