Maze:
##########################
#                        #
#                        #
#                        #
#                        #
#                        #
#     ##############     #
#     #            #     #
#     #   C        #     #
#     #            #     #
#     #         S  #     #
#     #           B#     #
#     #     D      #     #
#     #            #     #
#     #            #     #
#     #            #     #
#     #            #     #
#     #            #     #
#     #     A      #     #
#     ##############     #
#                        #
#                        #
#                        #
#                        #
#                        #
##########################
[[10.  4.]
 [ 6. 12.]
 [12.  5.]
 [ 4.  2.]
 [ 6.  6.]
 [ 9.  4.]
 [ 6. 13.]
 [11.  5.]
 [ 4.  2.]
 [ 6.  6.]
 [ 8.  4.]
 [ 6. 14.]
 [10.  4.]
 [ 4.  2.]
 [ 6.  6.]
 [ 7.  4.]
 [ 6. 15.]
 [ 9.  4.]
 [ 5.  2.]
 [ 6.  6.]
 [ 6.  4.]
 [ 6. 15.]
 [ 8.  4.]
 [ 6.  3.]
 [ 6.  6.]
 [ 5.  4.]
 [ 6. 15.]
 [ 7.  3.]
 [ 6.  4.]
 [ 6.  6.]
 [ 4.  5.]
 [ 6. 15.]
 [ 6.  4.]
 [ 5.  4.]
 [ 6.  6.]
 [ 3.  6.]
 [ 6. 16.]
 [ 5.  4.]
 [ 4.  4.]
 [ 6.  6.]
 [ 2.  7.]
 [ 6. 16.]
 [ 4.  4.]
 [ 3.  4.]
 [ 6.  6.]
 [ 2.  8.]
 [ 6. 16.]
 [ 3.  4.]
 [ 2.  4.]
 [ 6.  6.]
 [ 2.  9.]
 [ 6. 16.]
 [ 2.  4.]
 [ 1.  4.]
 [ 6.  6.]
 [ 2. 10.]
 [ 6. 16.]
 [ 1.  4.]
 [ 0.  4.]
 [ 6.  6.]
 [ 2. 11.]
 [ 6. 16.]
 [ 0.  4.]
 [-1.  4.]
 [ 6.  6.]
 [ 3. 12.]
 [ 6. 16.]
 [-1.  4.]
 [-2.  4.]
 [ 6.  6.]
 [ 4. 13.]
 [ 6. 16.]
 [-2.  4.]
 [-3.  4.]
 [ 6.  6.]
 [ 5. 14.]
 [ 6. 17.]
 [-3.  4.]
 [-4.  4.]
 [ 6.  6.]
 [ 5. 15.]
 [ 6. 17.]
 [-4.  4.]
 [-5.  4.]
 [ 6.  6.]
 [ 5. 16.]
 [ 6. 17.]
 [-4.  4.]
 [-5.  4.]
 [ 6.  6.]
 [ 6. 17.]
 [ 7. 17.]
 [-4.  4.]
 [-5.  4.]
 [ 6.  6.]
 [ 7. 17.]
 [ 8. 17.]
 [-4.  4.]
 [-5.  4.]
 [ 6.  6.]
 [ 7. 17.]
 [ 8. 17.]
 [-4.  4.]
 [-5.  4.]
 [ 6.  6.]
 [ 8. 17.]
 [ 9. 17.]
 [-4.  4.]
 [-5.  4.]
 [ 6.  6.]]
