Maze:
##########################
#                        #
#                        #
#                        #
#                        #
#                        #
#     ##############     #
#     #            #     #
#     #         C  #     #
#     #            #     #
#     #            #     #
#     #            #     #
#     #     D      #     #
#     #            #     #
#     #            #     #
#     #A           #     #
#     #     B      #     #
#     #          S #     #
#     #            #     #
#     ##############     #
#                        #
#                        #
#                        #
#                        #
#                        #
##########################
[[11. 11.]
 [ 1.  9.]
 [ 6. 10.]
 [10.  2.]
 [ 6.  6.]
 [11. 11.]
 [ 0.  9.]
 [ 6. 11.]
 [10.  2.]
 [ 6.  6.]
 [12. 11.]
 [-1.  9.]
 [ 7. 12.]
 [10.  2.]
 [ 6.  6.]
 [13. 11.]
 [-2.  9.]
 [ 8. 12.]
 [10.  2.]
 [ 6.  6.]
 [14. 11.]
 [-3.  9.]
 [ 9. 12.]
 [10.  2.]
 [ 6.  6.]
 [15. 11.]
 [-3.  9.]
 [10. 12.]
 [10.  2.]
 [ 6.  6.]
 [16. 11.]
 [-3.  9.]
 [11. 12.]
 [10.  2.]
 [ 6.  6.]
 [17. 11.]
 [-3.  9.]
 [12. 12.]
 [10.  2.]
 [ 6.  6.]
 [17. 11.]
 [-3.  9.]
 [13. 12.]
 [10.  2.]
 [ 6.  6.]
 [17. 11.]
 [-3.  9.]
 [14. 12.]
 [10.  2.]
 [ 6.  6.]
 [17. 11.]
 [-3.  9.]
 [15. 12.]
 [10.  2.]
 [ 6.  6.]
 [17. 11.]
 [-3.  9.]
 [16. 12.]
 [10.  2.]
 [ 6.  6.]
 [17. 10.]
 [-3.  9.]
 [17. 11.]
 [10.  2.]
 [ 6.  6.]
 [17.  9.]
 [-3.  9.]
 [17. 10.]
 [10.  2.]
 [ 6.  6.]
 [17.  8.]
 [-3.  9.]
 [17.  9.]
 [10.  2.]
 [ 6.  6.]
 [17.  7.]
 [-3.  9.]
 [17.  8.]
 [10.  2.]
 [ 6.  6.]
 [17.  6.]
 [-3.  9.]
 [17.  7.]
 [10.  2.]
 [ 6.  6.]
 [17.  5.]
 [-3.  9.]
 [17.  6.]
 [10.  2.]
 [ 6.  6.]
 [17.  4.]
 [-3.  9.]
 [17.  5.]
 [10.  2.]
 [ 6.  6.]
 [17.  3.]
 [-3.  9.]
 [17.  4.]
 [10.  2.]
 [ 6.  6.]
 [17.  3.]
 [-3.  9.]
 [17.  4.]
 [10.  2.]
 [ 6.  6.]
 [17.  2.]
 [-3.  9.]
 [17.  3.]
 [10.  2.]
 [ 6.  6.]]
