Maze:
##########################
#                        #
#                        #
#                        #
#                        #
#                        #
#     ##############     #
#     #            #     #
#     #            #     #
#     #       D    #     #
#     #     A      #     #
#     #            #     #
#     #     B   C  #     #
#     #            #     #
#     #            #     #
#     #            #     #
#     #      S     #     #
#     #            #     #
#     #            #     #
#     ##############     #
#                        #
#                        #
#                        #
#                        #
#                        #
##########################
[[ 7. 10.]
 [ 6.  4.]
 [ 6.  6.]
 [10.  6.]
 [ 8.  3.]
 [ 7. 10.]
 [ 5.  3.]
 [ 6.  6.]
 [ 9.  7.]
 [ 7.  3.]
 [ 7. 11.]
 [ 4.  3.]
 [ 6.  6.]
 [ 8.  8.]
 [ 6.  2.]
 [ 7. 11.]
 [ 3.  3.]
 [ 6.  6.]
 [ 8.  9.]
 [ 5.  2.]
 [ 7. 11.]
 [ 2.  3.]
 [ 6.  6.]
 [ 8. 10.]
 [ 4.  2.]
 [ 7. 11.]
 [ 1.  3.]
 [ 6.  6.]
 [ 8. 10.]
 [ 3.  2.]
 [ 7. 11.]
 [ 0.  3.]
 [ 6.  6.]
 [ 8. 10.]
 [ 2.  2.]
 [ 7. 11.]
 [-1.  3.]
 [ 6.  6.]
 [ 8. 10.]
 [ 1.  2.]
 [ 7. 11.]
 [-2.  3.]
 [ 6.  6.]
 [ 8. 10.]
 [ 0.  2.]
 [ 7. 11.]
 [-3.  3.]
 [ 6.  6.]
 [ 8. 10.]
 [-1.  2.]
 [ 7. 11.]
 [-4.  3.]
 [ 6.  6.]
 [ 8. 10.]
 [-2.  2.]
 [ 7. 11.]
 [-5.  3.]
 [ 6.  6.]
 [ 8. 10.]
 [-3.  2.]
 [ 7. 11.]
 [-5.  3.]
 [ 6.  6.]
 [ 8. 10.]
 [-4.  2.]
 [ 7. 11.]
 [-5.  4.]
 [ 6.  6.]
 [ 8. 10.]
 [-5.  3.]
 [ 7. 11.]
 [-5.  5.]
 [ 6.  6.]
 [ 8. 10.]
 [-5.  4.]
 [ 7. 11.]
 [-5.  6.]
 [ 6.  6.]
 [ 8. 10.]
 [-5.  5.]
 [ 7. 11.]
 [-5.  7.]
 [ 6.  6.]
 [ 8. 10.]
 [-5.  6.]
 [ 7. 11.]
 [-5.  8.]
 [ 6.  6.]
 [ 8. 10.]
 [-5.  7.]
 [ 7. 11.]
 [-5.  9.]
 [ 6.  6.]
 [ 8. 10.]
 [-5.  8.]
 [ 7. 11.]
 [-5. 10.]
 [ 6.  6.]
 [ 8. 10.]
 [-5.  9.]
 [ 7. 11.]
 [-5. 10.]
 [ 6.  6.]
 [ 8. 10.]
 [-5.  9.]
 [ 7. 11.]
 [-5. 11.]
 [ 6.  6.]
 [ 8. 10.]
 [-5. 10.]]
