Maze:
##########################
#                        #
#                        #
#                        #
#                        #
#                        #
#     ##############     #
#     #            #     #
#     #            #     #
#     #            #     #
#     #D           #     #
#     #            #     #
#     #     C      #     #
#     #   B        #     #
#     #            #     #
#     #           A#     #
#     #            #     #
#     #         S  #     #
#     #            #     #
#     ##############     #
#                        #
#                        #
#                        #
#                        #
#                        #
##########################
[[10. 11.]
 [12.  9.]
 [ 4.  7.]
 [ 6.  6.]
 [ 1.  4.]
 [11. 10.]
 [13.  9.]
 [ 5.  7.]
 [ 6.  6.]
 [ 0.  3.]
 [12. 10.]
 [14.  9.]
 [ 5.  7.]
 [ 6.  6.]
 [ 0.  3.]
 [13. 10.]
 [15.  9.]
 [ 5.  7.]
 [ 6.  6.]
 [ 0.  3.]
 [14. 10.]
 [16.  9.]
 [ 5.  7.]
 [ 6.  6.]
 [ 0.  3.]
 [15. 10.]
 [17.  9.]
 [ 5.  7.]
 [ 6.  6.]
 [ 0.  3.]
 [16. 10.]
 [17.  9.]
 [ 5.  7.]
 [ 6.  6.]
 [ 0.  3.]
 [17.  9.]
 [17.  8.]
 [ 5.  7.]
 [ 6.  6.]
 [ 0.  3.]
 [17.  8.]
 [17.  7.]
 [ 5.  7.]
 [ 6.  6.]
 [ 0.  3.]
 [17.  7.]
 [17.  6.]
 [ 5.  7.]
 [ 6.  6.]
 [ 0.  3.]
 [17.  6.]
 [17.  5.]
 [ 5.  7.]
 [ 6.  6.]
 [ 0.  3.]
 [17.  5.]
 [17.  4.]
 [ 5.  7.]
 [ 6.  6.]
 [ 0.  3.]
 [17.  4.]
 [17.  3.]
 [ 5.  7.]
 [ 6.  6.]
 [ 0.  3.]
 [17.  3.]
 [17.  2.]
 [ 5.  7.]
 [ 6.  6.]
 [ 0.  3.]
 [17.  2.]
 [17.  1.]
 [ 5.  7.]
 [ 6.  6.]
 [ 0.  3.]
 [17.  1.]
 [17.  0.]
 [ 5.  7.]
 [ 6.  6.]
 [ 0.  3.]
 [17.  0.]
 [17. -1.]
 [ 5.  7.]
 [ 6.  6.]
 [ 0.  3.]
 [17. -1.]
 [17. -2.]
 [ 5.  7.]
 [ 6.  6.]
 [ 0.  3.]
 [17. -2.]
 [17. -3.]
 [ 5.  7.]
 [ 6.  6.]
 [ 0.  3.]
 [17. -3.]
 [17. -4.]
 [ 5.  7.]
 [ 6.  6.]
 [ 0.  3.]
 [17. -3.]
 [17. -4.]
 [ 5.  7.]
 [ 6.  6.]
 [ 0.  3.]
 [17. -4.]
 [17. -5.]
 [ 5.  7.]
 [ 6.  6.]
 [ 0.  3.]]
