Maze:
##########################
#                        #
#                        #
#                        #
#                        #
#                        #
#     ##############     #
#     #   A        #     #
#     #            #     #
#     #          B #     #
#     #            #     #
#     #  S         #     #
#     #     C      #     #
#     #            #     #
#     # D          #     #
#     #            #     #
#     #            #     #
#     #            #     #
#     #            #     #
#     ##############     #
#                        #
#                        #
#                        #
#                        #
#                        #
##########################
[[ 3.  5.]
 [ 4.  1.]
 [11.  3.]
 [ 6.  6.]
 [ 2.  8.]
 [ 3.  4.]
 [ 4.  0.]
 [10.  3.]
 [ 6.  6.]
 [ 2.  9.]
 [ 3.  3.]
 [ 4. -1.]
 [ 9.  3.]
 [ 6.  6.]
 [ 2.  9.]
 [ 3.  2.]
 [ 4. -2.]
 [ 8.  3.]
 [ 6.  6.]
 [ 2.  9.]
 [ 3.  1.]
 [ 4. -3.]
 [ 7.  3.]
 [ 6.  6.]
 [ 2.  9.]
 [ 3.  0.]
 [ 4. -4.]
 [ 6.  3.]
 [ 6.  6.]
 [ 2.  9.]
 [ 3. -1.]
 [ 4. -5.]
 [ 5.  3.]
 [ 6.  6.]
 [ 2.  9.]
 [ 3. -2.]
 [ 4. -5.]
 [ 5.  3.]
 [ 6.  6.]
 [ 2.  9.]
 [ 3. -3.]
 [ 4. -5.]
 [ 6.  3.]
 [ 6.  6.]
 [ 2.  9.]
 [ 3. -4.]
 [ 4. -5.]
 [ 6.  4.]
 [ 6.  6.]
 [ 2.  9.]
 [ 4. -5.]
 [ 5. -5.]
 [ 6.  5.]
 [ 6.  6.]
 [ 2.  9.]
 [ 5. -5.]
 [ 6. -5.]
 [ 6.  5.]
 [ 6.  6.]
 [ 1. 10.]
 [ 6. -5.]
 [ 7. -5.]
 [ 6.  5.]
 [ 6.  6.]
 [ 1. 10.]
 [ 7. -5.]
 [ 8. -5.]
 [ 6.  5.]
 [ 6.  6.]
 [ 1. 10.]
 [ 8. -5.]
 [ 9. -5.]
 [ 6.  5.]
 [ 6.  6.]
 [ 1. 10.]
 [ 9. -5.]
 [10. -5.]
 [ 6.  5.]
 [ 6.  6.]
 [ 1. 10.]
 [10. -5.]
 [11. -5.]
 [ 6.  5.]
 [ 6.  6.]
 [ 1. 10.]
 [11. -5.]
 [12. -5.]
 [ 6.  5.]
 [ 6.  6.]
 [ 1. 10.]
 [12. -5.]
 [13. -5.]
 [ 6.  5.]
 [ 6.  6.]
 [ 1. 10.]
 [13. -5.]
 [14. -5.]
 [ 6.  5.]
 [ 6.  6.]
 [ 1. 10.]
 [13. -5.]
 [14. -5.]
 [ 6.  5.]
 [ 6.  6.]
 [ 1. 10.]
 [14. -5.]
 [15. -5.]
 [ 6.  5.]
 [ 6.  6.]
 [ 1. 10.]]
