Maze:
##########################
#                        #
#                        #
#                        #
#                        #
#                        #
#     ##############     #
#     #            #     #
#     #            #     #
#     #            #     #
#     #            #     #
#     #D           #     #
#     #     S      #     #
#     #            #     #
#     #      C     #     #
#     #  A         #     #
#     #            #     #
#     #          B #     #
#     #            #     #
#     ##############     #
#                        #
#                        #
#                        #
#                        #
#                        #
##########################
[[ 6.  6.]
 [ 3.  9.]
 [11. 11.]
 [ 7.  8.]
 [ 1.  5.]
 [ 6.  6.]
 [ 3. 10.]
 [10. 10.]
 [ 6.  7.]
 [ 1.  6.]
 [ 6.  6.]
 [ 3. 11.]
 [ 9.  9.]
 [ 6.  7.]
 [ 1.  7.]
 [ 6.  6.]
 [ 3. 12.]
 [ 8.  8.]
 [ 6.  7.]
 [ 1.  8.]
 [ 6.  6.]
 [ 3. 13.]
 [ 7.  7.]
 [ 6.  7.]
 [ 1.  9.]
 [ 6.  6.]
 [ 3. 14.]
 [ 7.  7.]
 [ 6.  7.]
 [ 1. 10.]
 [ 6.  6.]
 [ 3. 15.]
 [ 7.  7.]
 [ 6.  7.]
 [ 1. 11.]
 [ 6.  6.]
 [ 3. 16.]
 [ 7.  7.]
 [ 6.  7.]
 [ 1. 12.]
 [ 6.  6.]
 [ 3. 17.]
 [ 7.  7.]
 [ 6.  7.]
 [ 1. 13.]
 [ 6.  6.]
 [ 3. 17.]
 [ 7.  7.]
 [ 6.  7.]
 [ 1. 14.]
 [ 6.  6.]
 [ 3. 17.]
 [ 7.  7.]
 [ 6.  7.]
 [ 1. 15.]
 [ 6.  6.]
 [ 4. 17.]
 [ 7.  7.]
 [ 6.  7.]
 [ 2. 16.]
 [ 6.  6.]
 [ 5. 17.]
 [ 7.  7.]
 [ 6.  7.]
 [ 3. 17.]
 [ 6.  6.]
 [ 6. 17.]
 [ 7.  7.]
 [ 6.  7.]
 [ 4. 17.]
 [ 6.  6.]
 [ 7. 17.]
 [ 7.  7.]
 [ 6.  7.]
 [ 5. 17.]
 [ 6.  6.]
 [ 8. 17.]
 [ 7.  7.]
 [ 6.  7.]
 [ 6. 17.]
 [ 6.  6.]
 [ 9. 17.]
 [ 7.  7.]
 [ 6.  7.]
 [ 7. 17.]
 [ 6.  6.]
 [10. 17.]
 [ 7.  7.]
 [ 6.  7.]
 [ 8. 17.]
 [ 6.  6.]
 [11. 17.]
 [ 7.  7.]
 [ 6.  7.]
 [ 9. 17.]
 [ 6.  6.]
 [12. 17.]
 [ 7.  7.]
 [ 6.  7.]
 [10. 17.]
 [ 6.  6.]
 [12. 17.]
 [ 7.  7.]
 [ 6.  7.]
 [10. 17.]
 [ 6.  6.]
 [13. 17.]
 [ 7.  7.]
 [ 6.  7.]
 [11. 17.]]
