Maze:
##########################
#                        #
#                        #
#                        #
#                        #
#                        #
#     ##############     #
#     #            #     #
#     #            #     #
#     #            #     #
#     #     D      #     #
#     #            #     #
#     #     C      #     #
#     #            #     #
#     #            #     #
#     #B           #     #
#     #   S        #     #
#     #            #     #
#     #           A#     #
#     ##############     #
#                        #
#                        #
#                        #
#                        #
#                        #
##########################
[[ 4. 10.]
 [12. 12.]
 [ 1.  9.]
 [ 6.  6.]
 [ 6.  4.]
 [ 5. 10.]
 [12. 12.]
 [ 2.  9.]
 [ 6.  6.]
 [ 6.  3.]
 [ 6. 10.]
 [12. 12.]
 [ 3.  9.]
 [ 6.  6.]
 [ 6.  2.]
 [ 7. 10.]
 [12. 12.]
 [ 4.  9.]
 [ 6.  6.]
 [ 6.  1.]
 [ 8. 10.]
 [13. 12.]
 [ 5.  9.]
 [ 6.  6.]
 [ 6.  1.]
 [ 9. 10.]
 [14. 12.]
 [ 6.  9.]
 [ 6.  6.]
 [ 6.  1.]
 [10. 10.]
 [15. 12.]
 [ 7.  9.]
 [ 6.  6.]
 [ 6.  1.]
 [11. 10.]
 [16. 12.]
 [ 8.  9.]
 [ 6.  6.]
 [ 6.  1.]
 [12. 10.]
 [17. 12.]
 [ 9.  9.]
 [ 6.  6.]
 [ 6.  1.]
 [13. 10.]
 [17. 12.]
 [10.  9.]
 [ 6.  6.]
 [ 6.  1.]
 [14. 10.]
 [17. 12.]
 [11.  9.]
 [ 6.  6.]
 [ 6.  1.]
 [15. 10.]
 [17. 12.]
 [12.  9.]
 [ 6.  6.]
 [ 6.  1.]
 [16. 11.]
 [17. 13.]
 [13.  9.]
 [ 6.  6.]
 [ 6.  1.]
 [17. 12.]
 [17. 14.]
 [14. 10.]
 [ 6.  6.]
 [ 6.  1.]
 [17. 13.]
 [17. 15.]
 [15. 11.]
 [ 6.  6.]
 [ 6.  1.]
 [17. 14.]
 [17. 16.]
 [16. 12.]
 [ 6.  6.]
 [ 6.  1.]
 [17. 15.]
 [17. 17.]
 [16. 13.]
 [ 6.  6.]
 [ 6.  1.]
 [17. 16.]
 [17. 17.]
 [16. 14.]
 [ 6.  6.]
 [ 6.  1.]
 [17. 16.]
 [17. 17.]
 [16. 15.]
 [ 6.  6.]
 [ 6.  1.]
 [17. 16.]
 [17. 17.]
 [16. 15.]
 [ 6.  6.]
 [ 6.  1.]]
