Maze:
##########################
#                        #
#                        #
#                        #
#                        #
#                        #
#     ##############     #
#     #          C #     #
#     #            #     #
#     #            #     #
#     #            #     #
#     #            #     #
#     #A    D      #     #
#     #            #     #
#     #   S        #     #
#     #            #     #
#     #  B         #     #
#     #            #     #
#     #            #     #
#     ##############     #
#                        #
#                        #
#                        #
#                        #
#                        #
##########################
[[ 4.  8.]
 [ 1.  6.]
 [ 3. 10.]
 [11.  1.]
 [ 6.  6.]
 [ 4.  7.]
 [ 0.  5.]
 [ 3.  9.]
 [11.  1.]
 [ 6.  6.]
 [ 4.  6.]
 [-1.  4.]
 [ 3.  8.]
 [11.  1.]
 [ 6.  6.]
 [ 4.  5.]
 [-2.  3.]
 [ 3.  7.]
 [11.  1.]
 [ 6.  6.]
 [ 4.  4.]
 [-3.  2.]
 [ 3.  6.]
 [11.  1.]
 [ 6.  6.]
 [ 4.  3.]
 [-4.  2.]
 [ 3.  5.]
 [11.  1.]
 [ 6.  6.]
 [ 4.  2.]
 [-5.  2.]
 [ 3.  4.]
 [11.  1.]
 [ 6.  6.]
 [ 4.  1.]
 [-5.  2.]
 [ 3.  3.]
 [11.  1.]
 [ 6.  6.]
 [ 4.  0.]
 [-5.  2.]
 [ 3.  2.]
 [11.  1.]
 [ 6.  6.]
 [ 4. -1.]
 [-5.  2.]
 [ 3.  1.]
 [11.  1.]
 [ 6.  6.]
 [ 4. -2.]
 [-5.  2.]
 [ 3.  0.]
 [11.  1.]
 [ 6.  6.]
 [ 4. -3.]
 [-5.  2.]
 [ 3. -1.]
 [11.  1.]
 [ 6.  6.]
 [ 4. -4.]
 [-5.  2.]
 [ 3. -2.]
 [11.  1.]
 [ 6.  6.]
 [ 4. -5.]
 [-5.  2.]
 [ 3. -3.]
 [11.  1.]
 [ 6.  6.]
 [ 4. -5.]
 [-5.  2.]
 [ 3. -4.]
 [11.  1.]
 [ 6.  6.]
 [ 5. -5.]
 [-5.  2.]
 [ 4. -5.]
 [11.  1.]
 [ 6.  6.]
 [ 6. -5.]
 [-5.  2.]
 [ 5. -5.]
 [11.  1.]
 [ 6.  6.]
 [ 7. -5.]
 [-5.  2.]
 [ 6. -5.]
 [11.  1.]
 [ 6.  6.]
 [ 8. -5.]
 [-5.  2.]
 [ 7. -5.]
 [11.  1.]
 [ 6.  6.]
 [ 9. -5.]
 [-5.  2.]
 [ 8. -5.]
 [11.  1.]
 [ 6.  6.]
 [ 9. -5.]
 [-5.  2.]
 [ 8. -5.]
 [11.  1.]
 [ 6.  6.]
 [10. -5.]
 [-5.  2.]
 [ 9. -5.]
 [11.  1.]
 [ 6.  6.]]
