Maze:
##########################
#                        #
#                        #
#                        #
#                        #
#                        #
#     ##############     #
#     #            #     #
#     #            #     #
#     #           D#     #
#     #            #     #
#     #         A  #     #
#     #    CB      #     #
#     #            #     #
#     #            #     #
#     #            #     #
#     #            #     #
#     # S          #     #
#     #            #     #
#     ##############     #
#                        #
#                        #
#                        #
#                        #
#                        #
##########################
[[ 2. 11.]
 [10.  5.]
 [ 6.  6.]
 [ 5.  6.]
 [12.  3.]
 [ 2. 11.]
 [10.  6.]
 [ 6.  6.]
 [ 4.  6.]
 [11.  4.]
 [ 2. 11.]
 [10.  7.]
 [ 6.  6.]
 [ 3.  7.]
 [11.  5.]
 [ 2. 11.]
 [10.  8.]
 [ 6.  6.]
 [ 3.  8.]
 [11.  6.]
 [ 2. 11.]
 [10.  9.]
 [ 6.  6.]
 [ 3.  9.]
 [11.  7.]
 [ 2. 11.]
 [10. 10.]
 [ 6.  6.]
 [ 3. 10.]
 [11.  8.]
 [ 2. 11.]
 [10. 11.]
 [ 6.  6.]
 [ 3. 10.]
 [11.  9.]
 [ 2. 11.]
 [10. 12.]
 [ 6.  6.]
 [ 3. 10.]
 [11. 10.]
 [ 2. 11.]
 [10. 13.]
 [ 6.  6.]
 [ 3. 10.]
 [11. 11.]
 [ 2. 11.]
 [10. 14.]
 [ 6.  6.]
 [ 3. 10.]
 [11. 12.]
 [ 2. 11.]
 [10. 15.]
 [ 6.  6.]
 [ 3. 10.]
 [11. 13.]
 [ 2. 11.]
 [10. 16.]
 [ 6.  6.]
 [ 3. 10.]
 [11. 14.]
 [ 2. 11.]
 [10. 17.]
 [ 6.  6.]
 [ 3. 10.]
 [11. 15.]
 [ 2. 11.]
 [10. 17.]
 [ 6.  6.]
 [ 3. 10.]
 [11. 16.]
 [ 2. 11.]
 [ 9. 17.]
 [ 6.  6.]
 [ 3. 10.]
 [10. 17.]
 [ 2. 11.]
 [ 8. 17.]
 [ 6.  6.]
 [ 3. 10.]
 [ 9. 17.]
 [ 2. 11.]
 [ 7. 17.]
 [ 6.  6.]
 [ 3. 10.]
 [ 8. 17.]
 [ 2. 11.]
 [ 6. 17.]
 [ 6.  6.]
 [ 3. 10.]
 [ 7. 17.]
 [ 2. 11.]
 [ 5. 17.]
 [ 6.  6.]
 [ 3. 10.]
 [ 6. 17.]
 [ 2. 12.]
 [ 4. 17.]
 [ 6.  6.]
 [ 2. 11.]
 [ 5. 17.]
 [ 2. 12.]
 [ 4. 17.]
 [ 6.  6.]
 [ 2. 11.]
 [ 5. 17.]
 [ 2. 12.]
 [ 3. 17.]
 [ 6.  6.]
 [ 2. 11.]
 [ 4. 17.]]
