Maze:
##########################
#                        #
#                        #
#                        #
#                        #
#                        #
#     ##############     #
#     #            #     #
#     #            #     #
#     #            #     #
#     #      D     #     #
#     #     A      #     #
#     #   S B      #     #
#     #            #     #
#     #       C    #     #
#     #            #     #
#     #            #     #
#     #            #     #
#     #            #     #
#     ##############     #
#                        #
#                        #
#                        #
#                        #
#                        #
##########################
[[ 4.  6.]
 [ 6.  5.]
 [ 6.  6.]
 [ 8.  8.]
 [ 7.  4.]
 [ 4.  5.]
 [ 6.  5.]
 [ 6.  6.]
 [ 7.  7.]
 [ 7.  4.]
 [ 5.  4.]
 [ 6.  5.]
 [ 6.  6.]
 [ 7.  7.]
 [ 7.  4.]
 [ 5.  4.]
 [ 6.  4.]
 [ 6.  6.]
 [ 7.  6.]
 [ 7.  4.]
 [ 5.  4.]
 [ 6.  4.]
 [ 6.  6.]
 [ 7.  5.]
 [ 7.  4.]
 [ 6.  4.]
 [ 5.  4.]
 [ 6.  6.]
 [ 6.  5.]
 [ 6.  3.]
 [ 5.  4.]
 [ 4.  4.]
 [ 6.  6.]
 [ 6.  4.]
 [ 5.  2.]
 [ 4.  4.]
 [ 3.  4.]
 [ 6.  6.]
 [ 5.  4.]
 [ 4.  2.]
 [ 3.  4.]
 [ 2.  4.]
 [ 6.  6.]
 [ 4.  4.]
 [ 3.  2.]
 [ 2.  4.]
 [ 1.  4.]
 [ 6.  6.]
 [ 3.  4.]
 [ 2.  2.]
 [ 1.  4.]
 [ 0.  4.]
 [ 6.  6.]
 [ 2.  4.]
 [ 1.  2.]
 [ 0.  4.]
 [-1.  4.]
 [ 6.  6.]
 [ 1.  4.]
 [ 0.  2.]
 [-1.  4.]
 [-2.  5.]
 [ 6.  6.]
 [ 0.  4.]
 [-1.  2.]
 [-2.  5.]
 [-3.  6.]
 [ 6.  6.]
 [-1.  4.]
 [-2.  1.]
 [-3.  6.]
 [-4.  7.]
 [ 6.  6.]
 [-2.  5.]
 [-2.  1.]
 [-4.  7.]
 [-5.  8.]
 [ 6.  6.]
 [-3.  6.]
 [-2.  1.]
 [-5.  8.]
 [-5.  9.]
 [ 6.  6.]
 [-4.  7.]
 [-2.  1.]
 [-5.  9.]
 [-5. 10.]
 [ 6.  6.]
 [-5.  8.]
 [-2.  1.]
 [-5. 10.]
 [-5. 11.]
 [ 6.  6.]
 [-5.  9.]
 [-2.  1.]
 [-5. 11.]
 [-5. 12.]
 [ 6.  6.]
 [-5. 10.]
 [-2.  1.]
 [-5. 11.]
 [-5. 12.]
 [ 6.  6.]
 [-5. 10.]
 [-2.  1.]
 [-5. 12.]
 [-5. 13.]
 [ 6.  6.]
 [-5. 11.]
 [-2.  1.]]
