Maze:
##########################
#                        #
#                        #
#                        #
#                        #
#                        #
#     ##############     #
#     #            #     #
#     #       D    #     #
#     #         A  #     #
#     #            #     #
#     #        S   #     #
#     #  B  C      #     #
#     #            #     #
#     #            #     #
#     #            #     #
#     #            #     #
#     #            #     #
#     #            #     #
#     ##############     #
#                        #
#                        #
#                        #
#                        #
#                        #
##########################
[[ 9.  5.]
 [10.  3.]
 [ 3.  6.]
 [ 6.  6.]
 [ 8.  2.]
 [ 9.  4.]
 [11.  3.]
 [ 4.  6.]
 [ 6.  6.]
 [ 9.  2.]
 [10.  3.]
 [12.  3.]
 [ 5.  6.]
 [ 6.  6.]
 [10.  2.]
 [11.  2.]
 [13.  3.]
 [ 5.  6.]
 [ 6.  6.]
 [10.  1.]
 [12.  2.]
 [14.  3.]
 [ 5.  6.]
 [ 6.  6.]
 [ 9.  0.]
 [13.  2.]
 [15.  3.]
 [ 5.  6.]
 [ 6.  6.]
 [ 9. -1.]
 [14.  2.]
 [16.  3.]
 [ 5.  6.]
 [ 6.  6.]
 [ 9. -1.]
 [15.  2.]
 [17.  3.]
 [ 5.  6.]
 [ 6.  6.]
 [ 9. -1.]
 [16.  2.]
 [17.  3.]
 [ 5.  6.]
 [ 6.  6.]
 [ 9. -1.]
 [17.  3.]
 [17.  4.]
 [ 5.  6.]
 [ 6.  6.]
 [ 9. -1.]
 [17.  4.]
 [17.  5.]
 [ 5.  6.]
 [ 6.  6.]
 [ 9. -1.]
 [17.  5.]
 [17.  6.]
 [ 5.  6.]
 [ 6.  6.]
 [ 9. -1.]
 [17.  6.]
 [17.  7.]
 [ 5.  6.]
 [ 6.  6.]
 [ 9. -1.]
 [17.  7.]
 [17.  8.]
 [ 5.  6.]
 [ 6.  6.]
 [ 9. -1.]
 [17.  8.]
 [17.  9.]
 [ 5.  6.]
 [ 6.  6.]
 [ 9. -1.]
 [17.  9.]
 [17. 10.]
 [ 5.  6.]
 [ 6.  6.]
 [ 9. -1.]
 [17. 10.]
 [17. 11.]
 [ 5.  6.]
 [ 6.  6.]
 [ 9. -1.]
 [17. 11.]
 [17. 12.]
 [ 5.  6.]
 [ 6.  6.]
 [ 9. -1.]
 [17. 12.]
 [17. 13.]
 [ 5.  6.]
 [ 6.  6.]
 [ 9. -1.]
 [17. 13.]
 [17. 14.]
 [ 5.  6.]
 [ 6.  6.]
 [ 9. -1.]
 [17. 13.]
 [17. 14.]
 [ 5.  6.]
 [ 6.  6.]
 [ 9. -1.]
 [17. 14.]
 [17. 15.]
 [ 5.  6.]
 [ 6.  6.]
 [ 9. -1.]]
