Maze:
##########################
#                        #
#                        #
#                        #
#                        #
#                        #
#     ##############     #
#     #B           #     #
#     #            #     #
#     #            #     #
#     #            #     #
#     #            #     #
#     #     D      #     #
#     #  S         #     #
#     #   C        #     #
#     #            #     #
#     #            #     #
#     #            #     #
#     #    A       #     #
#     ##############     #
#                        #
#                        #
#                        #
#                        #
#                        #
##########################
[[ 3.  7.]
 [ 5. 12.]
 [ 1.  1.]
 [ 4.  8.]
 [ 6.  6.]
 [ 4.  8.]
 [ 5. 13.]
 [ 1.  2.]
 [ 3.  7.]
 [ 6.  6.]
 [ 4.  9.]
 [ 5. 14.]
 [ 1.  3.]
 [ 4.  8.]
 [ 6.  6.]
 [ 5.  9.]
 [ 5. 15.]
 [ 1.  4.]
 [ 4.  9.]
 [ 6.  6.]
 [ 4. 10.]
 [ 5. 16.]
 [ 1.  5.]
 [ 5.  9.]
 [ 6.  6.]
 [ 5. 11.]
 [ 5. 16.]
 [ 1.  6.]
 [ 4. 10.]
 [ 6.  6.]
 [ 5. 12.]
 [ 5. 17.]
 [ 1.  7.]
 [ 5. 11.]
 [ 6.  6.]
 [ 5. 12.]
 [ 5. 17.]
 [ 1.  8.]
 [ 5. 11.]
 [ 6.  6.]
 [ 5. 12.]
 [ 5. 17.]
 [ 1.  9.]
 [ 5. 11.]
 [ 6.  6.]
 [ 6. 12.]
 [ 5. 17.]
 [ 2. 10.]
 [ 5. 12.]
 [ 6.  6.]
 [ 6. 13.]
 [ 5. 17.]
 [ 3. 11.]
 [ 6. 12.]
 [ 6.  6.]
 [ 7. 14.]
 [ 5. 17.]
 [ 4. 12.]
 [ 6. 13.]
 [ 6.  6.]
 [ 7. 15.]
 [ 5. 17.]
 [ 5. 13.]
 [ 7. 14.]
 [ 6.  6.]
 [ 7. 16.]
 [ 5. 17.]
 [ 6. 14.]
 [ 7. 15.]
 [ 6.  6.]
 [ 7. 17.]
 [ 5. 17.]
 [ 7. 15.]
 [ 7. 16.]
 [ 6.  6.]
 [ 6. 17.]
 [ 4. 17.]
 [ 7. 16.]
 [ 7. 17.]
 [ 6.  6.]
 [ 5. 17.]
 [ 3. 17.]
 [ 7. 17.]
 [ 6. 17.]
 [ 6.  6.]
 [ 4. 17.]
 [ 2. 17.]
 [ 6. 17.]
 [ 5. 17.]
 [ 6.  6.]
 [ 3. 17.]
 [ 1. 17.]
 [ 5. 17.]
 [ 4. 17.]
 [ 6.  6.]
 [ 2. 17.]
 [ 0. 17.]
 [ 4. 17.]
 [ 3. 17.]
 [ 6.  6.]
 [ 2. 17.]
 [ 0. 17.]
 [ 4. 17.]
 [ 3. 17.]
 [ 6.  6.]
 [ 1. 17.]
 [-1. 17.]
 [ 3. 17.]
 [ 2. 17.]
 [ 6.  6.]]
