Maze:
##########################
#                        #
#                        #
#                        #
#                        #
#                        #
#     ##############     #
#     #            #     #
#     #            #     #
#     #            #     #
#     #  A         #     #
#     #            #     #
#     #     D      #     #
#     #            #     #
#     #           B#     #
#     #            #     #
#     #       S    #     #
#     #            #     #
#     #        C   #     #
#     ##############     #
#                        #
#                        #
#                        #
#                        #
#                        #
##########################
[[ 8. 10.]
 [ 3.  4.]
 [12.  8.]
 [ 9. 12.]
 [ 6.  6.]
 [ 7. 10.]
 [ 2.  3.]
 [11.  9.]
 [ 9. 11.]
 [ 6.  6.]
 [ 6. 10.]
 [ 1.  2.]
 [10. 10.]
 [ 8. 11.]
 [ 6.  6.]
 [ 5. 10.]
 [ 0.  2.]
 [ 9. 10.]
 [ 7. 11.]
 [ 6.  6.]
 [ 4. 10.]
 [ 0.  2.]
 [ 8. 11.]
 [ 6. 11.]
 [ 6.  6.]
 [ 3.  9.]
 [ 0.  2.]
 [ 7. 11.]
 [ 5. 11.]
 [ 6.  6.]
 [ 2.  8.]
 [ 0.  2.]
 [ 6. 11.]
 [ 4. 10.]
 [ 6.  6.]
 [ 2.  7.]
 [ 0.  2.]
 [ 5. 11.]
 [ 3.  9.]
 [ 6.  6.]
 [ 2.  6.]
 [ 0.  1.]
 [ 4. 10.]
 [ 2.  8.]
 [ 6.  6.]
 [ 2.  5.]
 [ 0.  0.]
 [ 3. 10.]
 [ 2.  7.]
 [ 6.  6.]
 [ 2.  4.]
 [ 0. -1.]
 [ 2.  9.]
 [ 2.  6.]
 [ 6.  6.]
 [ 2.  3.]
 [ 0. -2.]
 [ 2.  8.]
 [ 2.  5.]
 [ 6.  6.]
 [ 2.  2.]
 [ 0. -3.]
 [ 2.  7.]
 [ 2.  4.]
 [ 6.  6.]
 [ 2.  1.]
 [ 0. -4.]
 [ 1.  6.]
 [ 2.  3.]
 [ 6.  6.]
 [ 2.  0.]
 [ 0. -4.]
 [ 1.  5.]
 [ 2.  2.]
 [ 6.  6.]
 [ 2. -1.]
 [ 0. -5.]
 [ 1.  4.]
 [ 2.  1.]
 [ 6.  6.]
 [ 2. -2.]
 [ 0. -5.]
 [ 1.  3.]
 [ 2.  0.]
 [ 6.  6.]
 [ 2. -3.]
 [ 0. -5.]
 [ 1.  2.]
 [ 2. -1.]
 [ 6.  6.]
 [ 1. -4.]
 [ 0. -5.]
 [ 1.  1.]
 [ 2. -2.]
 [ 6.  6.]
 [ 0. -5.]
 [-1. -5.]
 [ 1.  0.]
 [ 2. -3.]
 [ 6.  6.]
 [ 0. -5.]
 [-1. -5.]
 [ 1.  0.]
 [ 2. -3.]
 [ 6.  6.]
 [-1. -5.]
 [-2. -5.]
 [ 1. -1.]
 [ 1. -4.]
 [ 6.  6.]]
