Maze:
##########################
#                        #
#                        #
#                        #
#                        #
#                        #
#     ##############     #
#     #            #     #
#     #            #     #
#     #            #     #
#     #            #     #
#     #            #     #
#     #     D      #     #
#     #    A       #     #
#     #            #     #
#     #B           #     #
#     #         C  #     #
#     #            #     #
#     #          S #     #
#     ##############     #
#                        #
#                        #
#                        #
#                        #
#                        #
##########################
[[11. 12.]
 [ 5.  7.]
 [ 1.  9.]
 [10. 10.]
 [ 6.  6.]
 [11. 12.]
 [ 4.  8.]
 [ 1.  9.]
 [10. 11.]
 [ 6.  6.]
 [10. 11.]
 [ 4.  9.]
 [ 2.  9.]
 [11. 12.]
 [ 6.  6.]
 [10. 11.]
 [ 5.  9.]
 [ 3.  9.]
 [11. 12.]
 [ 6.  6.]
 [10. 11.]
 [ 6.  9.]
 [ 4.  9.]
 [11. 12.]
 [ 6.  6.]
 [10. 11.]
 [ 7.  9.]
 [ 5. 10.]
 [11. 12.]
 [ 6.  6.]
 [10. 10.]
 [ 8.  9.]
 [ 6. 10.]
 [10. 11.]
 [ 6.  6.]
 [ 9. 10.]
 [ 9.  9.]
 [ 7. 10.]
 [10. 10.]
 [ 6.  6.]
 [ 9.  9.]
 [10.  8.]
 [ 8. 10.]
 [ 9. 10.]
 [ 6.  6.]
 [10.  8.]
 [11.  7.]
 [ 9. 10.]
 [ 9.  9.]
 [ 6.  6.]
 [11.  7.]
 [12.  6.]
 [ 9.  9.]
 [10.  8.]
 [ 6.  6.]
 [12.  6.]
 [13.  5.]
 [10.  8.]
 [11.  7.]
 [ 6.  6.]
 [13.  5.]
 [14.  4.]
 [11.  7.]
 [12.  6.]
 [ 6.  6.]
 [14.  4.]
 [15.  3.]
 [12.  6.]
 [13.  5.]
 [ 6.  6.]
 [15.  3.]
 [16.  2.]
 [13.  5.]
 [14.  4.]
 [ 6.  6.]
 [16.  2.]
 [17.  1.]
 [14.  4.]
 [15.  3.]
 [ 6.  6.]
 [17.  1.]
 [17.  0.]
 [15.  3.]
 [16.  2.]
 [ 6.  6.]
 [17.  0.]
 [17. -1.]
 [16.  2.]
 [17.  1.]
 [ 6.  6.]
 [17. -1.]
 [17. -2.]
 [17.  1.]
 [17.  0.]
 [ 6.  6.]
 [17. -2.]
 [17. -3.]
 [17.  0.]
 [17. -1.]
 [ 6.  6.]
 [17. -2.]
 [17. -3.]
 [17.  0.]
 [17. -1.]
 [ 6.  6.]
 [17. -3.]
 [17. -4.]
 [17. -1.]
 [17. -2.]
 [ 6.  6.]]
