Maze:
##########################
#                        #
#                        #
#                        #
#                        #
#                        #
#     ##############     #
#     #            #     #
#     # S          #     #
#     #          C #     #
#     #            #     #
#     #            #     #
#     #     B      #     #
#     #      D     #     #
#     #            #     #
#     #           A#     #
#     #            #     #
#     #            #     #
#     #            #     #
#     ##############     #
#                        #
#                        #
#                        #
#                        #
#                        #
##########################
[[ 2.  2.]
 [12.  9.]
 [ 6.  6.]
 [11.  3.]
 [ 7.  7.]
 [ 2.  2.]
 [13.  9.]
 [ 6.  6.]
 [11.  3.]
 [ 8.  8.]
 [ 2.  2.]
 [14.  9.]
 [ 6.  6.]
 [11.  3.]
 [ 9.  9.]
 [ 2.  2.]
 [15.  9.]
 [ 6.  6.]
 [11.  3.]
 [10. 10.]
 [ 2.  2.]
 [16.  9.]
 [ 6.  6.]
 [11.  3.]
 [11. 10.]
 [ 2.  2.]
 [17.  9.]
 [ 6.  6.]
 [11.  3.]
 [12. 10.]
 [ 2.  2.]
 [17.  9.]
 [ 6.  6.]
 [11.  3.]
 [13. 10.]
 [ 2.  2.]
 [17.  9.]
 [ 6.  6.]
 [11.  3.]
 [14. 10.]
 [ 2.  2.]
 [17.  9.]
 [ 6.  6.]
 [11.  3.]
 [15. 10.]
 [ 2.  2.]
 [17.  9.]
 [ 6.  6.]
 [11.  3.]
 [16. 10.]
 [ 2.  2.]
 [17.  8.]
 [ 6.  6.]
 [11.  3.]
 [17.  9.]
 [ 2.  2.]
 [17.  7.]
 [ 6.  6.]
 [11.  3.]
 [17.  8.]
 [ 2.  2.]
 [17.  6.]
 [ 6.  6.]
 [11.  3.]
 [17.  7.]
 [ 2.  2.]
 [17.  5.]
 [ 6.  6.]
 [11.  3.]
 [17.  6.]
 [ 2.  2.]
 [17.  4.]
 [ 6.  6.]
 [11.  3.]
 [17.  5.]
 [ 2.  2.]
 [17.  3.]
 [ 6.  6.]
 [11.  3.]
 [17.  4.]
 [ 2.  2.]
 [17.  2.]
 [ 6.  6.]
 [11.  3.]
 [17.  3.]
 [ 2.  2.]
 [17.  1.]
 [ 6.  6.]
 [11.  3.]
 [17.  2.]
 [ 2.  2.]
 [17.  0.]
 [ 6.  6.]
 [11.  3.]
 [17.  1.]
 [ 2.  2.]
 [17. -1.]
 [ 6.  6.]
 [11.  3.]
 [17.  0.]
 [ 2.  2.]
 [17. -1.]
 [ 6.  6.]
 [11.  3.]
 [17.  0.]
 [ 2.  2.]
 [17. -2.]
 [ 6.  6.]
 [11.  3.]
 [17. -1.]]
