Maze:
##########################
#                        #
#                        #
#                        #
#                        #
#                        #
#     ##############     #
#     #            #     #
#     #            #     #
#     #            #     #
#     #            #     #
#     #            #     #
#     #     C      #     #
#     #            #     #
#     #     S      #     #
#     #D           #     #
#     #  A         #     #
#     #          B #     #
#     #            #     #
#     ##############     #
#                        #
#                        #
#                        #
#                        #
#                        #
##########################
[[ 6.  8.]
 [ 3. 10.]
 [11. 11.]
 [ 6.  6.]
 [ 1.  9.]
 [ 5.  8.]
 [ 4. 11.]
 [10. 10.]
 [ 6.  6.]
 [ 2. 10.]
 [ 4.  9.]
 [ 5. 12.]
 [ 9.  9.]
 [ 6.  6.]
 [ 3. 11.]
 [ 4. 10.]
 [ 6. 13.]
 [ 8.  9.]
 [ 6.  6.]
 [ 3. 12.]
 [ 4. 11.]
 [ 7. 14.]
 [ 7.  9.]
 [ 6.  6.]
 [ 3. 13.]
 [ 4. 12.]
 [ 8. 15.]
 [ 6.  9.]
 [ 6.  6.]
 [ 3. 14.]
 [ 4. 13.]
 [ 9. 16.]
 [ 6.  8.]
 [ 6.  6.]
 [ 3. 15.]
 [ 4. 14.]
 [10. 16.]
 [ 6.  7.]
 [ 6.  6.]
 [ 3. 16.]
 [ 4. 15.]
 [11. 16.]
 [ 6.  7.]
 [ 6.  6.]
 [ 3. 17.]
 [ 4. 16.]
 [12. 16.]
 [ 6.  7.]
 [ 6.  6.]
 [ 3. 17.]
 [ 3. 17.]
 [12. 16.]
 [ 6.  7.]
 [ 6.  6.]
 [ 2. 17.]
 [ 2. 17.]
 [12. 16.]
 [ 6.  7.]
 [ 6.  6.]
 [ 1. 17.]
 [ 1. 17.]
 [12. 16.]
 [ 6.  7.]
 [ 6.  6.]
 [ 0. 17.]
 [ 0. 17.]
 [12. 16.]
 [ 6.  7.]
 [ 6.  6.]
 [-1. 17.]
 [-1. 17.]
 [12. 16.]
 [ 6.  7.]
 [ 6.  6.]
 [-2. 17.]
 [-2. 17.]
 [12. 16.]
 [ 6.  7.]
 [ 6.  6.]
 [-3. 17.]
 [-3. 17.]
 [12. 16.]
 [ 6.  7.]
 [ 6.  6.]
 [-4. 17.]
 [-4. 17.]
 [12. 16.]
 [ 6.  7.]
 [ 6.  6.]
 [-5. 17.]
 [-4. 17.]
 [12. 16.]
 [ 6.  7.]
 [ 6.  6.]
 [-5. 17.]]
