Maze:
##########################
#                        #
#                        #
#                        #
#                        #
#                        #
#     ##############     #
#     #        A   #     #
#     #            #     #
#     #            #     #
#     #          D #     #
#     #            #     #
#     #     C      #     #
#     # B          #     #
#     #         S  #     #
#     #            #     #
#     #            #     #
#     #            #     #
#     #            #     #
#     ##############     #
#                        #
#                        #
#                        #
#                        #
#                        #
##########################
[[10.  8.]
 [ 9.  1.]
 [ 2.  7.]
 [ 6.  6.]
 [11.  4.]
 [10.  7.]
 [ 9.  0.]
 [ 3.  7.]
 [ 6.  6.]
 [11.  3.]
 [10.  6.]
 [ 9. -1.]
 [ 4.  7.]
 [ 6.  6.]
 [11.  2.]
 [10.  5.]
 [ 9. -2.]
 [ 5.  7.]
 [ 6.  6.]
 [11.  1.]
 [11.  4.]
 [ 9. -3.]
 [ 5.  7.]
 [ 6.  6.]
 [11.  0.]
 [11.  3.]
 [ 9. -4.]
 [ 5.  7.]
 [ 6.  6.]
 [11. -1.]
 [11.  2.]
 [ 9. -5.]
 [ 5.  7.]
 [ 6.  6.]
 [11. -2.]
 [11.  1.]
 [ 9. -5.]
 [ 5.  7.]
 [ 6.  6.]
 [11. -3.]
 [11.  0.]
 [ 8. -5.]
 [ 5.  7.]
 [ 6.  6.]
 [10. -4.]
 [11. -1.]
 [ 7. -5.]
 [ 5.  7.]
 [ 6.  6.]
 [ 9. -5.]
 [10. -2.]
 [ 6. -5.]
 [ 5.  7.]
 [ 6.  6.]
 [ 8. -5.]
 [ 9. -3.]
 [ 5. -5.]
 [ 5.  7.]
 [ 6.  6.]
 [ 7. -5.]
 [ 8. -4.]
 [ 4. -5.]
 [ 5.  7.]
 [ 6.  6.]
 [ 6. -5.]
 [ 7. -4.]
 [ 3. -5.]
 [ 5.  7.]
 [ 6.  6.]
 [ 5. -5.]
 [ 6. -4.]
 [ 2. -5.]
 [ 5.  7.]
 [ 6.  6.]
 [ 4. -5.]
 [ 5. -4.]
 [ 1. -5.]
 [ 5.  7.]
 [ 6.  6.]
 [ 3. -5.]
 [ 4. -4.]
 [ 0. -5.]
 [ 5.  7.]
 [ 6.  6.]
 [ 2. -5.]
 [ 3. -4.]
 [-1. -5.]
 [ 5.  7.]
 [ 6.  6.]
 [ 1. -5.]
 [ 2. -4.]
 [-2. -5.]
 [ 5.  7.]
 [ 6.  6.]
 [ 0. -5.]
 [ 1. -4.]
 [-3. -5.]
 [ 5.  7.]
 [ 6.  6.]
 [-1. -5.]
 [ 1. -4.]
 [-3. -5.]
 [ 5.  7.]
 [ 6.  6.]
 [-1. -5.]
 [ 0. -4.]
 [-4. -5.]
 [ 5.  7.]
 [ 6.  6.]
 [-2. -5.]]
