Maze:
##########################
#                        #
#                        #
#                        #
#                        #
#                        #
#     ##############     #
#     #            #     #
#     #        B   #     #
#     #            #     #
#     #            #     #
#     #            #     #
#     #A    S      #     #
#     #            #     #
#     #            #     #
#     #            #     #
#     #D           #     #
#     #            #     #
#     #       C    #     #
#     ##############     #
#                        #
#                        #
#                        #
#                        #
#                        #
##########################
[[ 6.  6.]
 [ 1.  6.]
 [ 9.  2.]
 [ 8. 12.]
 [ 1. 10.]
 [ 6.  6.]
 [ 1.  5.]
 [ 8.  3.]
 [ 8. 11.]
 [ 1.  9.]
 [ 6.  6.]
 [ 1.  4.]
 [ 7.  4.]
 [ 8. 10.]
 [ 1.  8.]
 [ 6.  6.]
 [ 0.  3.]
 [ 7.  5.]
 [ 8.  9.]
 [ 0.  7.]
 [ 6.  6.]
 [ 0.  2.]
 [ 7.  5.]
 [ 7.  8.]
 [-1.  6.]
 [ 6.  6.]
 [ 0.  1.]
 [ 7.  5.]
 [ 7.  7.]
 [-1.  5.]
 [ 6.  6.]
 [ 0.  0.]
 [ 7.  5.]
 [ 7.  7.]
 [-1.  4.]
 [ 6.  6.]
 [ 0. -1.]
 [ 7.  5.]
 [ 7.  7.]
 [-1.  3.]
 [ 6.  6.]
 [ 0. -2.]
 [ 7.  5.]
 [ 7.  7.]
 [-1.  2.]
 [ 6.  6.]
 [ 0. -3.]
 [ 7.  5.]
 [ 7.  7.]
 [-1.  1.]
 [ 6.  6.]
 [ 0. -4.]
 [ 7.  5.]
 [ 7.  7.]
 [-1.  0.]
 [ 6.  6.]
 [ 0. -5.]
 [ 7.  5.]
 [ 7.  7.]
 [-1. -1.]
 [ 6.  6.]
 [ 0. -5.]
 [ 7.  5.]
 [ 7.  7.]
 [-1. -2.]
 [ 6.  6.]
 [ 0. -5.]
 [ 7.  5.]
 [ 7.  7.]
 [-1. -3.]
 [ 6.  6.]
 [ 0. -5.]
 [ 7.  5.]
 [ 7.  7.]
 [-1. -4.]
 [ 6.  6.]
 [ 1. -5.]
 [ 7.  5.]
 [ 7.  7.]
 [ 0. -5.]
 [ 6.  6.]
 [ 2. -5.]
 [ 7.  5.]
 [ 7.  7.]
 [ 1. -5.]
 [ 6.  6.]
 [ 3. -5.]
 [ 7.  5.]
 [ 7.  7.]
 [ 2. -5.]
 [ 6.  6.]
 [ 4. -5.]
 [ 7.  5.]
 [ 7.  7.]
 [ 3. -5.]
 [ 6.  6.]
 [ 5. -5.]
 [ 7.  5.]
 [ 7.  7.]
 [ 4. -5.]
 [ 6.  6.]
 [ 5. -5.]
 [ 7.  5.]
 [ 7.  7.]
 [ 4. -5.]
 [ 6.  6.]
 [ 6. -5.]
 [ 7.  5.]
 [ 7.  7.]
 [ 5. -5.]]
