Maze:
##########################
#                        #
#                        #
#                        #
#                        #
#                        #
#     ##############     #
#     # A          #     #
#     #            #     #
#     #            #     #
#     #          D #     #
#     #S           #     #
#     #     C      #     #
#     #            #     #
#     #            #     #
#     #            #     #
#     #  B         #     #
#     #            #     #
#     #            #     #
#     ##############     #
#                        #
#                        #
#                        #
#                        #
#                        #
##########################
[[ 1.  5.]
 [ 2.  1.]
 [ 3. 10.]
 [ 6.  6.]
 [11.  4.]
 [ 1.  4.]
 [ 2.  0.]
 [ 3.  9.]
 [ 6.  6.]
 [11.  4.]
 [ 1.  3.]
 [ 2. -1.]
 [ 3.  8.]
 [ 6.  6.]
 [11.  4.]
 [ 1.  2.]
 [ 2. -2.]
 [ 3.  7.]
 [ 6.  6.]
 [11.  4.]
 [ 1.  1.]
 [ 2. -3.]
 [ 4.  6.]
 [ 6.  6.]
 [11.  4.]
 [ 1.  0.]
 [ 2. -4.]
 [ 5.  6.]
 [ 6.  6.]
 [11.  4.]
 [ 1. -1.]
 [ 2. -5.]
 [ 5.  6.]
 [ 6.  6.]
 [12.  4.]
 [ 1. -2.]
 [ 2. -5.]
 [ 5.  6.]
 [ 6.  6.]
 [12.  4.]
 [ 1. -3.]
 [ 2. -5.]
 [ 5.  6.]
 [ 6.  6.]
 [12.  4.]
 [ 1. -4.]
 [ 2. -5.]
 [ 5.  6.]
 [ 6.  6.]
 [12.  4.]
 [ 2. -5.]
 [ 3. -5.]
 [ 5.  6.]
 [ 6.  6.]
 [12.  4.]
 [ 3. -5.]
 [ 4. -5.]
 [ 5.  6.]
 [ 6.  6.]
 [12.  4.]
 [ 4. -5.]
 [ 5. -5.]
 [ 5.  6.]
 [ 6.  6.]
 [12.  4.]
 [ 5. -5.]
 [ 6. -5.]
 [ 5.  6.]
 [ 6.  6.]
 [12.  4.]
 [ 6. -5.]
 [ 7. -5.]
 [ 5.  6.]
 [ 6.  6.]
 [12.  4.]
 [ 7. -5.]
 [ 8. -5.]
 [ 5.  6.]
 [ 6.  6.]
 [12.  4.]
 [ 8. -5.]
 [ 9. -5.]
 [ 5.  6.]
 [ 6.  6.]
 [12.  4.]
 [ 9. -5.]
 [10. -5.]
 [ 5.  6.]
 [ 6.  6.]
 [12.  4.]
 [10. -5.]
 [11. -5.]
 [ 5.  6.]
 [ 6.  6.]
 [12.  4.]
 [11. -5.]
 [12. -5.]
 [ 5.  6.]
 [ 6.  6.]
 [12.  4.]
 [11. -5.]
 [12. -5.]
 [ 5.  6.]
 [ 6.  6.]
 [12.  4.]
 [12. -5.]
 [13. -5.]
 [ 5.  6.]
 [ 6.  6.]
 [12.  4.]]
