Maze:
##########################
#                        #
#                        #
#                        #
#                        #
#                        #
#     ##############     #
#     #    D       #     #
#     #            #     #
#     #            #     #
#     #            #     #
#     #            #     #
#     # A   B      #     #
#     #            #     #
#     #            #     #
#     #            #     #
#     #            #     #
#     #  S         #     #
#     #        C   #     #
#     ##############     #
#                        #
#                        #
#                        #
#                        #
#                        #
##########################
[[ 3. 11.]
 [ 2.  6.]
 [ 6.  6.]
 [ 9. 12.]
 [ 5.  1.]
 [ 3. 11.]
 [ 1.  6.]
 [ 6.  6.]
 [ 8. 12.]
 [ 5.  0.]
 [ 2. 11.]
 [ 0.  6.]
 [ 6.  6.]
 [ 7. 12.]
 [ 5.  0.]
 [ 1. 11.]
 [-1.  6.]
 [ 6.  6.]
 [ 6. 12.]
 [ 5.  0.]
 [ 0. 10.]
 [-2.  6.]
 [ 6.  6.]
 [ 5. 12.]
 [ 5.  0.]
 [-1.  9.]
 [-3.  6.]
 [ 6.  6.]
 [ 4. 12.]
 [ 5. -1.]
 [-2.  8.]
 [-4.  6.]
 [ 6.  6.]
 [ 3. 12.]
 [ 5. -1.]
 [-3.  7.]
 [-5.  6.]
 [ 6.  6.]
 [ 2. 12.]
 [ 5. -1.]
 [-4.  7.]
 [-5.  6.]
 [ 6.  6.]
 [ 1. 12.]
 [ 5. -1.]
 [-5.  6.]
 [-5.  5.]
 [ 6.  6.]
 [ 0. 12.]
 [ 5. -1.]
 [-5.  5.]
 [-5.  4.]
 [ 6.  6.]
 [ 0. 12.]
 [ 5. -1.]
 [-5.  4.]
 [-5.  3.]
 [ 6.  6.]
 [ 0. 12.]
 [ 5. -1.]
 [-5.  3.]
 [-5.  2.]
 [ 6.  6.]
 [ 0. 12.]
 [ 5. -1.]
 [-5.  2.]
 [-5.  1.]
 [ 6.  6.]
 [ 0. 12.]
 [ 5. -1.]
 [-5.  1.]
 [-5.  0.]
 [ 6.  6.]
 [ 0. 12.]
 [ 5. -1.]
 [-5.  0.]
 [-5. -1.]
 [ 6.  6.]
 [ 0. 12.]
 [ 5. -1.]
 [-5. -1.]
 [-5. -2.]
 [ 6.  6.]
 [ 0. 12.]
 [ 5. -1.]
 [-5. -2.]
 [-5. -3.]
 [ 6.  6.]
 [ 0. 12.]
 [ 5. -1.]
 [-5. -3.]
 [-5. -4.]
 [ 6.  6.]
 [ 0. 12.]
 [ 5. -1.]
 [-5. -4.]
 [-5. -5.]
 [ 6.  6.]
 [ 0. 12.]
 [ 5. -1.]
 [-5. -4.]
 [-5. -5.]
 [ 6.  6.]
 [ 0. 12.]
 [ 5. -1.]]
