Maze:
##########################
#                        #
#                        #
#                        #
#                        #
#                        #
#     ##############     #
#     #       A    #     #
#     #            #     #
#     #        B   #     #
#     #            #     #
#     #            #     #
#     # S   D      #     #
#     #           C#     #
#     #            #     #
#     #            #     #
#     #            #     #
#     #            #     #
#     #            #     #
#     ##############     #
#                        #
#                        #
#                        #
#                        #
#                        #
##########################
[[ 2.  6.]
 [ 8.  1.]
 [ 9.  3.]
 [12.  7.]
 [ 6.  6.]
 [ 2.  6.]
 [ 8.  0.]
 [ 9.  2.]
 [12.  7.]
 [ 6.  6.]
 [ 2.  6.]
 [ 8. -1.]
 [ 9.  1.]
 [12.  7.]
 [ 6.  6.]
 [ 2.  6.]
 [ 8. -2.]
 [ 9.  0.]
 [12.  7.]
 [ 6.  6.]
 [ 2.  6.]
 [ 8. -3.]
 [ 9. -1.]
 [12.  7.]
 [ 6.  6.]
 [ 2.  6.]
 [ 8. -4.]
 [ 9. -2.]
 [12.  7.]
 [ 6.  6.]
 [ 2.  6.]
 [ 8. -5.]
 [ 9. -3.]
 [12.  7.]
 [ 6.  6.]
 [ 2.  6.]
 [ 8. -5.]
 [ 9. -4.]
 [12.  7.]
 [ 6.  6.]
 [ 2.  6.]
 [ 7. -5.]
 [ 8. -5.]
 [12.  7.]
 [ 6.  6.]
 [ 2.  6.]
 [ 6. -5.]
 [ 7. -5.]
 [12.  7.]
 [ 6.  6.]
 [ 2.  6.]
 [ 5. -5.]
 [ 6. -5.]
 [12.  7.]
 [ 6.  6.]
 [ 2.  6.]
 [ 4. -5.]
 [ 5. -5.]
 [12.  7.]
 [ 6.  6.]
 [ 2.  6.]
 [ 3. -5.]
 [ 4. -5.]
 [12.  7.]
 [ 6.  6.]
 [ 2.  6.]
 [ 2. -5.]
 [ 3. -5.]
 [12.  7.]
 [ 6.  6.]
 [ 2.  6.]
 [ 1. -5.]
 [ 2. -5.]
 [12.  7.]
 [ 6.  6.]
 [ 2.  6.]
 [ 0. -5.]
 [ 1. -5.]
 [12.  7.]
 [ 6.  6.]
 [ 2.  6.]
 [-1. -5.]
 [ 0. -5.]
 [12.  7.]
 [ 6.  6.]
 [ 2.  6.]
 [-2. -5.]
 [-1. -5.]
 [12.  7.]
 [ 6.  6.]
 [ 2.  6.]
 [-3. -5.]
 [-2. -5.]
 [12.  7.]
 [ 6.  6.]
 [ 2.  6.]
 [-4. -5.]
 [-3. -5.]
 [12.  7.]
 [ 6.  6.]
 [ 2.  6.]
 [-4. -5.]
 [-3. -5.]
 [12.  7.]
 [ 6.  6.]
 [ 2.  6.]
 [-5. -5.]
 [-4. -5.]
 [12.  7.]
 [ 6.  6.]]
