Maze:
##########################
#                        #
#                        #
#                        #
#                        #
#                        #
#     ##############     #
#     #            #     #
#     #            #     #
#     #            #     #
#     #            #     #
#     #            #     #
#     #S    C      #     #
#     #    D       #     #
#     #            #     #
#     #        A   #     #
#     #     B      #     #
#     #            #     #
#     #            #     #
#     ##############     #
#                        #
#                        #
#                        #
#                        #
#                        #
##########################
[[ 1.  6.]
 [ 9.  9.]
 [ 6. 10.]
 [ 6.  6.]
 [ 5.  7.]
 [ 1.  6.]
 [10.  9.]
 [ 7. 10.]
 [ 6.  6.]
 [ 4.  7.]
 [ 1.  6.]
 [11.  9.]
 [ 8. 10.]
 [ 6.  6.]
 [ 4.  7.]
 [ 1.  6.]
 [12.  9.]
 [ 9. 10.]
 [ 6.  6.]
 [ 4.  7.]
 [ 1.  6.]
 [13.  9.]
 [10. 10.]
 [ 6.  6.]
 [ 4.  7.]
 [ 1.  6.]
 [14.  9.]
 [11. 10.]
 [ 6.  6.]
 [ 4.  7.]
 [ 1.  6.]
 [15.  9.]
 [12. 10.]
 [ 6.  6.]
 [ 4.  7.]
 [ 1.  6.]
 [16.  9.]
 [13. 10.]
 [ 6.  6.]
 [ 4.  7.]
 [ 1.  6.]
 [17.  9.]
 [14. 10.]
 [ 6.  6.]
 [ 4.  7.]
 [ 1.  6.]
 [17.  9.]
 [15. 10.]
 [ 6.  6.]
 [ 4.  7.]
 [ 1.  6.]
 [17.  9.]
 [16. 10.]
 [ 6.  6.]
 [ 4.  7.]
 [ 1.  6.]
 [17.  8.]
 [17.  9.]
 [ 6.  6.]
 [ 4.  8.]
 [ 1.  6.]
 [17.  7.]
 [17.  8.]
 [ 6.  6.]
 [ 4.  9.]
 [ 1.  6.]
 [17.  6.]
 [17.  7.]
 [ 6.  6.]
 [ 4. 10.]
 [ 1.  6.]
 [17.  5.]
 [17.  6.]
 [ 6.  6.]
 [ 4. 10.]
 [ 1.  6.]
 [17.  4.]
 [17.  5.]
 [ 6.  6.]
 [ 4. 10.]
 [ 1.  6.]
 [17.  3.]
 [17.  4.]
 [ 6.  6.]
 [ 4. 10.]
 [ 1.  6.]
 [17.  2.]
 [17.  3.]
 [ 6.  6.]
 [ 4. 10.]
 [ 1.  6.]
 [17.  1.]
 [17.  2.]
 [ 6.  6.]
 [ 4. 10.]
 [ 1.  6.]
 [17.  0.]
 [17.  1.]
 [ 6.  6.]
 [ 4. 10.]
 [ 1.  6.]
 [17.  0.]
 [17.  1.]
 [ 6.  6.]
 [ 4. 10.]
 [ 1.  6.]
 [17. -1.]
 [17.  0.]
 [ 6.  6.]
 [ 4. 10.]]
