Maze:
##########################
#                        #
#                        #
#                        #
#                        #
#                        #
#     ##############     #
#     #            #     #
#     #           C#     #
#     #            #     #
#     #            #     #
#     #            #     #
#     #     B      #     #
#     #            #     #
#     #            #     #
#     #   A        #     #
#     #            #     #
#     #         S  #     #
#     #D           #     #
#     ##############     #
#                        #
#                        #
#                        #
#                        #
#                        #
##########################
[[10. 11.]
 [ 4.  9.]
 [ 6.  6.]
 [12.  2.]
 [ 1. 12.]
 [10. 11.]
 [ 4. 10.]
 [ 6.  6.]
 [12.  2.]
 [ 1. 12.]
 [10. 11.]
 [ 5. 10.]
 [ 6.  6.]
 [12.  2.]
 [ 2. 12.]
 [ 9. 11.]
 [ 6. 11.]
 [ 6.  6.]
 [12.  2.]
 [ 3. 12.]
 [ 8. 11.]
 [ 7. 11.]
 [ 6.  6.]
 [12.  2.]
 [ 4. 12.]
 [ 7. 11.]
 [ 6. 11.]
 [ 6.  6.]
 [12.  2.]
 [ 5. 12.]
 [ 7. 11.]
 [ 6. 10.]
 [ 6.  6.]
 [12.  2.]
 [ 5. 12.]
 [ 6. 10.]
 [ 6.  9.]
 [ 6.  6.]
 [12.  2.]
 [ 5. 11.]
 [ 6.  9.]
 [ 6.  8.]
 [ 6.  6.]
 [12.  2.]
 [ 4. 11.]
 [ 6.  8.]
 [ 7.  9.]
 [ 6.  6.]
 [12.  2.]
 [ 4. 11.]
 [ 7.  9.]
 [ 8. 10.]
 [ 6.  6.]
 [12.  2.]
 [ 4. 12.]
 [ 8. 10.]
 [ 9. 11.]
 [ 6.  6.]
 [12.  2.]
 [ 4. 12.]
 [ 9. 11.]
 [10. 12.]
 [ 6.  6.]
 [12.  2.]
 [ 4. 13.]
 [10. 12.]
 [11. 13.]
 [ 6.  6.]
 [12.  2.]
 [ 4. 13.]
 [11. 13.]
 [12. 14.]
 [ 6.  6.]
 [12.  2.]
 [ 4. 13.]
 [12. 14.]
 [13. 15.]
 [ 6.  6.]
 [12.  2.]
 [ 4. 13.]
 [13. 15.]
 [14. 16.]
 [ 6.  6.]
 [12.  2.]
 [ 4. 13.]
 [14. 16.]
 [15. 17.]
 [ 6.  6.]
 [12.  2.]
 [ 4. 13.]
 [15. 17.]
 [16. 17.]
 [ 6.  6.]
 [12.  2.]
 [ 4. 13.]
 [16. 17.]
 [17. 17.]
 [ 6.  6.]
 [12.  2.]
 [ 4. 13.]
 [16. 17.]
 [17. 17.]
 [ 6.  6.]
 [12.  2.]
 [ 4. 13.]]
