Maze:
##########################
#                        #
#                        #
#                        #
#                        #
#                        #
#     ##############     #
#     #            #     #
#     #            #     #
#     #            #     #
#     #B           #     #
#     #       S    #     #
#     #     C      #     #
#     #           A#     #
#     #            #     #
#     #            #     #
#     #            #     #
#     # D          #     #
#     #            #     #
#     ##############     #
#                        #
#                        #
#                        #
#                        #
#                        #
##########################
[[ 8.  5.]
 [12.  7.]
 [ 1.  4.]
 [ 6.  6.]
 [ 2. 11.]
 [ 9.  5.]
 [13.  7.]
 [ 2.  4.]
 [ 6.  6.]
 [ 2. 12.]
 [10.  5.]
 [13.  7.]
 [ 3.  4.]
 [ 6.  6.]
 [ 2. 12.]
 [11.  6.]
 [14.  7.]
 [ 4.  4.]
 [ 6.  6.]
 [ 2. 12.]
 [12.  6.]
 [15.  7.]
 [ 5.  5.]
 [ 6.  6.]
 [ 2. 12.]
 [13.  6.]
 [16.  7.]
 [ 5.  5.]
 [ 6.  6.]
 [ 2. 12.]
 [14.  6.]
 [17.  7.]
 [ 5.  5.]
 [ 6.  6.]
 [ 2. 12.]
 [15.  6.]
 [17.  7.]
 [ 5.  5.]
 [ 6.  6.]
 [ 2. 12.]
 [16.  6.]
 [17.  7.]
 [ 5.  5.]
 [ 6.  6.]
 [ 2. 12.]
 [17.  7.]
 [17.  8.]
 [ 5.  5.]
 [ 6.  6.]
 [ 2. 12.]
 [17.  8.]
 [17.  9.]
 [ 5.  5.]
 [ 6.  6.]
 [ 2. 12.]
 [17.  9.]
 [17. 10.]
 [ 5.  5.]
 [ 6.  6.]
 [ 2. 12.]
 [17. 10.]
 [17. 11.]
 [ 5.  5.]
 [ 6.  6.]
 [ 2. 12.]
 [17. 11.]
 [17. 12.]
 [ 5.  5.]
 [ 6.  6.]
 [ 2. 12.]
 [17. 12.]
 [17. 13.]
 [ 5.  5.]
 [ 6.  6.]
 [ 2. 12.]
 [17. 13.]
 [17. 14.]
 [ 5.  5.]
 [ 6.  6.]
 [ 2. 12.]
 [17. 14.]
 [17. 15.]
 [ 5.  5.]
 [ 6.  6.]
 [ 2. 12.]
 [17. 15.]
 [17. 16.]
 [ 5.  5.]
 [ 6.  6.]
 [ 2. 12.]
 [17. 16.]
 [17. 17.]
 [ 5.  5.]
 [ 6.  6.]
 [ 2. 12.]
 [17. 16.]
 [17. 17.]
 [ 5.  5.]
 [ 6.  6.]
 [ 2. 12.]]
