Maze:
##########################
#                        #
#                        #
#                        #
#                        #
#                        #
#     ##############     #
#     #            #     #
#     #       D    #     #
#     #         A  #     #
#     #            #     #
#     #            #     #
#     #     S      #     #
#     #            #     #
#     #  B         #     #
#     #            #     #
#     #            #     #
#     #            #     #
#     #          C #     #
#     ##############     #
#                        #
#                        #
#                        #
#                        #
#                        #
##########################
[[ 6.  6.]
 [10.  3.]
 [ 3.  8.]
 [11. 12.]
 [ 8.  2.]
 [ 6.  6.]
 [11.  3.]
 [ 4.  8.]
 [11. 12.]
 [ 9.  2.]
 [ 6.  6.]
 [12.  3.]
 [ 5.  7.]
 [11. 12.]
 [10.  2.]
 [ 6.  6.]
 [13.  3.]
 [ 5.  7.]
 [11. 12.]
 [11.  2.]
 [ 6.  6.]
 [14.  3.]
 [ 5.  7.]
 [11. 12.]
 [12.  2.]
 [ 6.  6.]
 [15.  3.]
 [ 5.  7.]
 [11. 12.]
 [13.  2.]
 [ 6.  6.]
 [16.  3.]
 [ 5.  7.]
 [11. 12.]
 [14.  2.]
 [ 6.  6.]
 [17.  3.]
 [ 5.  7.]
 [11. 12.]
 [15.  2.]
 [ 6.  6.]
 [17.  3.]
 [ 5.  7.]
 [11. 12.]
 [16.  2.]
 [ 6.  6.]
 [17.  4.]
 [ 5.  7.]
 [11. 12.]
 [17.  3.]
 [ 6.  6.]
 [17.  5.]
 [ 5.  7.]
 [11. 12.]
 [17.  4.]
 [ 6.  6.]
 [17.  6.]
 [ 5.  7.]
 [11. 12.]
 [17.  5.]
 [ 6.  6.]
 [17.  7.]
 [ 5.  7.]
 [11. 12.]
 [17.  6.]
 [ 6.  6.]
 [17.  8.]
 [ 5.  7.]
 [11. 12.]
 [17.  7.]
 [ 6.  6.]
 [17.  9.]
 [ 5.  7.]
 [11. 12.]
 [17.  8.]
 [ 6.  6.]
 [17. 10.]
 [ 5.  7.]
 [11. 12.]
 [17.  9.]
 [ 6.  6.]
 [17. 11.]
 [ 5.  7.]
 [11. 12.]
 [17. 10.]
 [ 6.  6.]
 [17. 12.]
 [ 5.  7.]
 [11. 12.]
 [17. 11.]
 [ 6.  6.]
 [17. 13.]
 [ 5.  7.]
 [11. 12.]
 [17. 12.]
 [ 6.  6.]
 [17. 14.]
 [ 5.  7.]
 [11. 12.]
 [17. 13.]
 [ 6.  6.]
 [17. 14.]
 [ 5.  7.]
 [11. 12.]
 [17. 13.]
 [ 6.  6.]
 [17. 15.]
 [ 5.  7.]
 [11. 12.]
 [17. 14.]]
