Maze:
##########################
#                        #
#                        #
#                        #
#                        #
#                        #
#     ##############     #
#     #            #     #
#     #      C     #     #
#     #       B    #     #
#     #            #     #
#     #            #     #
#     #     A      #     #
#     #            #     #
#     #            #     #
#     #            #     #
#     #            #     #
#     #D           #     #
#     # S          #     #
#     ##############     #
#                        #
#                        #
#                        #
#                        #
#                        #
##########################
[[ 2. 12.]
 [ 6.  6.]
 [ 8.  3.]
 [ 7.  2.]
 [ 1. 11.]
 [ 1. 11.]
 [ 6.  6.]
 [ 7.  2.]
 [ 6.  2.]
 [ 0. 10.]
 [ 0. 10.]
 [ 6.  6.]
 [ 6.  2.]
 [ 5.  2.]
 [-1.  9.]
 [-1.  9.]
 [ 6.  6.]
 [ 5.  2.]
 [ 4.  2.]
 [-2.  8.]
 [-2.  8.]
 [ 6.  6.]
 [ 4.  2.]
 [ 3.  2.]
 [-3.  7.]
 [-3.  7.]
 [ 6.  6.]
 [ 3.  2.]
 [ 2.  2.]
 [-4.  6.]
 [-4.  6.]
 [ 6.  6.]
 [ 2.  2.]
 [ 1.  2.]
 [-5.  5.]
 [-5.  5.]
 [ 6.  6.]
 [ 1.  2.]
 [ 0.  2.]
 [-5.  4.]
 [-5.  4.]
 [ 6.  6.]
 [ 0.  2.]
 [-1.  2.]
 [-5.  3.]
 [-5.  3.]
 [ 6.  6.]
 [-1.  2.]
 [-2.  2.]
 [-5.  2.]
 [-5.  2.]
 [ 6.  6.]
 [-2.  2.]
 [-3.  2.]
 [-5.  1.]
 [-5.  1.]
 [ 6.  6.]
 [-3.  2.]
 [-4.  2.]
 [-5.  0.]
 [-5.  0.]
 [ 6.  6.]
 [-4.  2.]
 [-5.  2.]
 [-5. -1.]
 [-5. -1.]
 [ 6.  6.]
 [-5.  2.]
 [-5.  1.]
 [-5. -2.]
 [-5. -2.]
 [ 6.  6.]
 [-5.  1.]
 [-5.  0.]
 [-5. -3.]
 [-5. -3.]
 [ 6.  6.]
 [-5.  0.]
 [-5. -1.]
 [-5. -4.]
 [-5. -4.]
 [ 6.  6.]
 [-5. -1.]
 [-5. -2.]
 [-5. -5.]
 [-5. -4.]
 [ 6.  6.]
 [-5. -2.]
 [-5. -3.]
 [-5. -5.]
 [-5. -4.]
 [ 6.  6.]
 [-5. -2.]
 [-5. -3.]
 [-5. -5.]]
