Maze:
##########################
#                        #
#                        #
#                        #
#                        #
#                        #
#     ##############     #
#     #      C     #     #
#     #            #     #
#     #            #     #
#     #            #     #
#     #            #     #
#     #     D      #     #
#     #         A  #     #
#     #            #     #
#     #            #     #
#     #            #     #
#     #          S #     #
#     # B          #     #
#     ##############     #
#                        #
#                        #
#                        #
#                        #
#                        #
##########################
[[11. 11.]
 [10.  7.]
 [ 2. 12.]
 [ 7.  1.]
 [ 6.  6.]
 [11. 10.]
 [11.  7.]
 [ 2. 12.]
 [ 7.  1.]
 [ 6.  6.]
 [11.  9.]
 [12.  7.]
 [ 2. 12.]
 [ 7.  1.]
 [ 6.  6.]
 [11.  8.]
 [13.  6.]
 [ 2. 12.]
 [ 7.  1.]
 [ 6.  6.]
 [12.  7.]
 [14.  6.]
 [ 2. 12.]
 [ 7.  1.]
 [ 6.  6.]
 [13.  7.]
 [15.  6.]
 [ 2. 12.]
 [ 7.  1.]
 [ 6.  6.]
 [14.  7.]
 [16.  6.]
 [ 2. 12.]
 [ 7.  1.]
 [ 6.  6.]
 [15.  7.]
 [17.  6.]
 [ 2. 12.]
 [ 7.  1.]
 [ 6.  6.]
 [16.  7.]
 [17.  6.]
 [ 2. 12.]
 [ 7.  1.]
 [ 6.  6.]
 [17.  6.]
 [17.  5.]
 [ 2. 12.]
 [ 7.  1.]
 [ 6.  6.]
 [17.  5.]
 [17.  4.]
 [ 2. 12.]
 [ 7.  1.]
 [ 6.  6.]
 [17.  4.]
 [17.  3.]
 [ 2. 12.]
 [ 7.  1.]
 [ 6.  6.]
 [17.  3.]
 [17.  2.]
 [ 2. 12.]
 [ 7.  1.]
 [ 6.  6.]
 [17.  2.]
 [17.  1.]
 [ 2. 12.]
 [ 7.  1.]
 [ 6.  6.]
 [17.  1.]
 [17.  0.]
 [ 2. 12.]
 [ 7.  1.]
 [ 6.  6.]
 [17.  0.]
 [17. -1.]
 [ 2. 12.]
 [ 7.  1.]
 [ 6.  6.]
 [17. -1.]
 [17. -2.]
 [ 2. 12.]
 [ 7.  1.]
 [ 6.  6.]
 [17. -2.]
 [17. -3.]
 [ 2. 12.]
 [ 7.  1.]
 [ 6.  6.]
 [17. -3.]
 [17. -4.]
 [ 2. 12.]
 [ 7.  1.]
 [ 6.  6.]
 [17. -4.]
 [17. -5.]
 [ 2. 12.]
 [ 7.  1.]
 [ 6.  6.]
 [17. -4.]
 [17. -5.]
 [ 2. 12.]
 [ 7.  1.]
 [ 6.  6.]]
