Maze:
##########################
#                        #
#                        #
#                        #
#                        #
#                        #
#     ##############     #
#     #            #     #
#     #            #     #
#     #            #     #
#     #  A         #     #
#     #            #     #
#     #     C   B  #     #
#     #    S       #     #
#     #            #     #
#     #            #     #
#     #            #     #
#     #            #     #
#     #D           #     #
#     ##############     #
#                        #
#                        #
#                        #
#                        #
#                        #
##########################
[[ 5.  7.]
 [ 3.  4.]
 [10.  6.]
 [ 6.  6.]
 [ 1. 12.]
 [ 4.  6.]
 [ 2.  3.]
 [ 9.  6.]
 [ 6.  6.]
 [ 1. 12.]
 [ 3.  5.]
 [ 1.  2.]
 [ 8.  6.]
 [ 6.  6.]
 [ 1. 12.]
 [ 2.  4.]
 [ 1.  1.]
 [ 7.  6.]
 [ 6.  6.]
 [ 1. 12.]
 [ 2.  3.]
 [ 1.  0.]
 [ 7.  6.]
 [ 6.  6.]
 [ 1. 12.]
 [ 2.  2.]
 [ 1. -1.]
 [ 7.  6.]
 [ 6.  6.]
 [ 1. 12.]
 [ 2.  1.]
 [ 1. -2.]
 [ 7.  6.]
 [ 6.  6.]
 [ 1. 12.]
 [ 2.  0.]
 [ 1. -3.]
 [ 7.  6.]
 [ 6.  6.]
 [ 1. 12.]
 [ 2. -1.]
 [ 1. -4.]
 [ 7.  6.]
 [ 6.  6.]
 [ 1. 12.]
 [ 2. -2.]
 [ 1. -5.]
 [ 7.  6.]
 [ 6.  6.]
 [ 1. 12.]
 [ 2. -3.]
 [ 1. -5.]
 [ 7.  6.]
 [ 6.  6.]
 [ 1. 12.]
 [ 2. -4.]
 [ 1. -5.]
 [ 7.  6.]
 [ 6.  6.]
 [ 1. 12.]
 [ 1. -5.]
 [ 0. -5.]
 [ 7.  6.]
 [ 6.  6.]
 [ 1. 12.]
 [ 0. -5.]
 [-1. -5.]
 [ 7.  6.]
 [ 6.  6.]
 [ 1. 12.]
 [-1. -5.]
 [-2. -5.]
 [ 7.  6.]
 [ 6.  6.]
 [ 1. 12.]
 [-2. -5.]
 [-3. -5.]
 [ 7.  6.]
 [ 6.  6.]
 [ 1. 12.]
 [-3. -5.]
 [-4. -5.]
 [ 7.  6.]
 [ 6.  6.]
 [ 1. 12.]
 [-4. -5.]
 [-5. -5.]
 [ 7.  6.]
 [ 6.  6.]
 [ 1. 12.]
 [-4. -5.]
 [-5. -5.]
 [ 7.  6.]
 [ 6.  6.]
 [ 1. 12.]]
