Maze:
##########################
#                        #
#                        #
#                        #
#                        #
#                        #
#     ##############     #
#     #            #     #
#     #            #     #
#     #            #     #
#     #    S       #     #
#     #            #     #
#     #     D    A #     #
#     #            #     #
#     #            #     #
#     #       C    #     #
#     #        B   #     #
#     #            #     #
#     #            #     #
#     ##############     #
#                        #
#                        #
#                        #
#                        #
#                        #
##########################
[[ 5.  4.]
 [11.  6.]
 [ 9. 10.]
 [ 8.  9.]
 [ 6.  6.]
 [ 6.  5.]
 [12.  5.]
 [ 8.  9.]
 [ 8.  8.]
 [ 6.  6.]
 [ 6.  5.]
 [13.  5.]
 [ 8.  8.]
 [ 8.  7.]
 [ 6.  6.]
 [ 6.  5.]
 [14.  5.]
 [ 8.  7.]
 [ 8.  6.]
 [ 6.  6.]
 [ 6.  5.]
 [15.  5.]
 [ 8.  6.]
 [ 8.  5.]
 [ 6.  6.]
 [ 5.  6.]
 [16.  5.]
 [ 8.  5.]
 [ 7.  4.]
 [ 6.  6.]
 [ 5.  6.]
 [17.  5.]
 [ 8.  4.]
 [ 6.  4.]
 [ 6.  6.]
 [ 5.  6.]
 [17.  5.]
 [ 7.  4.]
 [ 5.  5.]
 [ 6.  6.]
 [ 5.  6.]
 [17.  5.]
 [ 6.  4.]
 [ 5.  5.]
 [ 6.  6.]
 [ 6.  7.]
 [17.  5.]
 [ 5.  4.]
 [ 5.  6.]
 [ 6.  6.]
 [ 6.  7.]
 [17.  5.]
 [ 4.  5.]
 [ 5.  7.]
 [ 6.  6.]
 [ 6.  7.]
 [17.  5.]
 [ 4.  6.]
 [ 5.  7.]
 [ 6.  6.]
 [ 7.  6.]
 [17.  5.]
 [ 4.  7.]
 [ 6.  7.]
 [ 6.  6.]
 [ 7.  6.]
 [17.  5.]
 [ 5.  8.]
 [ 7.  7.]
 [ 6.  6.]
 [ 7.  6.]
 [17.  5.]
 [ 6.  8.]
 [ 7.  7.]
 [ 6.  6.]
 [ 6.  5.]
 [17.  5.]
 [ 7.  8.]
 [ 7.  6.]
 [ 6.  6.]
 [ 6.  5.]
 [17.  5.]
 [ 8.  7.]
 [ 7.  5.]
 [ 6.  6.]
 [ 6.  5.]
 [17.  5.]
 [ 8.  6.]
 [ 7.  5.]
 [ 6.  6.]
 [ 5.  6.]
 [17.  5.]
 [ 8.  5.]
 [ 6.  5.]
 [ 6.  6.]
 [ 5.  6.]
 [17.  5.]
 [ 7.  4.]
 [ 5.  5.]
 [ 6.  6.]
 [ 5.  6.]
 [17.  5.]
 [ 7.  4.]
 [ 5.  5.]
 [ 6.  6.]
 [ 5.  6.]
 [17.  5.]
 [ 6.  4.]
 [ 5.  5.]
 [ 6.  6.]]
