Maze:
##########################
#                        #
#                        #
#                        #
#                        #
#                        #
#     ##############     #
#     #            #     #
#     #            #     #
#     #            #     #
#     #            #     #
#     #         D  #     #
#     #     C      #     #
#     #            #     #
#     #S           #     #
#     #    A       #     #
#     #   B        #     #
#     #            #     #
#     #            #     #
#     ##############     #
#                        #
#                        #
#                        #
#                        #
#                        #
##########################
[[ 1.  8.]
 [ 5.  9.]
 [ 4. 10.]
 [ 6.  6.]
 [10.  5.]
 [ 1.  7.]
 [ 6.  8.]
 [ 4.  9.]
 [ 6.  6.]
 [10.  5.]
 [ 1.  6.]
 [ 7.  8.]
 [ 4.  8.]
 [ 6.  6.]
 [10.  5.]
 [ 0.  5.]
 [ 8.  8.]
 [ 4.  7.]
 [ 6.  6.]
 [10.  5.]
 [-1.  5.]
 [ 8.  9.]
 [ 5.  6.]
 [ 6.  6.]
 [10.  6.]
 [-1.  5.]
 [ 8. 10.]
 [ 5.  6.]
 [ 6.  6.]
 [10.  7.]
 [-1.  5.]
 [ 8. 11.]
 [ 5.  6.]
 [ 6.  6.]
 [10.  8.]
 [-1.  5.]
 [ 8. 12.]
 [ 5.  6.]
 [ 6.  6.]
 [10.  9.]
 [-1.  5.]
 [ 8. 13.]
 [ 5.  6.]
 [ 6.  6.]
 [10. 10.]
 [-1.  5.]
 [ 8. 14.]
 [ 5.  6.]
 [ 6.  6.]
 [10. 11.]
 [-1.  5.]
 [ 8. 15.]
 [ 5.  6.]
 [ 6.  6.]
 [10. 12.]
 [-1.  5.]
 [ 8. 16.]
 [ 5.  6.]
 [ 6.  6.]
 [10. 13.]
 [-1.  5.]
 [ 8. 17.]
 [ 5.  6.]
 [ 6.  6.]
 [10. 14.]
 [-1.  5.]
 [ 8. 17.]
 [ 5.  6.]
 [ 6.  6.]
 [10. 15.]
 [-1.  5.]
 [ 7. 17.]
 [ 5.  6.]
 [ 6.  6.]
 [ 9. 16.]
 [-1.  5.]
 [ 6. 17.]
 [ 5.  6.]
 [ 6.  6.]
 [ 8. 17.]
 [-1.  5.]
 [ 5. 17.]
 [ 5.  6.]
 [ 6.  6.]
 [ 7. 17.]
 [-1.  5.]
 [ 4. 17.]
 [ 5.  6.]
 [ 6.  6.]
 [ 6. 17.]
 [-1.  5.]
 [ 3. 17.]
 [ 5.  6.]
 [ 6.  6.]
 [ 5. 17.]
 [-1.  5.]
 [ 2. 17.]
 [ 5.  6.]
 [ 6.  6.]
 [ 4. 17.]
 [-1.  5.]
 [ 2. 17.]
 [ 5.  6.]
 [ 6.  6.]
 [ 4. 17.]
 [-1.  5.]
 [ 1. 17.]
 [ 5.  6.]
 [ 6.  6.]
 [ 3. 17.]]
