Maze:
##########################
#                        #
#                        #
#                        #
#                        #
#                        #
#     ##############     #
#     #            #     #
#     #         B  #     #
#     #            #     #
#     #     S      #     #
#     #          C #     #
#     #     D      #     #
#     #            #     #
#     #            #     #
#     #A           #     #
#     #            #     #
#     #            #     #
#     #            #     #
#     ##############     #
#                        #
#                        #
#                        #
#                        #
#                        #
##########################
[[ 6.  4.]
 [ 1.  9.]
 [10.  2.]
 [11.  5.]
 [ 6.  6.]
 [ 5.  5.]
 [ 0.  9.]
 [10.  3.]
 [10.  5.]
 [ 6.  6.]
 [ 5.  6.]
 [-1.  9.]
 [10.  4.]
 [ 9.  6.]
 [ 6.  6.]
 [ 5.  6.]
 [-2.  9.]
 [10.  5.]
 [ 8.  7.]
 [ 6.  6.]
 [ 5.  6.]
 [-2.  9.]
 [ 9.  6.]
 [ 7.  7.]
 [ 6.  6.]
 [ 5.  6.]
 [-3.  9.]
 [ 8.  7.]
 [ 6.  7.]
 [ 6.  6.]
 [ 5.  6.]
 [-3.  9.]
 [ 7.  8.]
 [ 5.  7.]
 [ 6.  6.]
 [ 5.  6.]
 [-4.  9.]
 [ 6.  8.]
 [ 5.  7.]
 [ 6.  6.]
 [ 6.  5.]
 [-4.  9.]
 [ 5.  8.]
 [ 5.  6.]
 [ 6.  6.]
 [ 6.  5.]
 [-5.  9.]
 [ 4.  7.]
 [ 5.  5.]
 [ 6.  6.]
 [ 6.  5.]
 [-5.  9.]
 [ 4.  6.]
 [ 5.  5.]
 [ 6.  6.]
 [ 7.  6.]
 [-5.  9.]
 [ 4.  5.]
 [ 6.  5.]
 [ 6.  6.]
 [ 7.  6.]
 [-5.  9.]
 [ 5.  4.]
 [ 7.  5.]
 [ 6.  6.]
 [ 7.  6.]
 [-5.  9.]
 [ 6.  4.]
 [ 7.  5.]
 [ 6.  6.]
 [ 6.  7.]
 [-5.  9.]
 [ 7.  4.]
 [ 7.  6.]
 [ 6.  6.]
 [ 6.  7.]
 [-5.  9.]
 [ 8.  5.]
 [ 7.  7.]
 [ 6.  6.]
 [ 6.  7.]
 [-5.  9.]
 [ 8.  6.]
 [ 7.  7.]
 [ 6.  6.]
 [ 5.  6.]
 [-5.  9.]
 [ 8.  7.]
 [ 6.  7.]
 [ 6.  6.]
 [ 5.  6.]
 [-5.  9.]
 [ 7.  8.]
 [ 5.  7.]
 [ 6.  6.]
 [ 5.  6.]
 [-5.  9.]
 [ 6.  8.]
 [ 5.  7.]
 [ 6.  6.]
 [ 5.  6.]
 [-5.  9.]
 [ 6.  8.]
 [ 5.  7.]
 [ 6.  6.]
 [ 6.  5.]
 [-5.  9.]
 [ 5.  8.]
 [ 5.  6.]
 [ 6.  6.]]
