Maze:
##########################
#                        #
#                        #
#                        #
#                        #
#                        #
#     ##############     #
#     #            #     #
#     #            #     #
#     #         D  #     #
#     #            #     #
#     #            #     #
#     #     S    A #     #
#     #            #     #
#     #            #     #
#     #   B        #     #
#     #    C       #     #
#     #            #     #
#     #            #     #
#     ##############     #
#                        #
#                        #
#                        #
#                        #
#                        #
##########################
[[ 6.  6.]
 [11.  6.]
 [ 4.  9.]
 [ 5. 10.]
 [10.  3.]
 [ 6.  6.]
 [12.  7.]
 [ 5. 10.]
 [ 6. 10.]
 [11.  4.]
 [ 6.  6.]
 [13.  8.]
 [ 6. 10.]
 [ 7. 10.]
 [12.  5.]
 [ 6.  6.]
 [14.  9.]
 [ 7. 10.]
 [ 8. 10.]
 [13.  6.]
 [ 6.  6.]
 [15. 10.]
 [ 8. 10.]
 [ 9. 10.]
 [14.  7.]
 [ 6.  6.]
 [16. 11.]
 [ 9. 10.]
 [10. 10.]
 [15.  8.]
 [ 6.  6.]
 [16. 12.]
 [10. 10.]
 [11. 10.]
 [16.  9.]
 [ 6.  6.]
 [16. 13.]
 [11. 10.]
 [12. 10.]
 [16. 10.]
 [ 6.  6.]
 [16. 14.]
 [12. 10.]
 [13. 10.]
 [17. 11.]
 [ 6.  6.]
 [16. 15.]
 [13. 10.]
 [14. 10.]
 [17. 12.]
 [ 6.  6.]
 [16. 16.]
 [14. 10.]
 [15. 10.]
 [17. 13.]
 [ 6.  6.]
 [16. 17.]
 [15. 10.]
 [16. 10.]
 [17. 14.]
 [ 6.  6.]
 [16. 17.]
 [16. 10.]
 [17. 10.]
 [17. 15.]
 [ 6.  6.]
 [16. 17.]
 [16. 10.]
 [17. 10.]
 [17. 16.]
 [ 6.  6.]
 [15. 17.]
 [16. 10.]
 [17. 10.]
 [16. 17.]
 [ 6.  6.]
 [14. 17.]
 [16. 10.]
 [17. 10.]
 [15. 17.]
 [ 6.  6.]
 [13. 17.]
 [16. 10.]
 [17. 10.]
 [14. 17.]
 [ 6.  6.]
 [12. 17.]
 [16. 10.]
 [17. 10.]
 [13. 17.]
 [ 6.  6.]
 [11. 17.]
 [16. 10.]
 [17. 10.]
 [12. 17.]
 [ 6.  6.]
 [10. 17.]
 [16. 10.]
 [17. 10.]
 [11. 17.]
 [ 6.  6.]
 [10. 17.]
 [16. 10.]
 [17. 10.]
 [11. 17.]
 [ 6.  6.]
 [ 9. 17.]
 [16. 10.]
 [17. 10.]
 [10. 17.]]
