Maze:
##########################
#                        #
#                        #
#                        #
#                        #
#                        #
#     ##############     #
#     #            #     #
#     #            #     #
#     #            #     #
#     #            #     #
#     # B          #     #
#     #   D C      #     #
#     #           A#     #
#     #            #     #
#     #            #     #
#     #S           #     #
#     #            #     #
#     #            #     #
#     ##############     #
#                        #
#                        #
#                        #
#                        #
#                        #
##########################
[[ 1. 10.]
 [12.  7.]
 [ 2.  5.]
 [ 6.  6.]
 [ 4.  6.]
 [ 1. 11.]
 [13.  7.]
 [ 1.  5.]
 [ 6.  6.]
 [ 5.  6.]
 [ 1. 11.]
 [13.  7.]
 [ 0.  5.]
 [ 6.  6.]
 [ 4.  6.]
 [ 1. 11.]
 [13.  7.]
 [-1.  5.]
 [ 6.  6.]
 [ 5.  6.]
 [ 1. 11.]
 [13.  7.]
 [-1.  6.]
 [ 6.  6.]
 [ 4.  6.]
 [ 1. 11.]
 [13.  7.]
 [-1.  7.]
 [ 6.  6.]
 [ 4.  6.]
 [ 2. 12.]
 [13.  7.]
 [-1.  8.]
 [ 6.  6.]
 [ 4.  6.]
 [ 3. 12.]
 [13.  7.]
 [-1.  9.]
 [ 6.  6.]
 [ 4.  6.]
 [ 4. 12.]
 [13.  7.]
 [-1. 10.]
 [ 6.  6.]
 [ 4.  5.]
 [ 5. 12.]
 [13.  7.]
 [ 0. 11.]
 [ 6.  6.]
 [ 4.  4.]
 [ 6. 12.]
 [13.  7.]
 [ 1. 11.]
 [ 6.  6.]
 [ 4.  3.]
 [ 7. 12.]
 [13.  7.]
 [ 2. 11.]
 [ 6.  6.]
 [ 4.  3.]
 [ 8. 12.]
 [13.  7.]
 [ 3. 11.]
 [ 6.  6.]
 [ 4.  2.]
 [ 9. 12.]
 [13.  7.]
 [ 4. 11.]
 [ 6.  6.]
 [ 4.  2.]
 [10. 12.]
 [13.  7.]
 [ 5. 11.]
 [ 6.  6.]
 [ 4.  2.]
 [11. 12.]
 [14.  7.]
 [ 6. 11.]
 [ 6.  6.]
 [ 4.  2.]
 [12. 12.]
 [14.  7.]
 [ 7. 11.]
 [ 6.  6.]
 [ 4.  2.]
 [13. 11.]
 [15.  7.]
 [ 8. 11.]
 [ 6.  6.]
 [ 4.  2.]
 [14. 10.]
 [16.  7.]
 [ 9. 11.]
 [ 6.  6.]
 [ 4.  2.]
 [15.  9.]
 [17.  7.]
 [10. 11.]
 [ 6.  6.]
 [ 4.  2.]
 [15.  9.]
 [17.  7.]
 [10. 11.]
 [ 6.  6.]
 [ 4.  2.]
 [16.  8.]
 [17.  6.]
 [11. 10.]
 [ 6.  6.]
 [ 4.  2.]]
