Maze:
##########################
#                        #
#                        #
#                        #
#                        #
#                        #
#     ##############     #
#     #            #     #
#     #            #     #
#     #            #     #
#     #            #     #
#     #      B     #     #
#     # D   C      #     #
#     #            #     #
#     #   A        #     #
#     #            #     #
#     #            #     #
#     #            #     #
#     #        S   #     #
#     ##############     #
#                        #
#                        #
#                        #
#                        #
#                        #
##########################
[[ 9. 12.]
 [ 4.  8.]
 [ 7.  5.]
 [ 6.  6.]
 [ 2.  6.]
 [ 9. 12.]
 [ 4.  9.]
 [ 7.  5.]
 [ 6.  6.]
 [ 2.  7.]
 [ 8. 12.]
 [ 4. 10.]
 [ 7.  5.]
 [ 6.  6.]
 [ 2.  8.]
 [ 7. 12.]
 [ 4. 11.]
 [ 7.  5.]
 [ 6.  6.]
 [ 2.  9.]
 [ 6. 12.]
 [ 4. 12.]
 [ 7.  5.]
 [ 6.  6.]
 [ 2. 10.]
 [ 5. 12.]
 [ 4. 13.]
 [ 7.  5.]
 [ 6.  6.]
 [ 2. 11.]
 [ 4. 13.]
 [ 4. 14.]
 [ 7.  5.]
 [ 6.  6.]
 [ 2. 12.]
 [ 4. 14.]
 [ 4. 15.]
 [ 7.  5.]
 [ 6.  6.]
 [ 2. 13.]
 [ 4. 15.]
 [ 4. 16.]
 [ 7.  5.]
 [ 6.  6.]
 [ 2. 14.]
 [ 4. 16.]
 [ 4. 17.]
 [ 7.  5.]
 [ 6.  6.]
 [ 2. 15.]
 [ 4. 16.]
 [ 4. 17.]
 [ 7.  5.]
 [ 6.  6.]
 [ 2. 16.]
 [ 4. 17.]
 [ 5. 17.]
 [ 7.  5.]
 [ 6.  6.]
 [ 2. 17.]
 [ 5. 17.]
 [ 6. 17.]
 [ 7.  5.]
 [ 6.  6.]
 [ 2. 17.]
 [ 6. 17.]
 [ 7. 17.]
 [ 7.  5.]
 [ 6.  6.]
 [ 2. 17.]
 [ 7. 17.]
 [ 8. 17.]
 [ 7.  5.]
 [ 6.  6.]
 [ 2. 17.]
 [ 8. 17.]
 [ 9. 17.]
 [ 7.  5.]
 [ 6.  6.]
 [ 2. 17.]
 [ 9. 17.]
 [10. 17.]
 [ 7.  5.]
 [ 6.  6.]
 [ 2. 17.]
 [10. 17.]
 [11. 17.]
 [ 7.  5.]
 [ 6.  6.]
 [ 2. 17.]
 [11. 17.]
 [12. 17.]
 [ 7.  5.]
 [ 6.  6.]
 [ 2. 17.]
 [12. 17.]
 [13. 17.]
 [ 7.  5.]
 [ 6.  6.]
 [ 2. 17.]
 [12. 17.]
 [13. 17.]
 [ 7.  5.]
 [ 6.  6.]
 [ 2. 17.]
 [13. 17.]
 [14. 17.]
 [ 7.  5.]
 [ 6.  6.]
 [ 2. 17.]]
