Maze:
##########################
#                        #
#                        #
#                        #
#                        #
#                        #
#     ##############     #
#     #            #     #
#     #       S    #     #
#     #            #     #
#     #            #     #
#     #            #     #
#     #     D  A   #     #
#     #            #     #
#     #            #     #
#     #     B      #     #
#     #            #     #
#     #    C       #     #
#     #            #     #
#     ##############     #
#                        #
#                        #
#                        #
#                        #
#                        #
##########################
[[ 8.  2.]
 [ 9.  6.]
 [ 6.  9.]
 [ 5. 11.]
 [ 6.  6.]
 [ 8.  3.]
 [10.  6.]
 [ 6. 10.]
 [ 5. 11.]
 [ 6.  6.]
 [ 9.  4.]
 [11.  6.]
 [ 5. 11.]
 [ 4. 12.]
 [ 6.  6.]
 [10.  5.]
 [12.  6.]
 [ 4. 12.]
 [ 3. 13.]
 [ 6.  6.]
 [11.  5.]
 [13.  6.]
 [ 3. 13.]
 [ 2. 14.]
 [ 6.  6.]
 [12.  5.]
 [14.  6.]
 [ 2. 14.]
 [ 1. 15.]
 [ 6.  6.]
 [13.  5.]
 [15.  6.]
 [ 1. 15.]
 [ 0. 16.]
 [ 6.  6.]
 [14.  5.]
 [16.  6.]
 [ 0. 16.]
 [-1. 17.]
 [ 6.  6.]
 [15.  5.]
 [17.  6.]
 [-1. 17.]
 [-2. 17.]
 [ 6.  6.]
 [16.  5.]
 [17.  6.]
 [-2. 17.]
 [-3. 17.]
 [ 6.  6.]
 [17.  6.]
 [17.  7.]
 [-3. 17.]
 [-4. 17.]
 [ 6.  6.]
 [17.  7.]
 [17.  8.]
 [-4. 17.]
 [-5. 17.]
 [ 6.  6.]
 [17.  8.]
 [17.  9.]
 [-4. 17.]
 [-5. 17.]
 [ 6.  6.]
 [17.  9.]
 [17. 10.]
 [-4. 17.]
 [-5. 17.]
 [ 6.  6.]
 [17. 10.]
 [17. 11.]
 [-4. 17.]
 [-5. 17.]
 [ 6.  6.]
 [17. 11.]
 [17. 12.]
 [-4. 17.]
 [-5. 17.]
 [ 6.  6.]
 [17. 12.]
 [17. 13.]
 [-4. 17.]
 [-5. 17.]
 [ 6.  6.]
 [17. 13.]
 [17. 14.]
 [-4. 17.]
 [-5. 17.]
 [ 6.  6.]
 [17. 14.]
 [17. 15.]
 [-4. 17.]
 [-5. 17.]
 [ 6.  6.]
 [17. 15.]
 [17. 16.]
 [-4. 17.]
 [-5. 17.]
 [ 6.  6.]
 [17. 15.]
 [17. 16.]
 [-4. 17.]
 [-5. 17.]
 [ 6.  6.]
 [17. 16.]
 [17. 17.]
 [-4. 17.]
 [-5. 17.]
 [ 6.  6.]]
