Maze:
##########################
#                        #
#                        #
#                        #
#                        #
#                        #
#     ##############     #
#     #            #     #
#     #     S      #     #
#     #            #     #
#     #B           #     #
#     #      C     #     #
#     #     D   A  #     #
#     #            #     #
#     #            #     #
#     #            #     #
#     #            #     #
#     #            #     #
#     #            #     #
#     ##############     #
#                        #
#                        #
#                        #
#                        #
#                        #
##########################
[[ 6.  2.]
 [10.  6.]
 [ 1.  4.]
 [ 7.  5.]
 [ 6.  6.]
 [ 6.  2.]
 [11.  6.]
 [ 2.  4.]
 [ 8.  5.]
 [ 6.  6.]
 [ 5.  2.]
 [12.  6.]
 [ 3.  4.]
 [ 9.  5.]
 [ 6.  6.]
 [ 5.  2.]
 [13.  6.]
 [ 4.  4.]
 [10.  5.]
 [ 6.  6.]
 [ 6.  1.]
 [14.  6.]
 [ 5.  3.]
 [11.  5.]
 [ 6.  6.]
 [ 6.  0.]
 [15.  6.]
 [ 6.  2.]
 [12.  5.]
 [ 6.  6.]
 [ 6. -1.]
 [16.  6.]
 [ 6.  1.]
 [13.  5.]
 [ 6.  6.]
 [ 6. -2.]
 [17.  6.]
 [ 6.  0.]
 [14.  5.]
 [ 6.  6.]
 [ 6. -3.]
 [17.  6.]
 [ 6. -1.]
 [15.  5.]
 [ 6.  6.]
 [ 6. -4.]
 [17.  6.]
 [ 6. -2.]
 [16.  5.]
 [ 6.  6.]
 [ 6. -5.]
 [17.  7.]
 [ 6. -3.]
 [17.  6.]
 [ 6.  6.]
 [ 6. -5.]
 [17.  8.]
 [ 6. -4.]
 [17.  7.]
 [ 6.  6.]
 [ 6. -5.]
 [17.  9.]
 [ 6. -4.]
 [17.  8.]
 [ 6.  6.]
 [ 6. -5.]
 [17. 10.]
 [ 6. -4.]
 [17.  9.]
 [ 6.  6.]
 [ 6. -5.]
 [17. 11.]
 [ 6. -4.]
 [17. 10.]
 [ 6.  6.]
 [ 6. -5.]
 [17. 12.]
 [ 6. -4.]
 [17. 11.]
 [ 6.  6.]
 [ 6. -5.]
 [17. 13.]
 [ 6. -4.]
 [17. 12.]
 [ 6.  6.]
 [ 6. -5.]
 [17. 14.]
 [ 6. -4.]
 [17. 13.]
 [ 6.  6.]
 [ 6. -5.]
 [17. 15.]
 [ 6. -4.]
 [17. 14.]
 [ 6.  6.]
 [ 6. -5.]
 [17. 16.]
 [ 6. -4.]
 [17. 15.]
 [ 6.  6.]
 [ 6. -5.]
 [17. 16.]
 [ 6. -4.]
 [17. 15.]
 [ 6.  6.]
 [ 6. -5.]
 [17. 17.]
 [ 6. -4.]
 [17. 16.]
 [ 6.  6.]]
