Maze:
##########################
#                        #
#                        #
#                        #
#                        #
#                        #
#     ##############     #
#     #       A    #     #
#     #  C         #     #
#     #            #     #
#     #            #     #
#     #            #     #
#     #     D      #     #
#     #            #     #
#     #           B#     #
#     #            #     #
#     #          S #     #
#     #            #     #
#     #            #     #
#     ##############     #
#                        #
#                        #
#                        #
#                        #
#                        #
##########################
[[11. 10.]
 [ 8.  1.]
 [12.  8.]
 [ 3.  2.]
 [ 6.  6.]
 [10. 11.]
 [ 8.  1.]
 [12.  9.]
 [ 3.  2.]
 [ 6.  6.]
 [ 9. 11.]
 [ 8.  1.]
 [11. 10.]
 [ 3.  2.]
 [ 6.  6.]
 [ 8. 11.]
 [ 9.  1.]
 [10. 10.]
 [ 3.  2.]
 [ 6.  6.]
 [ 7. 11.]
 [ 9.  1.]
 [ 9. 10.]
 [ 3.  2.]
 [ 6.  6.]
 [ 6. 11.]
 [ 9.  1.]
 [ 8. 10.]
 [ 3.  2.]
 [ 6.  6.]
 [ 5. 11.]
 [ 9.  1.]
 [ 7. 10.]
 [ 3.  2.]
 [ 6.  6.]
 [ 4. 11.]
 [10.  1.]
 [ 6. 10.]
 [ 3.  2.]
 [ 6.  6.]
 [ 3. 11.]
 [10.  1.]
 [ 5. 10.]
 [ 3.  2.]
 [ 6.  6.]
 [ 2. 11.]
 [10.  1.]
 [ 4. 10.]
 [ 3.  2.]
 [ 6.  6.]
 [ 1. 11.]
 [10.  1.]
 [ 3. 10.]
 [ 3.  2.]
 [ 6.  6.]
 [ 0. 11.]
 [10.  1.]
 [ 2. 10.]
 [ 3.  2.]
 [ 6.  6.]
 [-1. 11.]
 [10.  1.]
 [ 1. 10.]
 [ 3.  2.]
 [ 6.  6.]
 [-2. 11.]
 [10.  1.]
 [ 0. 10.]
 [ 3.  2.]
 [ 6.  6.]
 [-3. 11.]
 [10.  1.]
 [-1. 10.]
 [ 3.  2.]
 [ 6.  6.]
 [-4. 11.]
 [10.  1.]
 [-2. 10.]
 [ 3.  2.]
 [ 6.  6.]
 [-5. 11.]
 [10.  1.]
 [-3. 10.]
 [ 3.  2.]
 [ 6.  6.]
 [-5. 11.]
 [10.  1.]
 [-4. 10.]
 [ 3.  2.]
 [ 6.  6.]
 [-5. 12.]
 [10.  1.]
 [-5. 11.]
 [ 3.  2.]
 [ 6.  6.]
 [-5. 13.]
 [10.  1.]
 [-5. 12.]
 [ 3.  2.]
 [ 6.  6.]
 [-5. 13.]
 [10.  1.]
 [-5. 12.]
 [ 3.  2.]
 [ 6.  6.]
 [-5. 14.]
 [10.  1.]
 [-5. 13.]
 [ 3.  2.]
 [ 6.  6.]]
