Maze:
##########################
#                        #
#                        #
#                        #
#                        #
#                        #
#     ##############     #
#     #            #     #
#     #            #     #
#     #            #     #
#     #     A      #     #
#     #    D       #     #
#     #     CS     #     #
#     #            #     #
#     #            #     #
#     #            #     #
#     #            #     #
#     #            #     #
#     #         B  #     #
#     ##############     #
#                        #
#                        #
#                        #
#                        #
#                        #
##########################
[[ 7.  6.]
 [ 6.  4.]
 [10. 12.]
 [ 6.  6.]
 [ 5.  5.]
 [ 8.  6.]
 [ 5.  3.]
 [10. 12.]
 [ 6.  6.]
 [ 6.  5.]
 [ 8.  5.]
 [ 5.  2.]
 [10. 12.]
 [ 6.  6.]
 [ 6.  5.]
 [ 7.  5.]
 [ 5.  1.]
 [10. 12.]
 [ 6.  6.]
 [ 6.  5.]
 [ 6.  5.]
 [ 5.  0.]
 [10. 12.]
 [ 6.  6.]
 [ 7.  6.]
 [ 7.  4.]
 [ 5. -1.]
 [10. 12.]
 [ 6.  6.]
 [ 7.  6.]
 [ 7.  5.]
 [ 5. -2.]
 [10. 12.]
 [ 6.  6.]
 [ 7.  6.]
 [ 7.  6.]
 [ 5. -3.]
 [10. 12.]
 [ 6.  6.]
 [ 6.  5.]
 [ 8.  5.]
 [ 5. -3.]
 [10. 12.]
 [ 6.  6.]
 [ 6.  5.]
 [ 7.  5.]
 [ 5. -3.]
 [10. 12.]
 [ 6.  6.]
 [ 6.  5.]
 [ 6.  5.]
 [ 5. -3.]
 [10. 12.]
 [ 6.  6.]
 [ 7.  6.]
 [ 7.  4.]
 [ 5. -3.]
 [10. 12.]
 [ 6.  6.]
 [ 7.  6.]
 [ 7.  5.]
 [ 5. -3.]
 [10. 12.]
 [ 6.  6.]
 [ 7.  6.]
 [ 7.  6.]
 [ 5. -3.]
 [10. 12.]
 [ 6.  6.]
 [ 6.  5.]
 [ 8.  5.]
 [ 5. -3.]
 [10. 12.]
 [ 6.  6.]
 [ 6.  5.]
 [ 7.  5.]
 [ 5. -3.]
 [10. 12.]
 [ 6.  6.]
 [ 6.  5.]
 [ 6.  5.]
 [ 5. -3.]
 [10. 12.]
 [ 6.  6.]
 [ 7.  6.]
 [ 7.  4.]
 [ 5. -3.]
 [10. 12.]
 [ 6.  6.]
 [ 7.  6.]
 [ 7.  5.]
 [ 5. -3.]
 [10. 12.]
 [ 6.  6.]
 [ 7.  6.]
 [ 7.  6.]
 [ 5. -3.]
 [10. 12.]
 [ 6.  6.]
 [ 6.  5.]
 [ 7.  6.]
 [ 5. -3.]
 [10. 12.]
 [ 6.  6.]
 [ 6.  5.]
 [ 8.  5.]
 [ 5. -3.]
 [10. 12.]
 [ 6.  6.]
 [ 6.  5.]]
