Maze:
##########################
#                        #
#                        #
#                        #
#                        #
#                        #
#     ##############     #
#     #            #     #
#     #            #     #
#     #            #     #
#     #      A     #     #
#     #            #     #
#     #     B      #     #
#     # D          #     #
#     #            #     #
#     #            #     #
#     #            #     #
#     #           C#     #
#     #S           #     #
#     ##############     #
#                        #
#                        #
#                        #
#                        #
#                        #
##########################
[[ 1. 12.]
 [ 7.  4.]
 [ 6.  6.]
 [12. 11.]
 [ 2.  7.]
 [ 1. 11.]
 [ 7.  3.]
 [ 6.  6.]
 [12. 11.]
 [ 3.  7.]
 [ 1. 10.]
 [ 7.  2.]
 [ 6.  6.]
 [12. 11.]
 [ 4.  7.]
 [ 1.  9.]
 [ 7.  1.]
 [ 6.  6.]
 [12. 11.]
 [ 5.  7.]
 [ 2.  9.]
 [ 7.  0.]
 [ 6.  6.]
 [12. 11.]
 [ 5.  7.]
 [ 3.  8.]
 [ 7. -1.]
 [ 6.  6.]
 [12. 11.]
 [ 5.  7.]
 [ 4.  8.]
 [ 7. -2.]
 [ 6.  6.]
 [12. 11.]
 [ 5.  6.]
 [ 4.  7.]
 [ 7. -3.]
 [ 6.  6.]
 [12. 11.]
 [ 5.  6.]
 [ 5.  6.]
 [ 7. -3.]
 [ 6.  6.]
 [12. 11.]
 [ 6.  7.]
 [ 5.  7.]
 [ 7. -3.]
 [ 6.  6.]
 [12. 11.]
 [ 6.  7.]
 [ 6.  7.]
 [ 7. -3.]
 [ 6.  6.]
 [12. 11.]
 [ 5.  6.]
 [ 5.  7.]
 [ 7. -3.]
 [ 6.  6.]
 [12. 11.]
 [ 5.  6.]
 [ 5.  6.]
 [ 7. -3.]
 [ 6.  6.]
 [12. 11.]
 [ 6.  7.]
 [ 5.  7.]
 [ 7. -3.]
 [ 6.  6.]
 [12. 11.]
 [ 6.  7.]
 [ 6.  7.]
 [ 7. -3.]
 [ 6.  6.]
 [12. 11.]
 [ 5.  6.]
 [ 5.  7.]
 [ 7. -3.]
 [ 6.  6.]
 [12. 11.]
 [ 5.  6.]
 [ 5.  6.]
 [ 7. -3.]
 [ 6.  6.]
 [12. 11.]
 [ 6.  7.]
 [ 5.  7.]
 [ 7. -3.]
 [ 6.  6.]
 [12. 11.]
 [ 6.  7.]
 [ 6.  7.]
 [ 7. -3.]
 [ 6.  6.]
 [12. 11.]
 [ 5.  6.]
 [ 5.  7.]
 [ 7. -3.]
 [ 6.  6.]
 [12. 11.]
 [ 5.  6.]
 [ 5.  7.]
 [ 7. -3.]
 [ 6.  6.]
 [12. 11.]
 [ 5.  6.]
 [ 5.  6.]
 [ 7. -3.]
 [ 6.  6.]
 [12. 11.]
 [ 6.  7.]]
