Maze:
##########################
#                        #
#                        #
#                        #
#                        #
#                        #
#     ##############     #
#     #            #     #
#     #            #     #
#     #            #     #
#     #            #     #
#     #      C     #     #
#     #   B A      #     #
#     #            #     #
#     #            #     #
#     #            #     #
#     #            #     #
#     #       D    #     #
#     #S           #     #
#     ##############     #
#                        #
#                        #
#                        #
#                        #
#                        #
##########################
[[ 1. 12.]
 [ 6.  6.]
 [ 4.  6.]
 [ 7.  5.]
 [ 8. 11.]
 [ 1. 12.]
 [ 6.  6.]
 [ 3.  6.]
 [ 7.  5.]
 [ 7. 10.]
 [ 1. 12.]
 [ 6.  6.]
 [ 2.  7.]
 [ 7.  5.]
 [ 7.  9.]
 [ 1. 12.]
 [ 6.  6.]
 [ 2.  8.]
 [ 7.  5.]
 [ 7.  8.]
 [ 1. 13.]
 [ 6.  6.]
 [ 2.  9.]
 [ 7.  5.]
 [ 7.  7.]
 [ 1. 14.]
 [ 6.  6.]
 [ 2. 10.]
 [ 6.  5.]
 [ 7.  6.]
 [ 1. 15.]
 [ 6.  6.]
 [ 2. 11.]
 [ 5.  6.]
 [ 7.  6.]
 [ 1. 16.]
 [ 6.  6.]
 [ 2. 12.]
 [ 5.  6.]
 [ 7.  6.]
 [ 1. 17.]
 [ 6.  6.]
 [ 2. 13.]
 [ 5.  6.]
 [ 7.  6.]
 [ 1. 17.]
 [ 6.  6.]
 [ 2. 14.]
 [ 5.  6.]
 [ 7.  6.]
 [ 1. 17.]
 [ 6.  6.]
 [ 2. 15.]
 [ 5.  6.]
 [ 7.  6.]
 [ 1. 17.]
 [ 6.  6.]
 [ 2. 16.]
 [ 5.  6.]
 [ 7.  6.]
 [ 0. 17.]
 [ 6.  6.]
 [ 1. 17.]
 [ 5.  6.]
 [ 7.  6.]
 [-1. 17.]
 [ 6.  6.]
 [ 0. 17.]
 [ 5.  6.]
 [ 7.  6.]
 [-2. 17.]
 [ 6.  6.]
 [-1. 17.]
 [ 5.  6.]
 [ 7.  6.]
 [-3. 17.]
 [ 6.  6.]
 [-2. 17.]
 [ 5.  6.]
 [ 7.  6.]
 [-4. 17.]
 [ 6.  6.]
 [-3. 17.]
 [ 5.  6.]
 [ 7.  6.]
 [-5. 17.]
 [ 6.  6.]
 [-4. 17.]
 [ 5.  6.]
 [ 7.  6.]
 [-5. 17.]
 [ 6.  6.]
 [-4. 17.]
 [ 5.  6.]
 [ 7.  6.]]
