Maze:
##########################
#                        #
#                        #
#                        #
#                        #
#                        #
#     ##############     #
#     #     B      #     #
#     #            #     #
#     #           S#     #
#     #            #     #
#     #            #     #
#     #     C      #     #
#     #            #     #
#     #            #     #
#     #            #     #
#     # A          #     #
#     #      D     #     #
#     #            #     #
#     ##############     #
#                        #
#                        #
#                        #
#                        #
#                        #
##########################
[[12.  3.]
 [ 2. 10.]
 [ 6.  1.]
 [ 6.  6.]
 [ 7. 11.]
 [12.  3.]
 [ 2. 11.]
 [ 7.  0.]
 [ 6.  6.]
 [ 7. 10.]
 [12.  3.]
 [ 2. 12.]
 [ 8.  0.]
 [ 6.  6.]
 [ 7.  9.]
 [12.  3.]
 [ 2. 12.]
 [ 9.  0.]
 [ 6.  6.]
 [ 7.  8.]
 [12.  3.]
 [ 2. 12.]
 [10.  0.]
 [ 6.  6.]
 [ 7.  7.]
 [12.  4.]
 [ 2. 12.]
 [11.  1.]
 [ 6.  6.]
 [ 7.  7.]
 [12.  5.]
 [ 2. 12.]
 [11.  2.]
 [ 6.  6.]
 [ 7.  7.]
 [12.  6.]
 [ 2. 12.]
 [11.  3.]
 [ 6.  6.]
 [ 7.  7.]
 [12.  7.]
 [ 2. 12.]
 [11.  4.]
 [ 6.  6.]
 [ 7.  7.]
 [12.  8.]
 [ 2. 12.]
 [11.  5.]
 [ 6.  6.]
 [ 7.  7.]
 [12.  9.]
 [ 2. 12.]
 [11.  6.]
 [ 6.  6.]
 [ 7.  7.]
 [12. 10.]
 [ 2. 12.]
 [11.  7.]
 [ 6.  6.]
 [ 7.  7.]
 [12. 11.]
 [ 2. 12.]
 [11.  8.]
 [ 6.  6.]
 [ 7.  7.]
 [12. 12.]
 [ 2. 12.]
 [11.  9.]
 [ 6.  6.]
 [ 7.  7.]
 [12. 13.]
 [ 1. 12.]
 [11. 10.]
 [ 6.  6.]
 [ 7.  7.]
 [12. 14.]
 [ 1. 12.]
 [11. 11.]
 [ 6.  6.]
 [ 7.  7.]
 [12. 15.]
 [ 1. 12.]
 [11. 12.]
 [ 6.  6.]
 [ 7.  7.]
 [12. 16.]
 [ 1. 12.]
 [11. 13.]
 [ 6.  6.]
 [ 7.  7.]
 [12. 17.]
 [ 1. 12.]
 [11. 14.]
 [ 6.  6.]
 [ 7.  7.]
 [12. 17.]
 [ 1. 12.]
 [11. 15.]
 [ 6.  6.]
 [ 7.  7.]
 [12. 17.]
 [ 1. 12.]
 [11. 15.]
 [ 6.  6.]
 [ 7.  7.]
 [12. 17.]
 [ 1. 12.]
 [11. 16.]
 [ 6.  6.]
 [ 7.  7.]]
