Maze:
##########################
#                        #
#                        #
#                        #
#                        #
#                        #
#     ##############     #
#     #        S   #     #
#     #            #     #
#     #           B#     #
#     #            #     #
#     #            #     #
#     #     C      #     #
#     # A          #     #
#     #            #     #
#     #            #     #
#     #            #     #
#     #            #     #
#     #          D #     #
#     ##############     #
#                        #
#                        #
#                        #
#                        #
#                        #
##########################
[[ 9.  1.]
 [ 2.  7.]
 [12.  3.]
 [ 6.  6.]
 [11. 12.]
 [ 9.  0.]
 [ 1.  7.]
 [11.  2.]
 [ 6.  6.]
 [11. 11.]
 [ 9. -1.]
 [ 0.  7.]
 [10.  1.]
 [ 6.  6.]
 [10. 10.]
 [ 9. -2.]
 [-1.  7.]
 [10.  0.]
 [ 6.  6.]
 [ 9.  9.]
 [ 9. -3.]
 [-1.  7.]
 [10. -1.]
 [ 6.  6.]
 [ 8.  8.]
 [ 9. -4.]
 [-1.  7.]
 [10. -2.]
 [ 6.  6.]
 [ 7.  7.]
 [ 9. -5.]
 [-1.  7.]
 [10. -3.]
 [ 6.  6.]
 [ 7.  7.]
 [ 9. -5.]
 [-1.  7.]
 [10. -4.]
 [ 6.  6.]
 [ 7.  7.]
 [ 8. -5.]
 [-1.  7.]
 [ 9. -5.]
 [ 6.  6.]
 [ 7.  7.]
 [ 7. -5.]
 [-1.  7.]
 [ 8. -5.]
 [ 6.  6.]
 [ 7.  7.]
 [ 6. -5.]
 [-1.  7.]
 [ 7. -5.]
 [ 6.  6.]
 [ 7.  7.]
 [ 5. -5.]
 [-1.  7.]
 [ 6. -5.]
 [ 6.  6.]
 [ 7.  7.]
 [ 4. -5.]
 [-1.  7.]
 [ 5. -5.]
 [ 6.  6.]
 [ 7.  7.]
 [ 3. -5.]
 [-1.  7.]
 [ 4. -5.]
 [ 6.  6.]
 [ 7.  7.]
 [ 2. -5.]
 [-1.  7.]
 [ 3. -5.]
 [ 6.  6.]
 [ 7.  7.]
 [ 1. -5.]
 [-1.  7.]
 [ 2. -5.]
 [ 6.  6.]
 [ 7.  7.]
 [ 0. -5.]
 [-1.  7.]
 [ 1. -5.]
 [ 6.  6.]
 [ 7.  7.]
 [-1. -5.]
 [-1.  7.]
 [ 0. -5.]
 [ 6.  6.]
 [ 7.  7.]
 [-2. -5.]
 [-1.  7.]
 [-1. -5.]
 [ 6.  6.]
 [ 7.  7.]
 [-3. -5.]
 [-1.  7.]
 [-2. -5.]
 [ 6.  6.]
 [ 7.  7.]
 [-3. -5.]
 [-1.  7.]
 [-2. -5.]
 [ 6.  6.]
 [ 7.  7.]
 [-4. -5.]
 [-1.  7.]
 [-3. -5.]
 [ 6.  6.]
 [ 7.  7.]]
