Maze:
##########################
#                        #
#                        #
#                        #
#                        #
#                        #
#     ##############     #
#     #S           #     #
#     #           B#     #
#     #            #     #
#     #            #     #
#     #            #     #
#     #     D      #     #
#     #            #     #
#     #            #     #
#     # A          #     #
#     #    C       #     #
#     #            #     #
#     #            #     #
#     ##############     #
#                        #
#                        #
#                        #
#                        #
#                        #
##########################
[[ 1.  1.]
 [ 2.  9.]
 [12.  2.]
 [ 5. 10.]
 [ 6.  6.]
 [ 1.  1.]
 [ 1.  9.]
 [12.  2.]
 [ 4. 10.]
 [ 6.  6.]
 [ 1.  1.]
 [ 0.  9.]
 [12.  2.]
 [ 3. 10.]
 [ 6.  6.]
 [ 1.  1.]
 [-1.  9.]
 [12.  2.]
 [ 2. 10.]
 [ 6.  6.]
 [ 1.  1.]
 [-2.  9.]
 [12.  2.]
 [ 1. 10.]
 [ 6.  6.]
 [ 1.  1.]
 [-3.  9.]
 [12.  2.]
 [ 0. 10.]
 [ 6.  6.]
 [ 1.  1.]
 [-4.  9.]
 [12.  2.]
 [-1. 10.]
 [ 6.  6.]
 [ 1.  1.]
 [-5.  9.]
 [12.  2.]
 [-2. 10.]
 [ 6.  6.]
 [ 1.  1.]
 [-5.  9.]
 [12.  2.]
 [-3. 10.]
 [ 6.  6.]
 [ 1.  1.]
 [-5.  9.]
 [12.  2.]
 [-4. 10.]
 [ 6.  6.]
 [ 1.  1.]
 [-5.  8.]
 [12.  2.]
 [-5.  9.]
 [ 6.  6.]
 [ 1.  1.]
 [-5.  7.]
 [12.  2.]
 [-5.  8.]
 [ 6.  6.]
 [ 1.  1.]
 [-5.  6.]
 [12.  2.]
 [-5.  7.]
 [ 6.  6.]
 [ 2.  1.]
 [-5.  5.]
 [12.  2.]
 [-5.  6.]
 [ 6.  6.]
 [ 3.  1.]
 [-5.  4.]
 [12.  2.]
 [-5.  5.]
 [ 6.  6.]
 [ 4.  1.]
 [-5.  3.]
 [11.  2.]
 [-5.  4.]
 [ 6.  6.]
 [ 4.  2.]
 [-5.  2.]
 [10.  2.]
 [-5.  3.]
 [ 6.  6.]
 [ 5.  3.]
 [-5.  1.]
 [ 9.  2.]
 [-5.  2.]
 [ 6.  6.]
 [ 5.  4.]
 [-5.  0.]
 [ 8.  3.]
 [-5.  1.]
 [ 6.  6.]
 [ 5.  5.]
 [-5. -1.]
 [ 7.  4.]
 [-5.  0.]
 [ 6.  6.]
 [ 5.  5.]
 [-5. -1.]
 [ 7.  4.]
 [-5.  0.]
 [ 6.  6.]
 [ 5.  5.]
 [-5. -2.]
 [ 6.  5.]
 [-5. -1.]
 [ 6.  6.]]
