Maze:
##########################
#                        #
#                        #
#                        #
#                        #
#                        #
#     ##############     #
#     #            #     #
#     #            #     #
#     #            #     #
#     #            #     #
#     #           C#     #
#     #     A      #     #
#     #  D         #     #
#     #            #     #
#     #            #     #
#     #        S   #     #
#     # B          #     #
#     #            #     #
#     ##############     #
#                        #
#                        #
#                        #
#                        #
#                        #
##########################
[[ 9. 10.]
 [ 6.  6.]
 [ 2. 11.]
 [12.  5.]
 [ 3.  7.]
 [ 9. 11.]
 [ 6.  6.]
 [ 2. 10.]
 [12.  5.]
 [ 4.  7.]
 [ 9. 11.]
 [ 6.  6.]
 [ 3.  9.]
 [12.  5.]
 [ 5.  7.]
 [ 9. 11.]
 [ 6.  6.]
 [ 4.  8.]
 [12.  5.]
 [ 6.  7.]
 [ 9. 11.]
 [ 6.  6.]
 [ 5.  8.]
 [12.  5.]
 [ 6.  7.]
 [ 9. 11.]
 [ 6.  6.]
 [ 6.  7.]
 [12.  5.]
 [ 5.  6.]
 [ 9. 11.]
 [ 6.  6.]
 [ 5.  7.]
 [12.  5.]
 [ 5.  6.]
 [ 9. 11.]
 [ 6.  6.]
 [ 5.  6.]
 [12.  5.]
 [ 6.  7.]
 [ 9. 11.]
 [ 6.  6.]
 [ 5.  7.]
 [12.  5.]
 [ 6.  7.]
 [ 9. 11.]
 [ 6.  6.]
 [ 6.  7.]
 [12.  5.]
 [ 5.  6.]
 [ 9. 11.]
 [ 6.  6.]
 [ 5.  7.]
 [12.  5.]
 [ 5.  6.]
 [ 9. 11.]
 [ 6.  6.]
 [ 5.  6.]
 [12.  5.]
 [ 6.  7.]
 [ 9. 11.]
 [ 6.  6.]
 [ 5.  7.]
 [12.  5.]
 [ 6.  7.]
 [ 9. 11.]
 [ 6.  6.]
 [ 6.  7.]
 [12.  5.]
 [ 5.  6.]
 [ 9. 11.]
 [ 6.  6.]
 [ 5.  7.]
 [12.  5.]
 [ 5.  6.]
 [ 9. 11.]
 [ 6.  6.]
 [ 5.  6.]
 [12.  5.]
 [ 6.  7.]
 [ 9. 11.]
 [ 6.  6.]
 [ 5.  7.]
 [12.  5.]
 [ 6.  7.]
 [ 9. 11.]
 [ 6.  6.]
 [ 6.  7.]
 [12.  5.]
 [ 5.  6.]
 [ 9. 11.]
 [ 6.  6.]
 [ 5.  7.]
 [12.  5.]
 [ 5.  6.]
 [ 9. 11.]
 [ 6.  6.]
 [ 5.  6.]
 [12.  5.]
 [ 6.  7.]
 [ 9. 11.]
 [ 6.  6.]
 [ 5.  6.]
 [12.  5.]
 [ 6.  7.]
 [ 9. 11.]
 [ 6.  6.]
 [ 5.  7.]
 [12.  5.]
 [ 6.  7.]]
