Maze:
##########################
#                        #
#                        #
#                        #
#                        #
#                        #
#     ##############     #
#     #   S        #     #
#     # A          #     #
#     #            #     #
#     #            #     #
#     #            #     #
#     #     D      #     #
#     #    C       #     #
#     #  B         #     #
#     #            #     #
#     #            #     #
#     #            #     #
#     #            #     #
#     ##############     #
#                        #
#                        #
#                        #
#                        #
#                        #
##########################
[[ 4.  1.]
 [ 2.  2.]
 [ 3.  8.]
 [ 5.  7.]
 [ 6.  6.]
 [ 3.  1.]
 [ 1.  2.]
 [ 4.  8.]
 [ 5.  7.]
 [ 6.  6.]
 [ 2.  1.]
 [ 0.  2.]
 [ 5.  7.]
 [ 5.  7.]
 [ 6.  6.]
 [ 1.  1.]
 [-1.  2.]
 [ 5.  7.]
 [ 5.  7.]
 [ 6.  6.]
 [ 0.  1.]
 [-2.  2.]
 [ 5.  7.]
 [ 5.  7.]
 [ 6.  6.]
 [-1.  1.]
 [-3.  2.]
 [ 5.  7.]
 [ 5.  7.]
 [ 6.  6.]
 [-2.  1.]
 [-4.  2.]
 [ 5.  7.]
 [ 5.  7.]
 [ 6.  6.]
 [-3.  1.]
 [-5.  2.]
 [ 5.  7.]
 [ 5.  7.]
 [ 6.  6.]
 [-4.  1.]
 [-5.  2.]
 [ 5.  7.]
 [ 5.  7.]
 [ 6.  6.]
 [-5.  2.]
 [-5.  3.]
 [ 5.  7.]
 [ 5.  7.]
 [ 6.  6.]
 [-5.  3.]
 [-5.  4.]
 [ 5.  7.]
 [ 5.  7.]
 [ 6.  6.]
 [-5.  4.]
 [-5.  5.]
 [ 5.  7.]
 [ 5.  7.]
 [ 6.  6.]
 [-5.  5.]
 [-5.  6.]
 [ 5.  7.]
 [ 5.  7.]
 [ 6.  6.]
 [-5.  6.]
 [-5.  7.]
 [ 5.  7.]
 [ 5.  7.]
 [ 6.  6.]
 [-5.  7.]
 [-5.  8.]
 [ 5.  7.]
 [ 5.  7.]
 [ 6.  6.]
 [-5.  8.]
 [-5.  9.]
 [ 5.  7.]
 [ 5.  7.]
 [ 6.  6.]
 [-5.  9.]
 [-5. 10.]
 [ 5.  7.]
 [ 5.  7.]
 [ 6.  6.]
 [-5. 10.]
 [-5. 11.]
 [ 5.  7.]
 [ 5.  7.]
 [ 6.  6.]
 [-5. 11.]
 [-5. 12.]
 [ 5.  7.]
 [ 5.  7.]
 [ 6.  6.]
 [-5. 12.]
 [-5. 13.]
 [ 5.  7.]
 [ 5.  7.]
 [ 6.  6.]
 [-5. 12.]
 [-5. 13.]
 [ 5.  7.]
 [ 5.  7.]
 [ 6.  6.]
 [-5. 13.]
 [-5. 14.]
 [ 5.  7.]
 [ 5.  7.]
 [ 6.  6.]]
