Maze:
##########################
#                        #
#                        #
#                        #
#                        #
#                        #
#     ##############     #
#     #            #     #
#     #            #     #
#     #            #     #
#     #            #     #
#     #            #     #
#     #     B     S#     #
#     #      C     #     #
#     #  A         #     #
#     #            #     #
#     #            #     #
#     #    D       #     #
#     #            #     #
#     ##############     #
#                        #
#                        #
#                        #
#                        #
#                        #
##########################
[[12.  6.]
 [ 3.  8.]
 [ 6.  6.]
 [ 7.  7.]
 [ 5. 11.]
 [13.  6.]
 [ 3.  9.]
 [ 6.  6.]
 [ 8.  8.]
 [ 6. 12.]
 [13.  6.]
 [ 4. 10.]
 [ 6.  6.]
 [ 9.  9.]
 [ 6. 13.]
 [13.  6.]
 [ 5. 11.]
 [ 6.  6.]
 [10. 10.]
 [ 6. 14.]
 [13.  6.]
 [ 5. 12.]
 [ 6.  6.]
 [11. 11.]
 [ 6. 15.]
 [13.  6.]
 [ 5. 13.]
 [ 6.  6.]
 [12. 12.]
 [ 6. 16.]
 [13.  6.]
 [ 5. 14.]
 [ 6.  6.]
 [12. 13.]
 [ 6. 17.]
 [13.  6.]
 [ 5. 15.]
 [ 6.  6.]
 [12. 13.]
 [ 6. 17.]
 [13.  6.]
 [ 5. 16.]
 [ 6.  6.]
 [12. 13.]
 [ 6. 17.]
 [13.  6.]
 [ 6. 17.]
 [ 6.  6.]
 [12. 13.]
 [ 7. 17.]
 [13.  6.]
 [ 7. 17.]
 [ 6.  6.]
 [12. 13.]
 [ 8. 17.]
 [13.  6.]
 [ 8. 17.]
 [ 6.  6.]
 [12. 13.]
 [ 9. 17.]
 [13.  6.]
 [ 9. 17.]
 [ 6.  6.]
 [12. 13.]
 [10. 17.]
 [13.  6.]
 [10. 17.]
 [ 6.  6.]
 [12. 13.]
 [11. 17.]
 [13.  6.]
 [11. 17.]
 [ 6.  6.]
 [12. 13.]
 [12. 17.]
 [13.  6.]
 [12. 17.]
 [ 6.  6.]
 [13. 13.]
 [13. 17.]
 [13.  6.]
 [13. 17.]
 [ 6.  6.]
 [14. 13.]
 [14. 17.]
 [13.  6.]
 [14. 17.]
 [ 6.  6.]
 [15. 13.]
 [15. 17.]
 [13.  6.]
 [15. 17.]
 [ 6.  6.]
 [16. 13.]
 [16. 17.]
 [13.  6.]
 [16. 17.]
 [ 6.  6.]
 [17. 13.]
 [17. 17.]
 [13.  6.]
 [16. 17.]
 [ 6.  6.]
 [17. 13.]
 [17. 17.]]
