Maze:
##########################
#                        #
#                        #
#                        #
#                        #
#                        #
#     ##############     #
#     #A           #     #
#     #            #     #
#     #            #     #
#     #            #     #
#     #            #     #
#     #     B      #     #
#     #            #     #
#     #        S   #     #
#     #            #     #
#     #           D#     #
#     #         C  #     #
#     #            #     #
#     ##############     #
#                        #
#                        #
#                        #
#                        #
#                        #
##########################
[[ 9.  8.]
 [ 1.  1.]
 [ 6.  6.]
 [10. 11.]
 [12. 10.]
 [10.  8.]
 [ 1.  1.]
 [ 6.  6.]
 [11. 11.]
 [13.  9.]
 [11.  7.]
 [ 1.  1.]
 [ 6.  6.]
 [12. 11.]
 [13.  8.]
 [12.  7.]
 [ 1.  1.]
 [ 6.  6.]
 [13. 10.]
 [13.  7.]
 [13.  7.]
 [ 1.  1.]
 [ 6.  6.]
 [13.  9.]
 [12.  7.]
 [12.  7.]
 [ 1.  1.]
 [ 6.  6.]
 [13.  8.]
 [13.  7.]
 [12.  6.]
 [ 1.  1.]
 [ 6.  6.]
 [13.  7.]
 [13.  6.]
 [12.  5.]
 [ 1.  1.]
 [ 6.  6.]
 [13.  6.]
 [13.  5.]
 [12.  4.]
 [ 1.  1.]
 [ 6.  6.]
 [13.  5.]
 [13.  4.]
 [12.  3.]
 [ 1.  1.]
 [ 6.  6.]
 [13.  4.]
 [13.  3.]
 [12.  2.]
 [ 1.  1.]
 [ 6.  6.]
 [13.  3.]
 [13.  2.]
 [12.  1.]
 [ 1.  1.]
 [ 6.  6.]
 [13.  2.]
 [13.  1.]
 [12.  0.]
 [ 1.  1.]
 [ 6.  6.]
 [13.  1.]
 [13.  0.]
 [12. -1.]
 [ 1.  1.]
 [ 6.  6.]
 [13.  0.]
 [13. -1.]
 [12. -2.]
 [ 1.  1.]
 [ 6.  6.]
 [13. -1.]
 [13. -2.]
 [12. -3.]
 [ 1.  1.]
 [ 6.  6.]
 [13. -2.]
 [13. -3.]
 [12. -4.]
 [ 1.  1.]
 [ 6.  6.]
 [13. -3.]
 [13. -4.]
 [12. -5.]
 [ 1.  1.]
 [ 6.  6.]
 [13. -4.]
 [13. -5.]
 [12. -5.]
 [ 1.  1.]
 [ 6.  6.]
 [13. -4.]
 [13. -5.]]
