Maze:
##########################
#                        #
#                        #
#                        #
#                        #
#                        #
#     ##############     #
#     #            #     #
#     #            #     #
#     #            #     #
#     #   B        #     #
#     #          D #     #
#     #     C      #     #
#     #            #     #
#     #         A  #     #
#     #            #     #
#     #            #     #
#     #       S    #     #
#     #            #     #
#     ##############     #
#                        #
#                        #
#                        #
#                        #
#                        #
##########################
[[ 8. 11.]
 [10.  8.]
 [ 4.  4.]
 [ 6.  6.]
 [11.  5.]
 [ 9. 11.]
 [10.  7.]
 [ 5.  5.]
 [ 6.  6.]
 [11.  4.]
 [ 9. 11.]
 [10.  6.]
 [ 5.  5.]
 [ 6.  6.]
 [11.  3.]
 [ 9. 11.]
 [10.  5.]
 [ 5.  5.]
 [ 6.  6.]
 [11.  2.]
 [ 9. 11.]
 [10.  4.]
 [ 5.  5.]
 [ 6.  6.]
 [11.  1.]
 [ 9. 11.]
 [10.  3.]
 [ 5.  5.]
 [ 6.  6.]
 [11.  0.]
 [ 9. 11.]
 [10.  2.]
 [ 5.  5.]
 [ 6.  6.]
 [11. -1.]
 [ 9. 11.]
 [10.  1.]
 [ 5.  5.]
 [ 6.  6.]
 [11. -2.]
 [ 9. 11.]
 [10.  0.]
 [ 5.  5.]
 [ 6.  6.]
 [11. -3.]
 [ 9. 11.]
 [10. -1.]
 [ 5.  5.]
 [ 6.  6.]
 [11. -4.]
 [ 9. 11.]
 [10. -2.]
 [ 5.  5.]
 [ 6.  6.]
 [11. -5.]
 [ 9. 11.]
 [10. -3.]
 [ 5.  5.]
 [ 6.  6.]
 [11. -5.]
 [ 9. 11.]
 [10. -4.]
 [ 5.  5.]
 [ 6.  6.]
 [11. -5.]
 [ 9. 11.]
 [11. -5.]
 [ 5.  5.]
 [ 6.  6.]
 [12. -5.]
 [ 9. 11.]
 [12. -5.]
 [ 5.  5.]
 [ 6.  6.]
 [13. -5.]
 [ 9. 11.]
 [13. -5.]
 [ 5.  5.]
 [ 6.  6.]
 [14. -5.]
 [ 9. 11.]
 [14. -5.]
 [ 5.  5.]
 [ 6.  6.]
 [15. -5.]
 [ 9. 11.]
 [15. -5.]
 [ 5.  5.]
 [ 6.  6.]
 [16. -5.]
 [ 9. 11.]
 [16. -5.]
 [ 5.  5.]
 [ 6.  6.]
 [17. -5.]
 [ 9. 11.]
 [16. -5.]
 [ 5.  5.]
 [ 6.  6.]
 [17. -5.]]
