Maze:
##########################
#                        #
#                        #
#                        #
#                        #
#                        #
#     ##############     #
#     #            #     #
#     #          S #     #
#     #  C         #     #
#     #            #     #
#     #A           #     #
#     #     B      #     #
#     #            #     #
#     #            #     #
#     #        D   #     #
#     #            #     #
#     #            #     #
#     #            #     #
#     ##############     #
#                        #
#                        #
#                        #
#                        #
#                        #
##########################
[[11.  2.]
 [ 1.  5.]
 [ 6.  6.]
 [ 3.  3.]
 [ 9.  9.]
 [11.  2.]
 [ 2.  4.]
 [ 6.  6.]
 [ 3.  2.]
 [ 9.  8.]
 [11.  2.]
 [ 2.  3.]
 [ 6.  6.]
 [ 3.  1.]
 [ 8.  7.]
 [11.  2.]
 [ 2.  2.]
 [ 6.  6.]
 [ 3.  0.]
 [ 7.  7.]
 [11.  2.]
 [ 2.  1.]
 [ 6.  6.]
 [ 3. -1.]
 [ 7.  7.]
 [11.  2.]
 [ 2.  0.]
 [ 6.  6.]
 [ 3. -2.]
 [ 7.  7.]
 [11.  2.]
 [ 2. -1.]
 [ 6.  6.]
 [ 3. -3.]
 [ 7.  7.]
 [11.  2.]
 [ 2. -2.]
 [ 6.  6.]
 [ 3. -4.]
 [ 7.  7.]
 [11.  2.]
 [ 2. -3.]
 [ 6.  6.]
 [ 3. -5.]
 [ 7.  7.]
 [11.  2.]
 [ 2. -4.]
 [ 6.  6.]
 [ 3. -5.]
 [ 7.  7.]
 [11.  2.]
 [ 3. -5.]
 [ 6.  6.]
 [ 4. -5.]
 [ 7.  7.]
 [11.  2.]
 [ 4. -5.]
 [ 6.  6.]
 [ 5. -5.]
 [ 7.  7.]
 [11.  2.]
 [ 5. -5.]
 [ 6.  6.]
 [ 6. -5.]
 [ 7.  7.]
 [11.  2.]
 [ 6. -5.]
 [ 6.  6.]
 [ 7. -5.]
 [ 7.  7.]
 [11.  2.]
 [ 7. -5.]
 [ 6.  6.]
 [ 8. -5.]
 [ 7.  7.]
 [11.  2.]
 [ 8. -5.]
 [ 6.  6.]
 [ 9. -5.]
 [ 7.  7.]
 [11.  2.]
 [ 9. -5.]
 [ 6.  6.]
 [10. -5.]
 [ 7.  7.]
 [11.  2.]
 [10. -5.]
 [ 6.  6.]
 [11. -5.]
 [ 7.  7.]
 [11.  2.]
 [11. -5.]
 [ 6.  6.]
 [12. -5.]
 [ 7.  7.]
 [11.  2.]
 [12. -5.]
 [ 6.  6.]
 [13. -5.]
 [ 7.  7.]
 [11.  2.]
 [12. -5.]
 [ 6.  6.]
 [13. -5.]
 [ 7.  7.]
 [11.  2.]
 [13. -5.]
 [ 6.  6.]
 [14. -5.]
 [ 7.  7.]]
