Maze:
##########################
#                        #
#                        #
#                        #
#                        #
#                        #
#     ##############     #
#     #            #     #
#     #            #     #
#     #            #     #
#     #            #     #
#     #          D #     #
#     #   A S      #     #
#     #            #     #
#     #            #     #
#     #            #     #
#     #            #     #
#     #         C  #     #
#     #        B   #     #
#     ##############     #
#                        #
#                        #
#                        #
#                        #
#                        #
##########################
[[ 6.  6.]
 [ 4.  6.]
 [ 9. 12.]
 [10. 11.]
 [11.  5.]
 [ 6.  6.]
 [ 3.  6.]
 [10. 11.]
 [11. 10.]
 [11.  5.]
 [ 6.  6.]
 [ 2.  6.]
 [11. 10.]
 [12.  9.]
 [11.  5.]
 [ 6.  6.]
 [ 2.  6.]
 [12.  9.]
 [13.  8.]
 [11.  5.]
 [ 6.  6.]
 [ 2.  6.]
 [13.  8.]
 [14.  7.]
 [11.  5.]
 [ 6.  6.]
 [ 2.  6.]
 [14.  7.]
 [15.  6.]
 [11.  6.]
 [ 6.  6.]
 [ 2.  6.]
 [15.  6.]
 [16.  5.]
 [12.  7.]
 [ 6.  6.]
 [ 2.  6.]
 [16.  5.]
 [17.  4.]
 [13.  7.]
 [ 6.  6.]
 [ 2.  6.]
 [17.  4.]
 [17.  3.]
 [14.  6.]
 [ 6.  6.]
 [ 2.  6.]
 [17.  3.]
 [17.  2.]
 [15.  6.]
 [ 6.  6.]
 [ 2.  6.]
 [17.  2.]
 [17.  1.]
 [16.  5.]
 [ 6.  6.]
 [ 2.  6.]
 [17.  1.]
 [17.  0.]
 [16.  4.]
 [ 6.  6.]
 [ 2.  6.]
 [17.  0.]
 [17. -1.]
 [16.  3.]
 [ 6.  6.]
 [ 2.  6.]
 [17. -1.]
 [17. -2.]
 [16.  2.]
 [ 6.  6.]
 [ 2.  6.]
 [17. -2.]
 [17. -3.]
 [16.  1.]
 [ 6.  6.]
 [ 2.  6.]
 [17. -3.]
 [17. -4.]
 [16.  0.]
 [ 6.  6.]
 [ 2.  6.]
 [17. -4.]
 [17. -5.]
 [16. -1.]
 [ 6.  6.]
 [ 2.  6.]
 [17. -4.]
 [17. -5.]
 [16. -2.]
 [ 6.  6.]
 [ 2.  6.]
 [17. -4.]
 [17. -5.]
 [17. -3.]
 [ 6.  6.]
 [ 2.  6.]
 [17. -4.]
 [17. -5.]
 [17. -3.]]
