Maze:
##########################
#                        #
#                        #
#                        #
#                        #
#                        #
#     ##############     #
#     #            #     #
#     #  S         #     #
#     #            #     #
#     #            #     #
#     #            #     #
#     #     B      #     #
#     #            #     #
#     #            #     #
#     #    C       #     #
#     #A           #     #
#     #          D #     #
#     #            #     #
#     ##############     #
#                        #
#                        #
#                        #
#                        #
#                        #
##########################
[[ 3.  2.]
 [ 1. 10.]
 [ 6.  6.]
 [ 5.  9.]
 [11. 11.]
 [ 3.  2.]
 [ 2. 10.]
 [ 6.  6.]
 [ 5. 10.]
 [11. 11.]
 [ 3.  2.]
 [ 3. 10.]
 [ 6.  6.]
 [ 6. 11.]
 [11. 11.]
 [ 3.  2.]
 [ 4. 11.]
 [ 6.  6.]
 [ 7. 12.]
 [11. 11.]
 [ 3.  2.]
 [ 5. 12.]
 [ 6.  6.]
 [ 8. 12.]
 [12. 11.]
 [ 3.  2.]
 [ 6. 12.]
 [ 6.  6.]
 [ 9. 12.]
 [13. 11.]
 [ 3.  2.]
 [ 7. 12.]
 [ 6.  6.]
 [10. 12.]
 [14. 11.]
 [ 3.  2.]
 [ 8. 12.]
 [ 6.  6.]
 [11. 12.]
 [15. 11.]
 [ 3.  2.]
 [ 9. 12.]
 [ 6.  6.]
 [12. 12.]
 [16. 11.]
 [ 3.  2.]
 [10. 12.]
 [ 6.  6.]
 [13. 12.]
 [17. 11.]
 [ 3.  2.]
 [11. 12.]
 [ 6.  6.]
 [14. 12.]
 [17. 11.]
 [ 3.  2.]
 [12. 12.]
 [ 6.  6.]
 [15. 12.]
 [17. 11.]
 [ 3.  2.]
 [13. 12.]
 [ 6.  6.]
 [16. 12.]
 [17. 11.]
 [ 3.  2.]
 [14. 12.]
 [ 6.  6.]
 [17. 11.]
 [17. 10.]
 [ 3.  2.]
 [15. 12.]
 [ 6.  6.]
 [17. 10.]
 [17.  9.]
 [ 3.  2.]
 [16. 11.]
 [ 6.  6.]
 [17.  9.]
 [17.  8.]
 [ 3.  2.]
 [16. 10.]
 [ 6.  6.]
 [17.  8.]
 [17.  7.]
 [ 3.  2.]
 [16.  9.]
 [ 6.  6.]
 [17.  7.]
 [17.  6.]
 [ 3.  2.]
 [16.  8.]
 [ 6.  6.]
 [17.  6.]
 [17.  5.]
 [ 3.  2.]
 [16.  7.]
 [ 6.  6.]
 [17.  5.]
 [17.  4.]
 [ 3.  2.]
 [16.  7.]
 [ 6.  6.]
 [17.  5.]
 [17.  4.]
 [ 3.  2.]
 [16.  6.]
 [ 6.  6.]
 [17.  4.]
 [17.  3.]]
