Maze:
##########################
#                        #
#                        #
#                        #
#                        #
#                        #
#     ##############     #
#     #          D #     #
#     #    C       #     #
#     #            #     #
#     #            #     #
#     #      B     #     #
#     #     A      #     #
#     #         S  #     #
#     #            #     #
#     #            #     #
#     #            #     #
#     #            #     #
#     #            #     #
#     ##############     #
#                        #
#                        #
#                        #
#                        #
#                        #
##########################
[[10.  7.]
 [ 6.  6.]
 [ 7.  5.]
 [ 5.  2.]
 [11.  1.]
 [10.  7.]
 [ 6.  6.]
 [ 6.  4.]
 [ 5.  1.]
 [11.  1.]
 [10.  7.]
 [ 6.  6.]
 [ 6.  3.]
 [ 5.  0.]
 [11.  1.]
 [10.  7.]
 [ 6.  6.]
 [ 6.  2.]
 [ 5. -1.]
 [11.  1.]
 [10.  7.]
 [ 6.  6.]
 [ 6.  1.]
 [ 5. -2.]
 [11.  1.]
 [10.  7.]
 [ 6.  6.]
 [ 6.  0.]
 [ 5. -3.]
 [11.  1.]
 [10.  7.]
 [ 6.  6.]
 [ 6. -1.]
 [ 5. -4.]
 [11.  1.]
 [ 9.  7.]
 [ 6.  6.]
 [ 6. -2.]
 [ 5. -5.]
 [11.  1.]
 [ 8.  7.]
 [ 6.  6.]
 [ 6. -3.]
 [ 5. -5.]
 [11.  1.]
 [ 7.  7.]
 [ 6.  6.]
 [ 6. -4.]
 [ 5. -5.]
 [11.  1.]
 [ 7.  7.]
 [ 6.  6.]
 [ 5. -5.]
 [ 4. -5.]
 [11.  1.]
 [ 7.  7.]
 [ 6.  6.]
 [ 4. -5.]
 [ 3. -5.]
 [11.  1.]
 [ 7.  7.]
 [ 6.  6.]
 [ 3. -5.]
 [ 2. -5.]
 [11.  1.]
 [ 7.  7.]
 [ 6.  6.]
 [ 2. -5.]
 [ 1. -5.]
 [11.  1.]
 [ 7.  7.]
 [ 6.  6.]
 [ 1. -5.]
 [ 0. -5.]
 [11.  1.]
 [ 7.  7.]
 [ 6.  6.]
 [ 0. -5.]
 [-1. -5.]
 [11.  1.]
 [ 7.  7.]
 [ 6.  6.]
 [-1. -5.]
 [-2. -5.]
 [11.  1.]
 [ 7.  7.]
 [ 6.  6.]
 [-2. -5.]
 [-3. -5.]
 [11.  1.]
 [ 7.  7.]
 [ 6.  6.]
 [-3. -5.]
 [-4. -5.]
 [11.  1.]
 [ 7.  7.]
 [ 6.  6.]
 [-4. -5.]
 [-5. -5.]
 [11.  1.]
 [ 7.  7.]
 [ 6.  6.]
 [-4. -5.]
 [-5. -5.]
 [11.  1.]]
