Maze:
##########################
#                        #
#                        #
#                        #
#                        #
#                        #
#     ##############     #
#     #            #     #
#     #       A    #     #
#     #            #     #
#     #  C         #     #
#     #            #     #
#     #     S   B  #     #
#     #            #     #
#     #     D      #     #
#     #            #     #
#     #            #     #
#     #            #     #
#     #            #     #
#     ##############     #
#                        #
#                        #
#                        #
#                        #
#                        #
##########################
[[ 6.  6.]
 [ 8.  2.]
 [10.  6.]
 [ 3.  4.]
 [ 6.  8.]
 [ 6.  6.]
 [ 7.  2.]
 [ 9.  6.]
 [ 2.  4.]
 [ 7.  7.]
 [ 6.  6.]
 [ 6.  2.]
 [ 8.  6.]
 [ 1.  4.]
 [ 7.  6.]
 [ 6.  6.]
 [ 5.  2.]
 [ 7.  6.]
 [ 0.  4.]
 [ 8.  6.]
 [ 6.  6.]
 [ 4.  2.]
 [ 8.  6.]
 [-1.  4.]
 [ 7.  6.]
 [ 6.  6.]
 [ 3.  2.]
 [ 7.  6.]
 [-2.  4.]
 [ 8.  6.]
 [ 6.  6.]
 [ 2.  2.]
 [ 8.  6.]
 [-3.  4.]
 [ 7.  6.]
 [ 6.  6.]
 [ 1.  2.]
 [ 7.  6.]
 [-4.  4.]
 [ 8.  6.]
 [ 6.  6.]
 [ 0.  2.]
 [ 8.  6.]
 [-5.  4.]
 [ 7.  6.]
 [ 6.  6.]
 [-1.  2.]
 [ 7.  6.]
 [-5.  4.]
 [ 8.  6.]
 [ 6.  6.]
 [-2.  2.]
 [ 8.  6.]
 [-5.  4.]
 [ 7.  6.]
 [ 6.  6.]
 [-3.  3.]
 [ 7.  6.]
 [-5.  5.]
 [ 8.  6.]
 [ 6.  6.]
 [-4.  4.]
 [ 8.  6.]
 [-5.  6.]
 [ 7.  6.]
 [ 6.  6.]
 [-4.  5.]
 [ 7.  6.]
 [-5.  7.]
 [ 8.  6.]
 [ 6.  6.]
 [-4.  6.]
 [ 8.  6.]
 [-5.  8.]
 [ 7.  6.]
 [ 6.  6.]
 [-4.  7.]
 [ 7.  6.]
 [-5.  9.]
 [ 8.  6.]
 [ 6.  6.]
 [-4.  8.]
 [ 8.  6.]
 [-5. 10.]
 [ 7.  6.]
 [ 6.  6.]
 [-4.  9.]
 [ 7.  6.]
 [-5. 11.]
 [ 8.  6.]
 [ 6.  6.]
 [-4. 10.]
 [ 8.  6.]
 [-5. 12.]
 [ 7.  6.]
 [ 6.  6.]
 [-4. 11.]
 [ 7.  6.]
 [-5. 13.]
 [ 8.  6.]
 [ 6.  6.]
 [-4. 11.]
 [ 7.  6.]
 [-5. 13.]
 [ 8.  6.]
 [ 6.  6.]
 [-4. 12.]
 [ 8.  6.]
 [-5. 14.]
 [ 7.  6.]]
