Maze:
##########################
#                        #
#                        #
#                        #
#                        #
#                        #
#     ##############     #
#     #            #     #
#     #            #     #
#     #            #     #
#     #            #     #
#     #            #     #
#     #     C  B   #     #
#     #  S         #     #
#     #      D     #     #
#     #   A        #     #
#     #            #     #
#     #            #     #
#     #            #     #
#     ##############     #
#                        #
#                        #
#                        #
#                        #
#                        #
##########################
[[ 3.  7.]
 [ 4.  9.]
 [ 9.  6.]
 [ 6.  6.]
 [ 7.  8.]
 [ 3.  8.]
 [ 5.  9.]
 [ 8.  6.]
 [ 6.  6.]
 [ 8.  8.]
 [ 4.  9.]
 [ 6.  9.]
 [ 7.  7.]
 [ 6.  6.]
 [ 9.  7.]
 [ 5. 10.]
 [ 7.  9.]
 [ 7.  6.]
 [ 6.  6.]
 [ 8.  7.]
 [ 6. 10.]
 [ 8.  8.]
 [ 7.  6.]
 [ 6.  6.]
 [ 8.  6.]
 [ 7. 10.]
 [ 8.  7.]
 [ 7.  6.]
 [ 6.  6.]
 [ 8.  6.]
 [ 8. 10.]
 [ 8.  6.]
 [ 7.  6.]
 [ 6.  6.]
 [ 7.  5.]
 [ 8. 10.]
 [ 9.  5.]
 [ 6.  5.]
 [ 6.  6.]
 [ 7.  6.]
 [ 8. 10.]
 [ 8.  6.]
 [ 6.  5.]
 [ 6.  6.]
 [ 7.  5.]
 [ 8. 10.]
 [ 7.  5.]
 [ 7.  6.]
 [ 6.  6.]
 [ 6.  5.]
 [ 8. 11.]
 [ 6.  5.]
 [ 7.  6.]
 [ 6.  6.]
 [ 5.  5.]
 [ 8. 11.]
 [ 5.  5.]
 [ 7.  6.]
 [ 6.  6.]
 [ 4.  5.]
 [ 8. 12.]
 [ 4.  5.]
 [ 7.  6.]
 [ 6.  6.]
 [ 3.  5.]
 [ 8. 12.]
 [ 3.  5.]
 [ 7.  6.]
 [ 6.  6.]
 [ 2.  5.]
 [ 8. 12.]
 [ 2.  5.]
 [ 7.  6.]
 [ 6.  6.]
 [ 1.  5.]
 [ 8. 12.]
 [ 1.  5.]
 [ 7.  6.]
 [ 6.  6.]
 [ 0.  5.]
 [ 8. 12.]
 [ 0.  5.]
 [ 7.  6.]
 [ 6.  6.]
 [-1.  5.]
 [ 8. 13.]
 [-1.  5.]
 [ 7.  6.]
 [ 6.  6.]
 [-2.  5.]
 [ 8. 13.]
 [-2.  5.]
 [ 7.  6.]
 [ 6.  6.]
 [-3.  5.]
 [ 8. 13.]
 [-3.  5.]
 [ 7.  6.]
 [ 6.  6.]
 [-4.  5.]
 [ 8. 13.]
 [-3.  5.]
 [ 7.  6.]
 [ 6.  6.]
 [-4.  5.]
 [ 8. 13.]
 [-4.  5.]
 [ 7.  6.]
 [ 6.  6.]
 [-5.  5.]]
