Maze:
##########################
#                        #
#                        #
#                        #
#                        #
#                        #
#     ##############     #
#     #            #     #
#     #            #     #
#     #            #     #
#     #        D   #     #
#     #            #     #
#     #  C  A      #     #
#     #            #     #
#     #   S        #     #
#     #            #     #
#     #B           #     #
#     #            #     #
#     #            #     #
#     ##############     #
#                        #
#                        #
#                        #
#                        #
#                        #
##########################
[[ 4.  8.]
 [ 6.  6.]
 [ 1. 10.]
 [ 3.  6.]
 [ 9.  4.]
 [ 5.  8.]
 [ 6.  6.]
 [ 1.  9.]
 [ 2.  5.]
 [10.  4.]
 [ 6.  7.]
 [ 6.  6.]
 [ 1.  8.]
 [ 2.  4.]
 [11.  4.]
 [ 6.  7.]
 [ 6.  6.]
 [ 1.  7.]
 [ 2.  3.]
 [11.  4.]
 [ 6.  7.]
 [ 6.  6.]
 [ 1.  6.]
 [ 2.  2.]
 [11.  4.]
 [ 6.  7.]
 [ 6.  6.]
 [ 1.  5.]
 [ 2.  1.]
 [11.  4.]
 [ 6.  7.]
 [ 6.  6.]
 [ 1.  4.]
 [ 2.  0.]
 [11.  4.]
 [ 6.  7.]
 [ 6.  6.]
 [ 1.  3.]
 [ 2. -1.]
 [11.  4.]
 [ 6.  7.]
 [ 6.  6.]
 [ 1.  2.]
 [ 2. -2.]
 [11.  4.]
 [ 6.  7.]
 [ 6.  6.]
 [ 1.  1.]
 [ 2. -3.]
 [11.  4.]
 [ 6.  7.]
 [ 6.  6.]
 [ 1.  0.]
 [ 2. -4.]
 [11.  4.]
 [ 6.  7.]
 [ 6.  6.]
 [ 1. -1.]
 [ 2. -5.]
 [11.  4.]
 [ 6.  7.]
 [ 6.  6.]
 [ 1. -2.]
 [ 2. -5.]
 [11.  4.]
 [ 6.  7.]
 [ 6.  6.]
 [ 1. -3.]
 [ 2. -5.]
 [11.  4.]
 [ 6.  7.]
 [ 6.  6.]
 [ 1. -4.]
 [ 2. -5.]
 [11.  4.]
 [ 6.  7.]
 [ 6.  6.]
 [ 2. -5.]
 [ 3. -5.]
 [11.  4.]
 [ 6.  7.]
 [ 6.  6.]
 [ 3. -5.]
 [ 4. -5.]
 [11.  4.]
 [ 6.  7.]
 [ 6.  6.]
 [ 4. -5.]
 [ 5. -5.]
 [11.  4.]
 [ 6.  7.]
 [ 6.  6.]
 [ 5. -5.]
 [ 6. -5.]
 [11.  4.]
 [ 6.  7.]
 [ 6.  6.]
 [ 6. -5.]
 [ 7. -5.]
 [11.  4.]
 [ 6.  7.]
 [ 6.  6.]
 [ 6. -5.]
 [ 7. -5.]
 [11.  4.]
 [ 6.  7.]
 [ 6.  6.]
 [ 7. -5.]
 [ 8. -5.]
 [11.  4.]]
