Maze:
##########################
#                        #
#                        #
#                        #
#                        #
#                        #
#     ##############     #
#     #            #     #
#     #            #     #
#     #      A     #     #
#     #     C      #     #
#     #            #     #
#     #     D      #     #
#     #            #     #
#     #    B       #     #
#     #            #     #
#     #            #     #
#     #S           #     #
#     #            #     #
#     ##############     #
#                        #
#                        #
#                        #
#                        #
#                        #
##########################
[[ 1. 11.]
 [ 7.  3.]
 [ 5.  8.]
 [ 6.  4.]
 [ 6.  6.]
 [ 1. 11.]
 [ 8.  2.]
 [ 4.  9.]
 [ 5.  4.]
 [ 6.  6.]
 [ 1. 11.]
 [ 9.  2.]
 [ 3. 10.]
 [ 4.  4.]
 [ 6.  6.]
 [ 1. 11.]
 [ 9.  2.]
 [ 2. 10.]
 [ 3.  4.]
 [ 6.  6.]
 [ 1. 11.]
 [ 9.  2.]
 [ 2. 10.]
 [ 2.  4.]
 [ 6.  6.]
 [ 2. 11.]
 [ 9.  2.]
 [ 1. 11.]
 [ 1.  5.]
 [ 6.  6.]
 [ 1. 11.]
 [ 9.  2.]
 [ 2. 11.]
 [ 0.  6.]
 [ 6.  6.]
 [ 2. 11.]
 [ 9.  2.]
 [ 1. 11.]
 [ 0.  7.]
 [ 6.  6.]
 [ 2. 12.]
 [ 9.  2.]
 [ 2. 11.]
 [ 0.  8.]
 [ 6.  6.]
 [ 3. 12.]
 [ 9.  2.]
 [ 2. 12.]
 [ 0.  9.]
 [ 6.  6.]
 [ 3. 13.]
 [ 9.  2.]
 [ 3. 12.]
 [ 0. 10.]
 [ 6.  6.]
 [ 4. 13.]
 [ 9.  2.]
 [ 3. 13.]
 [ 1. 11.]
 [ 6.  6.]
 [ 5. 14.]
 [ 9.  2.]
 [ 4. 13.]
 [ 2. 12.]
 [ 6.  6.]
 [ 6. 14.]
 [ 9.  2.]
 [ 5. 14.]
 [ 3. 13.]
 [ 6.  6.]
 [ 7. 14.]
 [ 9.  2.]
 [ 6. 14.]
 [ 4. 13.]
 [ 6.  6.]
 [ 8. 14.]
 [ 9.  2.]
 [ 7. 14.]
 [ 5. 13.]
 [ 6.  6.]
 [ 9. 14.]
 [ 9.  2.]
 [ 8. 14.]
 [ 6. 13.]
 [ 6.  6.]
 [10. 14.]
 [ 9.  2.]
 [ 9. 14.]
 [ 7. 13.]
 [ 6.  6.]
 [11. 14.]
 [ 9.  2.]
 [10. 14.]
 [ 8. 13.]
 [ 6.  6.]
 [12. 14.]
 [ 9.  2.]
 [11. 14.]
 [ 9. 13.]
 [ 6.  6.]
 [12. 14.]
 [ 9.  2.]
 [11. 14.]
 [ 9. 13.]
 [ 6.  6.]
 [13. 14.]
 [ 9.  2.]
 [12. 14.]
 [10. 13.]
 [ 6.  6.]]
