Maze:
##########################
#                        #
#                        #
#                        #
#                        #
#                        #
#     ##############     #
#     #            #     #
#     # D          #     #
#     #            #     #
#     #S           #     #
#     #            #     #
#     #     C   B  #     #
#     #            #     #
#     #            #     #
#     #            #     #
#     #   A        #     #
#     #            #     #
#     #            #     #
#     ##############     #
#                        #
#                        #
#                        #
#                        #
#                        #
##########################
[[ 1.  4.]
 [ 4. 10.]
 [10.  6.]
 [ 6.  6.]
 [ 2.  2.]
 [ 1.  3.]
 [ 3. 10.]
 [10.  6.]
 [ 6.  6.]
 [ 2.  1.]
 [ 1.  2.]
 [ 2. 10.]
 [10.  6.]
 [ 6.  6.]
 [ 2.  0.]
 [ 1.  1.]
 [ 1. 10.]
 [10.  6.]
 [ 6.  6.]
 [ 2. -1.]
 [ 1.  0.]
 [ 1. 10.]
 [10.  6.]
 [ 6.  6.]
 [ 2. -2.]
 [ 1. -1.]
 [ 1. 10.]
 [10.  6.]
 [ 6.  6.]
 [ 2. -3.]
 [ 1. -2.]
 [ 1. 10.]
 [10.  6.]
 [ 6.  6.]
 [ 2. -4.]
 [ 1. -3.]
 [ 1. 10.]
 [10.  6.]
 [ 6.  6.]
 [ 2. -5.]
 [ 1. -4.]
 [ 1. 10.]
 [10.  6.]
 [ 6.  6.]
 [ 2. -5.]
 [ 2. -5.]
 [ 1. 10.]
 [10.  6.]
 [ 6.  6.]
 [ 3. -5.]
 [ 3. -5.]
 [ 1. 10.]
 [10.  6.]
 [ 6.  6.]
 [ 4. -5.]
 [ 4. -5.]
 [ 1. 10.]
 [10.  6.]
 [ 6.  6.]
 [ 5. -5.]
 [ 5. -5.]
 [ 1. 10.]
 [10.  6.]
 [ 6.  6.]
 [ 6. -5.]
 [ 6. -5.]
 [ 1. 10.]
 [10.  6.]
 [ 6.  6.]
 [ 7. -5.]
 [ 7. -5.]
 [ 1. 10.]
 [10.  6.]
 [ 6.  6.]
 [ 8. -5.]
 [ 8. -5.]
 [ 1. 10.]
 [10.  6.]
 [ 6.  6.]
 [ 9. -5.]
 [ 9. -5.]
 [ 1. 10.]
 [10.  6.]
 [ 6.  6.]
 [10. -5.]
 [10. -5.]
 [ 1. 10.]
 [10.  6.]
 [ 6.  6.]
 [11. -5.]
 [11. -5.]
 [ 1. 10.]
 [10.  6.]
 [ 6.  6.]
 [12. -5.]
 [12. -5.]
 [ 1. 10.]
 [10.  6.]
 [ 6.  6.]
 [13. -5.]
 [12. -5.]
 [ 1. 10.]
 [10.  6.]
 [ 6.  6.]
 [13. -5.]
 [13. -5.]
 [ 1. 10.]
 [10.  6.]
 [ 6.  6.]
 [14. -5.]]
