Maze:
##########################
#                        #
#                        #
#                        #
#                        #
#                        #
#     ##############     #
#     #            #     #
#     #            #     #
#     #            #     #
#     #    B       #     #
#     #  C         #     #
#     #     A      #     #
#     #        S   #     #
#     #            #     #
#     #            #     #
#     #            #     #
#     #            #     #
#     #       D    #     #
#     ##############     #
#                        #
#                        #
#                        #
#                        #
#                        #
##########################
[[ 9.  7.]
 [ 6.  6.]
 [ 5.  4.]
 [ 3.  5.]
 [ 8. 12.]
 [ 8.  7.]
 [ 6.  6.]
 [ 5.  3.]
 [ 4.  4.]
 [ 8. 13.]
 [ 7.  7.]
 [ 6.  6.]
 [ 5.  3.]
 [ 4.  4.]
 [ 8. 14.]
 [ 7.  7.]
 [ 6.  6.]
 [ 5.  4.]
 [ 5.  3.]
 [ 8. 15.]
 [ 7.  7.]
 [ 6.  6.]
 [ 6.  5.]
 [ 5.  4.]
 [ 8. 15.]
 [ 7.  7.]
 [ 6.  6.]
 [ 7.  4.]
 [ 6.  5.]
 [ 8. 16.]
 [ 6.  7.]
 [ 6.  6.]
 [ 7.  5.]
 [ 6.  4.]
 [ 8. 16.]
 [ 6.  7.]
 [ 6.  6.]
 [ 7.  6.]
 [ 7.  5.]
 [ 8. 16.]
 [ 6.  7.]
 [ 6.  6.]
 [ 7.  7.]
 [ 7.  6.]
 [ 8. 16.]
 [ 5.  7.]
 [ 6.  6.]
 [ 6.  7.]
 [ 7.  7.]
 [ 8. 17.]
 [ 5.  6.]
 [ 6.  6.]
 [ 5.  7.]
 [ 6.  7.]
 [ 8. 17.]
 [ 5.  5.]
 [ 6.  6.]
 [ 5.  6.]
 [ 5.  7.]
 [ 8. 17.]
 [ 6.  5.]
 [ 6.  6.]
 [ 5.  5.]
 [ 5.  6.]
 [ 8. 17.]
 [ 7.  5.]
 [ 6.  6.]
 [ 6.  5.]
 [ 5.  5.]
 [ 8. 17.]
 [ 7.  6.]
 [ 6.  6.]
 [ 7.  5.]
 [ 6.  5.]
 [ 8. 17.]
 [ 7.  7.]
 [ 6.  6.]
 [ 7.  6.]
 [ 7.  5.]
 [ 8. 17.]
 [ 6.  7.]
 [ 6.  6.]
 [ 7.  7.]
 [ 7.  6.]
 [ 8. 17.]
 [ 5.  7.]
 [ 6.  6.]
 [ 6.  7.]
 [ 7.  7.]
 [ 8. 17.]
 [ 5.  6.]
 [ 6.  6.]
 [ 5.  7.]
 [ 6.  7.]
 [ 8. 17.]
 [ 5.  5.]
 [ 6.  6.]
 [ 5.  6.]
 [ 5.  7.]
 [ 8. 17.]
 [ 5.  5.]
 [ 6.  6.]
 [ 5.  6.]
 [ 5.  7.]
 [ 8. 17.]
 [ 6.  5.]
 [ 6.  6.]
 [ 5.  5.]
 [ 5.  6.]
 [ 8. 17.]]
