Maze:
##########################
#                        #
#                        #
#                        #
#                        #
#                        #
#     ##############     #
#     #      C     #     #
#     #            #     #
#     #          S #     #
#     #            #     #
#     #            #     #
#     #     D   B  #     #
#     #            #     #
#     #            #     #
#     #            #     #
#     #            #     #
#     #  A         #     #
#     #            #     #
#     ##############     #
#                        #
#                        #
#                        #
#                        #
#                        #
##########################
[[11.  3.]
 [ 3. 11.]
 [10.  6.]
 [ 7.  1.]
 [ 6.  6.]
 [12.  4.]
 [ 3. 11.]
 [10.  5.]
 [ 8.  1.]
 [ 6.  6.]
 [12.  5.]
 [ 3. 11.]
 [11.  5.]
 [ 9.  2.]
 [ 6.  6.]
 [12.  6.]
 [ 3. 11.]
 [12.  5.]
 [10.  3.]
 [ 6.  6.]
 [13.  7.]
 [ 3. 11.]
 [12.  6.]
 [11.  4.]
 [ 6.  6.]
 [13.  8.]
 [ 3. 11.]
 [13.  7.]
 [12.  5.]
 [ 6.  6.]
 [13.  9.]
 [ 3. 11.]
 [13.  8.]
 [12.  6.]
 [ 6.  6.]
 [13. 10.]
 [ 3. 11.]
 [13.  9.]
 [12.  7.]
 [ 6.  6.]
 [13. 11.]
 [ 3. 11.]
 [13. 10.]
 [12.  8.]
 [ 6.  6.]
 [13. 12.]
 [ 3. 11.]
 [13. 11.]
 [12.  9.]
 [ 6.  6.]
 [13. 13.]
 [ 3. 11.]
 [13. 12.]
 [12. 10.]
 [ 6.  6.]
 [13. 14.]
 [ 3. 11.]
 [13. 13.]
 [12. 11.]
 [ 6.  6.]
 [13. 15.]
 [ 3. 11.]
 [13. 14.]
 [12. 12.]
 [ 6.  6.]
 [13. 16.]
 [ 3. 11.]
 [13. 15.]
 [12. 13.]
 [ 6.  6.]
 [13. 17.]
 [ 3. 11.]
 [13. 16.]
 [12. 14.]
 [ 6.  6.]
 [13. 17.]
 [ 3. 11.]
 [13. 16.]
 [12. 15.]
 [ 6.  6.]
 [14. 17.]
 [ 3. 11.]
 [13. 17.]
 [13. 16.]
 [ 6.  6.]
 [15. 17.]
 [ 3. 11.]
 [14. 17.]
 [13. 17.]
 [ 6.  6.]
 [16. 17.]
 [ 3. 11.]
 [15. 17.]
 [14. 17.]
 [ 6.  6.]
 [17. 17.]
 [ 3. 11.]
 [16. 17.]
 [15. 17.]
 [ 6.  6.]
 [17. 17.]
 [ 3. 11.]
 [16. 17.]
 [15. 17.]
 [ 6.  6.]]
