Maze:
##########################
#                        #
#                        #
#                        #
#                        #
#                        #
#     ##############     #
#     #            #     #
#     #            #     #
#     #     S      #     #
#     #           C#     #
#     #            #     #
#     #     B      #     #
#     #            #     #
#     #            #     #
#     #            #     #
#     #         A  #     #
#     #      D     #     #
#     #            #     #
#     ##############     #
#                        #
#                        #
#                        #
#                        #
#                        #
##########################
[[ 6.  3.]
 [10. 10.]
 [ 6.  6.]
 [12.  4.]
 [ 7. 11.]
 [ 6.  2.]
 [11. 10.]
 [ 6.  6.]
 [11.  5.]
 [ 8. 11.]
 [ 6.  1.]
 [12. 10.]
 [ 6.  6.]
 [10.  6.]
 [ 9. 11.]
 [ 6.  0.]
 [13. 10.]
 [ 6.  6.]
 [10.  7.]
 [10. 11.]
 [ 6. -1.]
 [14. 10.]
 [ 6.  6.]
 [10.  8.]
 [11. 11.]
 [ 6. -2.]
 [15. 10.]
 [ 6.  6.]
 [10.  9.]
 [12. 11.]
 [ 6. -2.]
 [16. 10.]
 [ 6.  6.]
 [11. 10.]
 [13. 11.]
 [ 6. -2.]
 [17. 10.]
 [ 6.  6.]
 [12. 10.]
 [14. 11.]
 [ 6. -2.]
 [17. 10.]
 [ 6.  6.]
 [13. 10.]
 [15. 11.]
 [ 6. -2.]
 [17. 10.]
 [ 6.  6.]
 [14. 10.]
 [16. 11.]
 [ 6. -2.]
 [17.  9.]
 [ 6.  6.]
 [15. 10.]
 [17. 10.]
 [ 6. -2.]
 [17.  8.]
 [ 6.  6.]
 [16. 10.]
 [17.  9.]
 [ 6. -2.]
 [17.  7.]
 [ 6.  6.]
 [17.  9.]
 [17.  8.]
 [ 6. -2.]
 [17.  6.]
 [ 6.  6.]
 [17.  8.]
 [17.  7.]
 [ 6. -2.]
 [17.  5.]
 [ 6.  6.]
 [17.  7.]
 [17.  6.]
 [ 6. -2.]
 [17.  4.]
 [ 6.  6.]
 [17.  6.]
 [17.  5.]
 [ 6. -2.]
 [17.  3.]
 [ 6.  6.]
 [17.  5.]
 [17.  4.]
 [ 6. -2.]
 [17.  2.]
 [ 6.  6.]
 [17.  4.]
 [17.  3.]
 [ 6. -2.]
 [17.  1.]
 [ 6.  6.]
 [17.  3.]
 [17.  2.]
 [ 6. -2.]
 [17.  0.]
 [ 6.  6.]
 [17.  2.]
 [17.  1.]
 [ 6. -2.]
 [17.  0.]
 [ 6.  6.]
 [17.  2.]
 [17.  1.]
 [ 6. -2.]
 [17. -1.]
 [ 6.  6.]
 [17.  1.]
 [17.  0.]]
