Maze:
##########################
#                        #
#                        #
#                        #
#                        #
#                        #
#     ##############     #
#     #            #     #
#     #            #     #
#     #    A       #     #
#     #         D  #     #
#     #            #     #
#     #     S      #     #
#     #            #     #
#     #B           #     #
#     #            #     #
#     # C          #     #
#     #            #     #
#     #            #     #
#     ##############     #
#                        #
#                        #
#                        #
#                        #
#                        #
##########################
[[ 6.  6.]
 [ 5.  3.]
 [ 1.  8.]
 [ 2. 10.]
 [10.  4.]
 [ 6.  6.]
 [ 5.  2.]
 [ 1.  7.]
 [ 2.  9.]
 [ 9.  4.]
 [ 6.  6.]
 [ 5.  1.]
 [ 1.  6.]
 [ 2.  8.]
 [ 8.  3.]
 [ 6.  6.]
 [ 5.  0.]
 [ 1.  5.]
 [ 3.  7.]
 [ 7.  2.]
 [ 6.  6.]
 [ 5. -1.]
 [ 0.  4.]
 [ 4.  6.]
 [ 6.  1.]
 [ 6.  6.]
 [ 5. -2.]
 [ 0.  4.]
 [ 5.  6.]
 [ 6.  0.]
 [ 6.  6.]
 [ 5. -3.]
 [ 0.  4.]
 [ 5.  6.]
 [ 6. -1.]
 [ 6.  6.]
 [ 5. -4.]
 [ 0.  4.]
 [ 5.  6.]
 [ 6. -2.]
 [ 6.  6.]
 [ 5. -5.]
 [ 0.  4.]
 [ 5.  6.]
 [ 6. -3.]
 [ 6.  6.]
 [ 5. -5.]
 [ 0.  4.]
 [ 5.  6.]
 [ 6. -4.]
 [ 6.  6.]
 [ 4. -5.]
 [ 0.  4.]
 [ 5.  6.]
 [ 5. -5.]
 [ 6.  6.]
 [ 3. -5.]
 [ 0.  4.]
 [ 5.  6.]
 [ 4. -5.]
 [ 6.  6.]
 [ 2. -5.]
 [ 0.  4.]
 [ 5.  6.]
 [ 3. -5.]
 [ 6.  6.]
 [ 1. -5.]
 [ 0.  4.]
 [ 5.  6.]
 [ 2. -5.]
 [ 6.  6.]
 [ 0. -5.]
 [ 0.  4.]
 [ 5.  6.]
 [ 1. -5.]
 [ 6.  6.]
 [-1. -5.]
 [ 0.  4.]
 [ 5.  6.]
 [ 0. -5.]
 [ 6.  6.]
 [-2. -5.]
 [ 0.  4.]
 [ 5.  6.]
 [-1. -5.]
 [ 6.  6.]
 [-3. -5.]
 [ 0.  4.]
 [ 5.  6.]
 [-2. -5.]
 [ 6.  6.]
 [-4. -5.]
 [-1.  4.]
 [ 5.  6.]
 [-3. -5.]
 [ 6.  6.]
 [-5. -5.]
 [-1.  4.]
 [ 5.  6.]
 [-4. -5.]
 [ 6.  6.]
 [-5. -5.]
 [-1.  4.]
 [ 5.  6.]
 [-4. -5.]]
