Maze:
##########################
#                        #
#                        #
#                        #
#                        #
#                        #
#     ##############     #
#     #         C  #     #
#     #            #     #
#     #            #     #
#     #            #     #
#     #  A         #     #
#     #     S      #     #
#     #            #     #
#     #            #     #
#     #    B       #     #
#     #            #     #
#     #           D#     #
#     #            #     #
#     ##############     #
#                        #
#                        #
#                        #
#                        #
#                        #
##########################
[[ 6.  6.]
 [ 3.  5.]
 [ 5.  9.]
 [10.  1.]
 [12. 11.]
 [ 6.  6.]
 [ 2.  5.]
 [ 4.  9.]
 [ 9.  2.]
 [12. 11.]
 [ 6.  6.]
 [ 1.  5.]
 [ 3.  9.]
 [ 8.  3.]
 [12. 11.]
 [ 6.  6.]
 [ 0.  5.]
 [ 2.  9.]
 [ 7.  4.]
 [12. 11.]
 [ 6.  6.]
 [-1.  5.]
 [ 1.  9.]
 [ 7.  5.]
 [12. 11.]
 [ 6.  6.]
 [-2.  5.]
 [ 0.  8.]
 [ 7.  5.]
 [12. 11.]
 [ 6.  6.]
 [-3.  5.]
 [-1.  7.]
 [ 7.  5.]
 [12. 11.]
 [ 6.  6.]
 [-4.  4.]
 [-2.  6.]
 [ 7.  5.]
 [12. 11.]
 [ 6.  6.]
 [-5.  3.]
 [-3.  5.]
 [ 7.  5.]
 [12. 11.]
 [ 6.  6.]
 [-5.  2.]
 [-4.  4.]
 [ 7.  5.]
 [12. 11.]
 [ 6.  6.]
 [-5.  1.]
 [-4.  3.]
 [ 7.  5.]
 [12. 11.]
 [ 6.  6.]
 [-5.  0.]
 [-4.  2.]
 [ 7.  5.]
 [12. 11.]
 [ 6.  6.]
 [-5. -1.]
 [-4.  1.]
 [ 7.  5.]
 [12. 11.]
 [ 6.  6.]
 [-5. -2.]
 [-4.  0.]
 [ 7.  5.]
 [12. 11.]
 [ 6.  6.]
 [-5. -3.]
 [-4. -1.]
 [ 7.  5.]
 [12. 11.]
 [ 6.  6.]
 [-5. -4.]
 [-4. -2.]
 [ 7.  5.]
 [12. 11.]
 [ 6.  6.]
 [-5. -5.]
 [-4. -3.]
 [ 7.  5.]
 [12. 11.]
 [ 6.  6.]
 [-5. -5.]
 [-4. -4.]
 [ 7.  5.]
 [12. 11.]
 [ 6.  6.]
 [-5. -5.]
 [-4. -4.]
 [ 7.  5.]
 [12. 11.]]
