Maze:
##########################
#                        #
#                        #
#                        #
#                        #
#                        #
#     ##############     #
#     #  D         #     #
#     #          A #     #
#     #            #     #
#     #            #     #
#     #            #     #
#     #     S      #     #
#     #C           #     #
#     #            #     #
#     #            #     #
#     #            #     #
#     #            #     #
#     #    B       #     #
#     ##############     #
#                        #
#                        #
#                        #
#                        #
#                        #
##########################
[[ 6.  6.]
 [11.  2.]
 [ 5. 12.]
 [ 1.  7.]
 [ 3.  1.]
 [ 6.  6.]
 [12.  2.]
 [ 5. 12.]
 [ 2.  6.]
 [ 4.  1.]
 [ 6.  6.]
 [13.  2.]
 [ 5. 12.]
 [ 3.  5.]
 [ 5.  0.]
 [ 6.  6.]
 [14.  2.]
 [ 5. 12.]
 [ 4.  5.]
 [ 6. -1.]
 [ 6.  6.]
 [15.  2.]
 [ 5. 12.]
 [ 5.  5.]
 [ 7. -1.]
 [ 6.  6.]
 [16.  2.]
 [ 5. 12.]
 [ 5.  5.]
 [ 8. -1.]
 [ 6.  6.]
 [16.  2.]
 [ 5. 12.]
 [ 5.  5.]
 [ 9. -1.]
 [ 6.  6.]
 [16.  2.]
 [ 5. 12.]
 [ 5.  5.]
 [10. -1.]
 [ 6.  6.]
 [17.  2.]
 [ 5. 12.]
 [ 5.  5.]
 [11. -1.]
 [ 6.  6.]
 [17.  2.]
 [ 5. 12.]
 [ 5.  5.]
 [12. -1.]
 [ 6.  6.]
 [17.  2.]
 [ 5. 12.]
 [ 5.  5.]
 [13. -1.]
 [ 6.  6.]
 [17.  2.]
 [ 5. 12.]
 [ 5.  5.]
 [14. -1.]
 [ 6.  6.]
 [17.  2.]
 [ 5. 12.]
 [ 5.  5.]
 [15.  0.]
 [ 6.  6.]
 [17.  3.]
 [ 5. 12.]
 [ 5.  5.]
 [16.  1.]
 [ 6.  6.]
 [17.  4.]
 [ 5. 12.]
 [ 5.  5.]
 [16.  2.]
 [ 6.  6.]
 [17.  5.]
 [ 5. 12.]
 [ 5.  5.]
 [16.  3.]
 [ 6.  6.]
 [17.  6.]
 [ 5. 12.]
 [ 5.  5.]
 [16.  4.]
 [ 6.  6.]
 [17.  7.]
 [ 5. 12.]
 [ 5.  5.]
 [16.  5.]
 [ 6.  6.]
 [17.  8.]
 [ 5. 12.]
 [ 5.  5.]
 [16.  6.]
 [ 6.  6.]
 [17.  9.]
 [ 5. 12.]
 [ 5.  5.]
 [16.  7.]
 [ 6.  6.]
 [17.  9.]
 [ 5. 12.]
 [ 5.  5.]
 [16.  7.]
 [ 6.  6.]
 [17. 10.]
 [ 5. 12.]
 [ 5.  5.]
 [16.  8.]]
