Maze:
##########################
#                        #
#                        #
#                        #
#                        #
#                        #
#     ##############     #
#     #    D       #     #
#     #            #     #
#     #  A         #     #
#     #            #     #
#     #          B #     #
#     #     S      #     #
#     #            #     #
#     #            #     #
#     #            #     #
#     #            #     #
#     #      C     #     #
#     #            #     #
#     ##############     #
#                        #
#                        #
#                        #
#                        #
#                        #
##########################
[[ 6.  6.]
 [ 3.  3.]
 [11.  5.]
 [ 7. 11.]
 [ 5.  1.]
 [ 6.  6.]
 [ 2.  3.]
 [11.  5.]
 [ 7. 10.]
 [ 4.  2.]
 [ 6.  6.]
 [ 1.  3.]
 [11.  5.]
 [ 7.  9.]
 [ 3.  2.]
 [ 6.  6.]
 [ 0.  3.]
 [11.  5.]
 [ 7.  8.]
 [ 2.  2.]
 [ 6.  6.]
 [-1.  3.]
 [12.  5.]
 [ 7.  7.]
 [ 1.  2.]
 [ 6.  6.]
 [-2.  3.]
 [12.  5.]
 [ 7.  7.]
 [ 0.  2.]
 [ 6.  6.]
 [-3.  3.]
 [12.  5.]
 [ 7.  7.]
 [-1.  2.]
 [ 6.  6.]
 [-4.  3.]
 [12.  5.]
 [ 7.  7.]
 [-2.  2.]
 [ 6.  6.]
 [-5.  3.]
 [12.  5.]
 [ 7.  7.]
 [-3.  2.]
 [ 6.  6.]
 [-5.  3.]
 [12.  5.]
 [ 7.  7.]
 [-4.  2.]
 [ 6.  6.]
 [-5.  4.]
 [12.  5.]
 [ 7.  7.]
 [-5.  3.]
 [ 6.  6.]
 [-5.  5.]
 [12.  5.]
 [ 7.  7.]
 [-5.  4.]
 [ 6.  6.]
 [-5.  6.]
 [12.  5.]
 [ 7.  7.]
 [-5.  5.]
 [ 6.  6.]
 [-5.  7.]
 [12.  5.]
 [ 7.  7.]
 [-5.  6.]
 [ 6.  6.]
 [-5.  8.]
 [12.  5.]
 [ 7.  7.]
 [-5.  7.]
 [ 6.  6.]
 [-5.  9.]
 [12.  5.]
 [ 7.  7.]
 [-5.  8.]
 [ 6.  6.]
 [-5. 10.]
 [12.  5.]
 [ 7.  7.]
 [-5.  9.]
 [ 6.  6.]
 [-5. 11.]
 [12.  5.]
 [ 7.  7.]
 [-5. 10.]
 [ 6.  6.]
 [-5. 12.]
 [12.  5.]
 [ 7.  7.]
 [-5. 11.]
 [ 6.  6.]
 [-5. 13.]
 [12.  5.]
 [ 7.  7.]
 [-5. 12.]
 [ 6.  6.]
 [-5. 13.]
 [12.  5.]
 [ 7.  7.]
 [-5. 12.]
 [ 6.  6.]
 [-5. 14.]
 [12.  5.]
 [ 7.  7.]
 [-5. 13.]]
