Maze:
##########################
#                        #
#                        #
#                        #
#                        #
#                        #
#     ##############     #
#     #            #     #
#     #            #     #
#     #     A      #     #
#     #            #     #
#     #            #     #
#     #     C      #     #
#     #           B#     #
#     #  S         #     #
#     # D          #     #
#     #            #     #
#     #            #     #
#     #            #     #
#     ##############     #
#                        #
#                        #
#                        #
#                        #
#                        #
##########################
[[ 3.  8.]
 [ 6.  3.]
 [12.  7.]
 [ 6.  6.]
 [ 2.  9.]
 [ 4.  7.]
 [ 6.  2.]
 [12.  7.]
 [ 6.  6.]
 [ 2.  9.]
 [ 3.  7.]
 [ 6.  1.]
 [12.  7.]
 [ 6.  6.]
 [ 2.  9.]
 [ 3.  6.]
 [ 6.  0.]
 [12.  7.]
 [ 6.  6.]
 [ 2.  9.]
 [ 2.  5.]
 [ 6. -1.]
 [12.  7.]
 [ 6.  6.]
 [ 1.  9.]
 [ 2.  4.]
 [ 6. -2.]
 [12.  7.]
 [ 6.  6.]
 [ 1.  9.]
 [ 2.  3.]
 [ 6. -3.]
 [12.  7.]
 [ 6.  6.]
 [ 1.  9.]
 [ 2.  2.]
 [ 6. -4.]
 [12.  7.]
 [ 6.  6.]
 [ 1.  9.]
 [ 2.  1.]
 [ 6. -4.]
 [12.  7.]
 [ 6.  6.]
 [ 0.  9.]
 [ 2.  0.]
 [ 6. -4.]
 [12.  7.]
 [ 6.  6.]
 [ 0.  9.]
 [ 2. -1.]
 [ 6. -5.]
 [12.  7.]
 [ 6.  6.]
 [ 0.  9.]
 [ 2. -2.]
 [ 6. -5.]
 [12.  7.]
 [ 6.  6.]
 [ 0.  9.]
 [ 2. -3.]
 [ 6. -5.]
 [12.  7.]
 [ 6.  6.]
 [ 0.  9.]
 [ 3. -4.]
 [ 6. -5.]
 [12.  7.]
 [ 6.  6.]
 [ 0.  9.]
 [ 4. -4.]
 [ 7. -5.]
 [12.  7.]
 [ 6.  6.]
 [ 0.  9.]
 [ 5. -4.]
 [ 8. -5.]
 [12.  7.]
 [ 6.  6.]
 [ 0.  9.]
 [ 6. -4.]
 [ 9. -5.]
 [12.  7.]
 [ 6.  6.]
 [ 0.  9.]
 [ 7. -4.]
 [10. -5.]
 [12.  7.]
 [ 6.  6.]
 [ 0.  9.]
 [ 8. -4.]
 [11. -5.]
 [12.  7.]
 [ 6.  6.]
 [ 0.  9.]
 [ 9. -4.]
 [12. -5.]
 [12.  7.]
 [ 6.  6.]
 [ 0.  9.]
 [ 9. -4.]
 [12. -5.]
 [12.  7.]
 [ 6.  6.]
 [ 0.  9.]
 [10. -4.]
 [13. -5.]
 [12.  7.]
 [ 6.  6.]
 [ 0.  9.]]
