Maze:
##########################
#                        #
#                        #
#                        #
#                        #
#                        #
#     ##############     #
#     #            #     #
#     #     A      #     #
#     #            #     #
#     #            #     #
#     #            #     #
#     #     C      #     #
#     #   B        #     #
#     #            #     #
#     #S           #     #
#     #       D    #     #
#     #            #     #
#     #            #     #
#     ##############     #
#                        #
#                        #
#                        #
#                        #
#                        #
##########################
[[ 1.  9.]
 [ 6.  2.]
 [ 4.  7.]
 [ 6.  6.]
 [ 8. 10.]
 [ 0.  9.]
 [ 6.  1.]
 [ 3.  6.]
 [ 6.  6.]
 [ 8. 11.]
 [-1. 10.]
 [ 6.  0.]
 [ 3.  5.]
 [ 6.  6.]
 [ 8. 11.]
 [-2. 10.]
 [ 6. -1.]
 [ 3.  4.]
 [ 6.  6.]
 [ 8. 11.]
 [-2. 10.]
 [ 6. -2.]
 [ 3.  3.]
 [ 6.  6.]
 [ 8. 12.]
 [-2. 10.]
 [ 6. -3.]
 [ 3.  2.]
 [ 6.  6.]
 [ 8. 12.]
 [-2. 10.]
 [ 6. -4.]
 [ 3.  1.]
 [ 6.  6.]
 [ 8. 12.]
 [-2. 10.]
 [ 6. -5.]
 [ 3.  0.]
 [ 6.  6.]
 [ 8. 12.]
 [-2. 10.]
 [ 6. -5.]
 [ 3. -1.]
 [ 6.  6.]
 [ 8. 12.]
 [-2. 10.]
 [ 6. -5.]
 [ 3. -2.]
 [ 6.  6.]
 [ 8. 12.]
 [-2. 10.]
 [ 6. -5.]
 [ 4. -3.]
 [ 6.  6.]
 [ 8. 12.]
 [-2. 10.]
 [ 7. -5.]
 [ 5. -4.]
 [ 6.  6.]
 [ 8. 12.]
 [-2. 10.]
 [ 8. -5.]
 [ 6. -4.]
 [ 6.  6.]
 [ 8. 12.]
 [-2. 10.]
 [ 9. -5.]
 [ 7. -4.]
 [ 6.  6.]
 [ 8. 12.]
 [-2. 10.]
 [10. -5.]
 [ 8. -4.]
 [ 6.  6.]
 [ 8. 12.]
 [-2. 10.]
 [11. -5.]
 [ 9. -4.]
 [ 6.  6.]
 [ 8. 12.]
 [-2. 10.]
 [12. -5.]
 [10. -4.]
 [ 6.  6.]
 [ 8. 12.]
 [-2. 10.]
 [13. -5.]
 [11. -4.]
 [ 6.  6.]
 [ 8. 12.]
 [-2. 10.]
 [14. -5.]
 [12. -4.]
 [ 6.  6.]
 [ 8. 12.]
 [-2. 10.]
 [15. -5.]
 [13. -4.]
 [ 6.  6.]
 [ 8. 12.]
 [-2. 10.]
 [15. -5.]
 [13. -4.]
 [ 6.  6.]
 [ 8. 12.]
 [-2. 10.]
 [16. -5.]
 [14. -4.]
 [ 6.  6.]
 [ 8. 12.]]
