Maze:
##########################
#                        #
#                        #
#                        #
#                        #
#                        #
#     ##############     #
#     #            #     #
#     #            #     #
#     #      D     #     #
#     #B           #     #
#     #            #     #
#     #     C    S #     #
#     #            #     #
#     #            #     #
#     #        A   #     #
#     #            #     #
#     #            #     #
#     #            #     #
#     ##############     #
#                        #
#                        #
#                        #
#                        #
#                        #
##########################
[[11.  6.]
 [ 9.  9.]
 [ 1.  4.]
 [ 6.  6.]
 [ 7.  3.]
 [11.  7.]
 [ 9. 10.]
 [ 1.  4.]
 [ 6.  6.]
 [ 8.  2.]
 [11.  8.]
 [ 9. 11.]
 [ 1.  4.]
 [ 6.  6.]
 [ 9.  1.]
 [11.  9.]
 [ 9. 12.]
 [ 1.  4.]
 [ 6.  6.]
 [ 9.  1.]
 [11. 10.]
 [ 9. 13.]
 [ 1.  4.]
 [ 6.  6.]
 [ 9.  1.]
 [11. 11.]
 [ 9. 14.]
 [ 1.  4.]
 [ 6.  6.]
 [ 9.  1.]
 [11. 12.]
 [ 9. 15.]
 [ 1.  4.]
 [ 6.  6.]
 [ 9.  1.]
 [11. 13.]
 [ 9. 16.]
 [ 1.  4.]
 [ 6.  6.]
 [ 9.  1.]
 [11. 14.]
 [ 9. 17.]
 [ 1.  4.]
 [ 6.  6.]
 [ 9.  1.]
 [11. 15.]
 [ 9. 17.]
 [ 1.  4.]
 [ 6.  6.]
 [ 9.  1.]
 [10. 16.]
 [ 9. 17.]
 [ 1.  4.]
 [ 6.  6.]
 [ 9.  1.]
 [ 9. 17.]
 [ 8. 17.]
 [ 1.  4.]
 [ 6.  6.]
 [ 9.  1.]
 [ 8. 17.]
 [ 7. 17.]
 [ 1.  4.]
 [ 6.  6.]
 [ 9.  1.]
 [ 7. 17.]
 [ 6. 17.]
 [ 1.  4.]
 [ 6.  6.]
 [ 9.  1.]
 [ 6. 17.]
 [ 5. 17.]
 [ 1.  4.]
 [ 6.  6.]
 [ 9.  1.]
 [ 5. 17.]
 [ 4. 17.]
 [ 1.  4.]
 [ 6.  6.]
 [ 9.  1.]
 [ 4. 17.]
 [ 3. 17.]
 [ 1.  4.]
 [ 6.  6.]
 [ 9.  1.]
 [ 3. 17.]
 [ 2. 17.]
 [ 1.  4.]
 [ 6.  6.]
 [ 9.  1.]
 [ 2. 17.]
 [ 1. 17.]
 [ 1.  4.]
 [ 6.  6.]
 [ 9.  1.]
 [ 1. 17.]
 [ 0. 17.]
 [ 1.  4.]
 [ 6.  6.]
 [ 9.  1.]
 [ 1. 17.]
 [ 0. 17.]
 [ 1.  4.]
 [ 6.  6.]
 [ 9.  1.]
 [ 0. 17.]
 [-1. 17.]
 [ 1.  4.]
 [ 6.  6.]
 [ 9.  1.]]
