Maze:
##########################
#                        #
#                        #
#                        #
#                        #
#                        #
#     ##############     #
#     #            #     #
#     #            #     #
#     #            #     #
#     #            #     #
#     #            #     #
#     #     S      #     #
#     #            #     #
#     #      D     #     #
#     #           C#     #
#     #            #     #
#     #        A   #     #
#     #   B        #     #
#     ##############     #
#                        #
#                        #
#                        #
#                        #
#                        #
##########################
[[ 6.  6.]
 [ 9. 11.]
 [ 4. 12.]
 [12.  9.]
 [ 7.  8.]
 [ 6.  6.]
 [ 9. 12.]
 [ 4. 12.]
 [11.  9.]
 [ 7.  9.]
 [ 6.  6.]
 [ 9. 13.]
 [ 4. 13.]
 [10.  9.]
 [ 7. 10.]
 [ 6.  6.]
 [ 9. 14.]
 [ 4. 14.]
 [ 9.  9.]
 [ 7. 11.]
 [ 6.  6.]
 [ 9. 15.]
 [ 4. 15.]
 [ 8. 10.]
 [ 7. 12.]
 [ 6.  6.]
 [ 9. 16.]
 [ 4. 16.]
 [ 8. 11.]
 [ 7. 13.]
 [ 6.  6.]
 [ 9. 17.]
 [ 4. 17.]
 [ 8. 12.]
 [ 7. 14.]
 [ 6.  6.]
 [ 9. 17.]
 [ 4. 17.]
 [ 8. 13.]
 [ 7. 15.]
 [ 6.  6.]
 [10. 17.]
 [ 4. 17.]
 [ 8. 14.]
 [ 7. 16.]
 [ 6.  6.]
 [11. 17.]
 [ 4. 17.]
 [ 8. 15.]
 [ 7. 17.]
 [ 6.  6.]
 [12. 17.]
 [ 3. 17.]
 [ 8. 16.]
 [ 7. 17.]
 [ 6.  6.]
 [13. 17.]
 [ 2. 17.]
 [ 7. 17.]
 [ 6. 17.]
 [ 6.  6.]
 [14. 17.]
 [ 1. 17.]
 [ 6. 17.]
 [ 5. 17.]
 [ 6.  6.]
 [15. 17.]
 [ 0. 17.]
 [ 5. 17.]
 [ 4. 17.]
 [ 6.  6.]
 [15. 17.]
 [-1. 17.]
 [ 4. 17.]
 [ 3. 17.]
 [ 6.  6.]
 [15. 17.]
 [-2. 17.]
 [ 3. 17.]
 [ 2. 17.]
 [ 6.  6.]
 [15. 17.]
 [-3. 17.]
 [ 2. 17.]
 [ 1. 17.]
 [ 6.  6.]
 [15. 17.]
 [-4. 17.]
 [ 1. 17.]
 [ 0. 17.]
 [ 6.  6.]
 [15. 17.]
 [-5. 17.]
 [ 0. 17.]
 [-1. 17.]
 [ 6.  6.]
 [15. 17.]
 [-5. 17.]
 [-1. 17.]
 [-2. 17.]
 [ 6.  6.]
 [15. 17.]
 [-5. 17.]
 [-1. 17.]
 [-2. 17.]
 [ 6.  6.]
 [15. 17.]
 [-5. 17.]
 [-2. 17.]
 [-3. 17.]]
