Maze:
##########################
#                        #
#                        #
#                        #
#                        #
#                        #
#     ##############     #
#     #       A    #     #
#     #            #     #
#     #           C#     #
#     #            #     #
#     #        B   #     #
#     #     S      #     #
#     #            #     #
#     #            #     #
#     #         D  #     #
#     #            #     #
#     #            #     #
#     #            #     #
#     ##############     #
#                        #
#                        #
#                        #
#                        #
#                        #
##########################
[[ 6.  6.]
 [ 8.  1.]
 [ 9.  5.]
 [12.  3.]
 [10.  9.]
 [ 6.  6.]
 [ 7.  0.]
 [ 9.  4.]
 [11.  3.]
 [10.  9.]
 [ 6.  6.]
 [ 6. -1.]
 [ 8.  3.]
 [10.  3.]
 [10.  9.]
 [ 6.  6.]
 [ 5. -2.]
 [ 7.  2.]
 [ 9.  3.]
 [10.  9.]
 [ 6.  6.]
 [ 4. -3.]
 [ 6.  1.]
 [ 8.  3.]
 [10.  9.]
 [ 6.  6.]
 [ 4. -4.]
 [ 6.  0.]
 [ 7.  4.]
 [10.  9.]
 [ 6.  6.]
 [ 4. -5.]
 [ 6. -1.]
 [ 7.  5.]
 [10.  9.]
 [ 6.  6.]
 [ 4. -5.]
 [ 6. -2.]
 [ 7.  5.]
 [10. 10.]
 [ 6.  6.]
 [ 4. -5.]
 [ 6. -3.]
 [ 7.  5.]
 [10. 10.]
 [ 6.  6.]
 [ 3. -5.]
 [ 5. -4.]
 [ 7.  5.]
 [10. 10.]
 [ 6.  6.]
 [ 2. -5.]
 [ 4. -4.]
 [ 7.  5.]
 [10. 10.]
 [ 6.  6.]
 [ 1. -5.]
 [ 3. -4.]
 [ 7.  5.]
 [10. 10.]
 [ 6.  6.]
 [ 0. -5.]
 [ 2. -4.]
 [ 7.  5.]
 [10. 10.]
 [ 6.  6.]
 [-1. -5.]
 [ 1. -4.]
 [ 7.  5.]
 [10. 10.]
 [ 6.  6.]
 [-2. -5.]
 [ 0. -4.]
 [ 7.  5.]
 [10. 10.]
 [ 6.  6.]
 [-3. -5.]
 [-1. -4.]
 [ 7.  5.]
 [10. 10.]
 [ 6.  6.]
 [-4. -5.]
 [-2. -4.]
 [ 7.  5.]
 [10. 10.]
 [ 6.  6.]
 [-5. -5.]
 [-3. -4.]
 [ 7.  5.]
 [10. 11.]
 [ 6.  6.]
 [-5. -5.]
 [-4. -4.]
 [ 7.  5.]
 [10. 11.]
 [ 6.  6.]
 [-5. -5.]
 [-4. -4.]
 [ 7.  5.]
 [10. 11.]]
