Maze:
##########################
#                        #
#                        #
#                        #
#                        #
#                        #
#     ##############     #
#     #          D #     #
#     #            #     #
#     #            #     #
#     #            #     #
#     #            #     #
#     #     S      #     #
#     #     B      #     #
#     #   A        #     #
#     #            #     #
#     #            #     #
#     #            #     #
#     #      C     #     #
#     ##############     #
#                        #
#                        #
#                        #
#                        #
#                        #
##########################
[[ 6.  6.]
 [ 4.  8.]
 [ 6.  7.]
 [ 7. 12.]
 [11.  1.]
 [ 6.  6.]
 [ 3.  8.]
 [ 6.  8.]
 [ 7. 11.]
 [11.  1.]
 [ 6.  6.]
 [ 2.  8.]
 [ 5.  9.]
 [ 7. 10.]
 [11.  1.]
 [ 6.  6.]
 [ 1.  8.]
 [ 4.  9.]
 [ 6.  9.]
 [11.  1.]
 [ 6.  6.]
 [ 0.  8.]
 [ 3.  9.]
 [ 5.  8.]
 [11.  1.]
 [ 6.  6.]
 [-1.  8.]
 [ 2.  9.]
 [ 5.  7.]
 [11.  1.]
 [ 6.  6.]
 [-2.  8.]
 [ 1.  9.]
 [ 5.  7.]
 [11.  1.]
 [ 6.  6.]
 [-3.  8.]
 [ 0.  9.]
 [ 5.  7.]
 [11.  1.]
 [ 6.  6.]
 [-4.  8.]
 [-1.  9.]
 [ 5.  7.]
 [11.  1.]
 [ 6.  6.]
 [-5.  8.]
 [-2.  9.]
 [ 5.  7.]
 [11.  1.]
 [ 6.  6.]
 [-5.  8.]
 [-3.  9.]
 [ 5.  7.]
 [11.  1.]
 [ 6.  6.]
 [-5.  8.]
 [-4.  9.]
 [ 5.  7.]
 [11.  1.]
 [ 6.  6.]
 [-5.  7.]
 [-5.  8.]
 [ 5.  7.]
 [11.  1.]
 [ 6.  6.]
 [-5.  6.]
 [-5.  7.]
 [ 5.  7.]
 [11.  1.]
 [ 6.  6.]
 [-5.  5.]
 [-5.  6.]
 [ 5.  7.]
 [11.  1.]
 [ 6.  6.]
 [-5.  4.]
 [-5.  5.]
 [ 5.  7.]
 [11.  1.]
 [ 6.  6.]
 [-5.  3.]
 [-5.  4.]
 [ 5.  7.]
 [11.  1.]
 [ 6.  6.]
 [-5.  2.]
 [-5.  3.]
 [ 5.  7.]
 [11.  1.]
 [ 6.  6.]
 [-5.  1.]
 [-5.  2.]
 [ 5.  7.]
 [11.  1.]
 [ 6.  6.]
 [-5.  0.]
 [-5.  1.]
 [ 5.  7.]
 [11.  1.]
 [ 6.  6.]
 [-5.  0.]
 [-5.  1.]
 [ 5.  7.]
 [11.  1.]
 [ 6.  6.]
 [-5. -1.]
 [-5.  0.]
 [ 5.  7.]
 [11.  1.]]
