Maze:
##########################
#                        #
#                        #
#                        #
#                        #
#                        #
#     ##############     #
#     #          D #     #
#     #            #     #
#     #            #     #
#     #            #     #
#     #  B         #     #
#     #     C      #     #
#     #        A   #     #
#     #            #     #
#     #            #     #
#     #            #     #
#     #            #     #
#     # S          #     #
#     ##############     #
#                        #
#                        #
#                        #
#                        #
#                        #
##########################
[[ 2. 12.]
 [ 9.  7.]
 [ 3.  5.]
 [ 6.  6.]
 [11.  1.]
 [ 2. 13.]
 [10.  7.]
 [ 3.  5.]
 [ 6.  6.]
 [11.  1.]
 [ 2. 13.]
 [11.  7.]
 [ 3.  5.]
 [ 6.  6.]
 [11.  1.]
 [ 2. 13.]
 [12.  7.]
 [ 3.  5.]
 [ 6.  6.]
 [11.  2.]
 [ 2. 13.]
 [13.  8.]
 [ 2.  5.]
 [ 6.  6.]
 [12.  3.]
 [ 2. 13.]
 [14.  9.]
 [ 2.  5.]
 [ 6.  6.]
 [13.  4.]
 [ 2. 14.]
 [15. 10.]
 [ 2.  5.]
 [ 6.  6.]
 [14.  5.]
 [ 2. 14.]
 [15. 11.]
 [ 2.  5.]
 [ 6.  6.]
 [14.  6.]
 [ 2. 14.]
 [15. 12.]
 [ 2.  5.]
 [ 6.  6.]
 [14.  7.]
 [ 2. 14.]
 [15. 13.]
 [ 2.  5.]
 [ 6.  6.]
 [14.  8.]
 [ 2. 14.]
 [15. 14.]
 [ 2.  5.]
 [ 6.  6.]
 [14.  9.]
 [ 2. 14.]
 [15. 15.]
 [ 2.  5.]
 [ 6.  6.]
 [14. 10.]
 [ 2. 14.]
 [15. 16.]
 [ 2.  5.]
 [ 6.  6.]
 [14. 11.]
 [ 2. 14.]
 [15. 17.]
 [ 2.  5.]
 [ 6.  6.]
 [14. 12.]
 [ 2. 14.]
 [15. 17.]
 [ 2.  5.]
 [ 6.  6.]
 [14. 13.]
 [ 2. 14.]
 [15. 17.]
 [ 2.  5.]
 [ 6.  6.]
 [14. 14.]
 [ 2. 14.]
 [15. 17.]
 [ 2.  5.]
 [ 6.  6.]
 [14. 15.]
 [ 2. 14.]
 [15. 17.]
 [ 2.  5.]
 [ 6.  6.]
 [14. 16.]
 [ 2. 14.]
 [16. 17.]
 [ 2.  5.]
 [ 6.  6.]
 [15. 17.]
 [ 2. 14.]
 [17. 17.]
 [ 2.  5.]
 [ 6.  6.]
 [16. 17.]
 [ 2. 14.]
 [17. 17.]
 [ 2.  5.]
 [ 6.  6.]
 [16. 17.]]
