Maze:
##########################
#                        #
#                        #
#                        #
#                        #
#                        #
#     ##############     #
#     #            #     #
#     #            #     #
#     #B           #     #
#     #      A     #     #
#     #            #     #
#     #     C  S   #     #
#     #            #     #
#     #  D         #     #
#     #            #     #
#     #            #     #
#     #            #     #
#     #            #     #
#     ##############     #
#                        #
#                        #
#                        #
#                        #
#                        #
##########################
[[ 9.  6.]
 [ 7.  4.]
 [ 1.  3.]
 [ 6.  6.]
 [ 3.  8.]
 [ 9.  5.]
 [ 7.  3.]
 [ 1.  3.]
 [ 6.  6.]
 [ 2.  8.]
 [ 9.  4.]
 [ 7.  2.]
 [ 1.  3.]
 [ 6.  6.]
 [ 1.  8.]
 [ 9.  3.]
 [ 7.  1.]
 [ 1.  2.]
 [ 6.  6.]
 [ 1.  8.]
 [ 9.  2.]
 [ 7.  0.]
 [ 1.  2.]
 [ 6.  6.]
 [ 1.  8.]
 [ 9.  1.]
 [ 7. -1.]
 [ 1.  2.]
 [ 6.  6.]
 [ 0.  8.]
 [ 9.  0.]
 [ 7. -2.]
 [ 1.  2.]
 [ 6.  6.]
 [ 0.  8.]
 [ 8. -1.]
 [ 7. -3.]
 [ 1.  2.]
 [ 6.  6.]
 [ 0.  8.]
 [ 8. -2.]
 [ 7. -4.]
 [ 1.  2.]
 [ 6.  6.]
 [ 0.  8.]
 [ 8. -3.]
 [ 7. -5.]
 [ 1.  2.]
 [ 6.  6.]
 [ 0.  8.]
 [ 8. -4.]
 [ 7. -5.]
 [ 1.  2.]
 [ 6.  6.]
 [ 0.  8.]
 [ 7. -5.]
 [ 6. -5.]
 [ 1.  2.]
 [ 6.  6.]
 [ 0.  8.]
 [ 6. -5.]
 [ 5. -5.]
 [ 1.  2.]
 [ 6.  6.]
 [ 0.  8.]
 [ 5. -5.]
 [ 4. -5.]
 [ 1.  2.]
 [ 6.  6.]
 [ 0.  8.]
 [ 4. -5.]
 [ 3. -5.]
 [ 1.  2.]
 [ 6.  6.]
 [ 0.  8.]
 [ 3. -5.]
 [ 2. -5.]
 [ 1.  1.]
 [ 6.  6.]
 [ 0.  8.]
 [ 2. -5.]
 [ 1. -5.]
 [ 1.  0.]
 [ 6.  6.]
 [-1.  8.]
 [ 1. -5.]
 [ 0. -5.]
 [ 1. -1.]
 [ 6.  6.]
 [-1.  8.]
 [ 0. -5.]
 [-1. -5.]
 [ 1. -2.]
 [ 6.  6.]
 [-1.  8.]
 [-1. -5.]
 [-2. -5.]
 [ 0. -2.]
 [ 6.  6.]
 [-1.  8.]
 [-1. -5.]
 [-2. -5.]
 [ 0. -2.]
 [ 6.  6.]
 [-1.  8.]
 [-2. -5.]
 [-3. -5.]
 [-1. -2.]
 [ 6.  6.]
 [-1.  8.]]
