Maze:
##########################
#                        #
#                        #
#                        #
#                        #
#                        #
#     ##############     #
#     #            #     #
#     #            #     #
#     #          C #     #
#     #            #     #
#     #            #     #
#     #A    B      #     #
#     #            #     #
#     #           D#     #
#     #            #     #
#     # S          #     #
#     #            #     #
#     #            #     #
#     ##############     #
#                        #
#                        #
#                        #
#                        #
#                        #
##########################
[[ 2. 10.]
 [ 1.  6.]
 [ 6.  6.]
 [11.  3.]
 [12.  8.]
 [ 1. 10.]
 [ 0.  6.]
 [ 6.  6.]
 [11.  4.]
 [12.  9.]
 [ 0.  9.]
 [-1.  6.]
 [ 6.  6.]
 [11.  5.]
 [12. 10.]
 [-1.  8.]
 [-2.  5.]
 [ 6.  6.]
 [11.  6.]
 [12. 11.]
 [-2.  7.]
 [-3.  4.]
 [ 6.  6.]
 [11.  7.]
 [12. 12.]
 [-3.  6.]
 [-3.  3.]
 [ 6.  6.]
 [11.  8.]
 [12. 13.]
 [-3.  5.]
 [-3.  2.]
 [ 6.  6.]
 [11.  9.]
 [12. 14.]
 [-3.  4.]
 [-3.  1.]
 [ 6.  6.]
 [11. 10.]
 [12. 15.]
 [-3.  3.]
 [-3.  0.]
 [ 6.  6.]
 [11. 11.]
 [12. 16.]
 [-3.  2.]
 [-3. -1.]
 [ 6.  6.]
 [11. 12.]
 [12. 17.]
 [-3.  1.]
 [-3. -2.]
 [ 6.  6.]
 [11. 13.]
 [12. 17.]
 [-3.  0.]
 [-3. -3.]
 [ 6.  6.]
 [11. 14.]
 [12. 17.]
 [-3. -1.]
 [-3. -4.]
 [ 6.  6.]
 [11. 15.]
 [12. 17.]
 [-3. -2.]
 [-3. -5.]
 [ 6.  6.]
 [11. 16.]
 [12. 17.]
 [-3. -3.]
 [-3. -5.]
 [ 6.  6.]
 [12. 17.]
 [13. 17.]
 [-3. -4.]
 [-3. -5.]
 [ 6.  6.]
 [13. 17.]
 [14. 17.]
 [-3. -4.]
 [-3. -5.]
 [ 6.  6.]
 [14. 17.]
 [15. 17.]
 [-3. -4.]
 [-3. -5.]
 [ 6.  6.]
 [15. 17.]
 [16. 17.]
 [-3. -4.]
 [-3. -5.]
 [ 6.  6.]
 [16. 17.]
 [17. 17.]
 [-3. -4.]
 [-3. -5.]
 [ 6.  6.]
 [16. 17.]
 [17. 17.]]
