Maze:
##########################
#                        #
#                        #
#                        #
#                        #
#                        #
#     ##############     #
#     #            #     #
#     #            #     #
#     #            #     #
#     #            #     #
#     #   D        #     #
#     #     S  A   #     #
#     #            #     #
#     #            #     #
#     # C          #     #
#     #            #     #
#     #         B  #     #
#     #            #     #
#     ##############     #
#                        #
#                        #
#                        #
#                        #
#                        #
##########################
[[ 6.  6.]
 [ 9.  6.]
 [10. 11.]
 [ 2.  9.]
 [ 4.  5.]
 [ 6.  6.]
 [ 9.  6.]
 [10. 11.]
 [ 2. 10.]
 [ 3.  5.]
 [ 6.  6.]
 [ 9.  7.]
 [10. 11.]
 [ 2. 10.]
 [ 2.  5.]
 [ 6.  6.]
 [ 9.  8.]
 [10. 12.]
 [ 2. 11.]
 [ 1.  5.]
 [ 6.  6.]
 [ 9.  9.]
 [10. 13.]
 [ 2. 11.]
 [ 1.  5.]
 [ 6.  6.]
 [ 9. 10.]
 [10. 14.]
 [ 2. 11.]
 [ 1.  5.]
 [ 6.  6.]
 [ 9. 11.]
 [10. 15.]
 [ 2. 11.]
 [ 1.  5.]
 [ 6.  6.]
 [ 9. 12.]
 [10. 16.]
 [ 2. 11.]
 [ 1.  5.]
 [ 6.  6.]
 [ 9. 13.]
 [10. 17.]
 [ 2. 11.]
 [ 1.  5.]
 [ 6.  6.]
 [ 9. 14.]
 [10. 17.]
 [ 2. 12.]
 [ 1.  5.]
 [ 6.  6.]
 [ 9. 15.]
 [10. 17.]
 [ 2. 12.]
 [ 1.  5.]
 [ 6.  6.]
 [ 9. 16.]
 [10. 17.]
 [ 2. 12.]
 [ 1.  5.]
 [ 6.  6.]
 [10. 17.]
 [11. 17.]
 [ 2. 12.]
 [ 1.  5.]
 [ 6.  6.]
 [11. 17.]
 [12. 17.]
 [ 2. 12.]
 [ 1.  5.]
 [ 6.  6.]
 [12. 17.]
 [13. 17.]
 [ 2. 12.]
 [ 1.  5.]
 [ 6.  6.]
 [13. 17.]
 [14. 17.]
 [ 2. 12.]
 [ 1.  5.]
 [ 6.  6.]
 [14. 17.]
 [15. 17.]
 [ 2. 12.]
 [ 1.  5.]
 [ 6.  6.]
 [15. 17.]
 [16. 17.]
 [ 2. 12.]
 [ 1.  5.]
 [ 6.  6.]
 [16. 17.]
 [17. 17.]
 [ 2. 12.]
 [ 1.  5.]
 [ 6.  6.]
 [16. 17.]
 [17. 17.]
 [ 2. 12.]
 [ 1.  5.]]
