Maze:
##########################
#                        #
#                        #
#                        #
#                        #
#                        #
#     ##############     #
#     #            #     #
#     #            #     #
#     #            #     #
#     #   C        #     #
#     #      D     #     #
#     #     B   S  #     #
#     #            #     #
#     #            #     #
#     #            #     #
#     #            #     #
#     #           A#     #
#     #            #     #
#     ##############     #
#                        #
#                        #
#                        #
#                        #
#                        #
##########################
[[10.  6.]
 [12. 11.]
 [ 6.  6.]
 [ 4.  4.]
 [ 7.  5.]
 [10.  6.]
 [12. 11.]
 [ 6.  6.]
 [ 3.  4.]
 [ 7.  4.]
 [10.  6.]
 [12. 11.]
 [ 6.  6.]
 [ 2.  4.]
 [ 6.  3.]
 [10.  6.]
 [12. 11.]
 [ 6.  6.]
 [ 1.  4.]
 [ 5.  3.]
 [10.  6.]
 [12. 11.]
 [ 6.  6.]
 [ 0.  4.]
 [ 4.  3.]
 [10.  6.]
 [12. 11.]
 [ 6.  6.]
 [-1.  4.]
 [ 3.  3.]
 [10.  6.]
 [12. 11.]
 [ 6.  6.]
 [-2.  4.]
 [ 2.  3.]
 [10.  6.]
 [12. 11.]
 [ 6.  6.]
 [-3.  4.]
 [ 1.  3.]
 [10.  6.]
 [12. 11.]
 [ 6.  6.]
 [-4.  4.]
 [ 0.  3.]
 [10.  6.]
 [12. 11.]
 [ 6.  6.]
 [-5.  4.]
 [-1.  3.]
 [10.  6.]
 [12. 11.]
 [ 6.  6.]
 [-5.  4.]
 [-2.  3.]
 [10.  6.]
 [12. 11.]
 [ 6.  6.]
 [-5.  4.]
 [-3.  3.]
 [10.  6.]
 [12. 11.]
 [ 6.  6.]
 [-5.  4.]
 [-4.  3.]
 [10.  6.]
 [12. 11.]
 [ 6.  6.]
 [-5.  5.]
 [-5.  4.]
 [10.  6.]
 [12. 11.]
 [ 6.  6.]
 [-5.  6.]
 [-5.  5.]
 [10.  6.]
 [12. 11.]
 [ 6.  6.]
 [-5.  7.]
 [-5.  6.]
 [10.  6.]
 [12. 11.]
 [ 6.  6.]
 [-5.  8.]
 [-5.  7.]
 [10.  6.]
 [12. 11.]
 [ 6.  6.]
 [-5.  9.]
 [-5.  8.]
 [10.  6.]
 [12. 11.]
 [ 6.  6.]
 [-5. 10.]
 [-5.  9.]
 [10.  6.]
 [12. 11.]
 [ 6.  6.]
 [-5. 11.]
 [-5. 10.]
 [10.  6.]
 [12. 11.]
 [ 6.  6.]
 [-5. 11.]
 [-5. 10.]
 [10.  6.]
 [12. 11.]
 [ 6.  6.]
 [-5. 12.]
 [-5. 11.]]
