Maze:
##########################
#                        #
#                        #
#                        #
#                        #
#                        #
#     ##############     #
#     #            #     #
#     #       C    #     #
#     #     A      #     #
#     #            #     #
#     # D          #     #
#     #     B      #     #
#     #         S  #     #
#     #            #     #
#     #            #     #
#     #            #     #
#     #            #     #
#     #            #     #
#     ##############     #
#                        #
#                        #
#                        #
#                        #
#                        #
##########################
[[10.  7.]
 [ 6.  3.]
 [ 6.  6.]
 [ 8.  2.]
 [ 2.  5.]
 [10.  7.]
 [ 5.  4.]
 [ 6.  6.]
 [ 7.  2.]
 [ 2.  5.]
 [10.  7.]
 [ 5.  5.]
 [ 6.  6.]
 [ 6.  3.]
 [ 1.  5.]
 [10.  7.]
 [ 5.  6.]
 [ 6.  6.]
 [ 6.  4.]
 [ 1.  5.]
 [10.  7.]
 [ 5.  6.]
 [ 6.  6.]
 [ 5.  5.]
 [ 1.  5.]
 [10.  7.]
 [ 6.  7.]
 [ 6.  6.]
 [ 5.  6.]
 [ 1.  5.]
 [10.  7.]
 [ 6.  7.]
 [ 6.  6.]
 [ 5.  7.]
 [ 1.  5.]
 [10.  7.]
 [ 7.  6.]
 [ 6.  6.]
 [ 6.  7.]
 [ 1.  5.]
 [10.  7.]
 [ 7.  6.]
 [ 6.  6.]
 [ 7.  7.]
 [ 1.  5.]
 [10.  7.]
 [ 6.  5.]
 [ 6.  6.]
 [ 7.  6.]
 [ 1.  5.]
 [10.  7.]
 [ 6.  5.]
 [ 6.  6.]
 [ 7.  5.]
 [ 1.  5.]
 [10.  7.]
 [ 5.  6.]
 [ 6.  6.]
 [ 6.  5.]
 [ 1.  5.]
 [10.  7.]
 [ 5.  6.]
 [ 6.  6.]
 [ 5.  5.]
 [ 1.  5.]
 [10.  7.]
 [ 6.  7.]
 [ 6.  6.]
 [ 5.  6.]
 [ 1.  5.]
 [10.  7.]
 [ 6.  7.]
 [ 6.  6.]
 [ 5.  7.]
 [ 1.  5.]
 [10.  7.]
 [ 7.  6.]
 [ 6.  6.]
 [ 6.  7.]
 [ 1.  5.]
 [10.  7.]
 [ 7.  6.]
 [ 6.  6.]
 [ 7.  7.]
 [ 1.  5.]
 [10.  7.]
 [ 6.  5.]
 [ 6.  6.]
 [ 7.  6.]
 [ 1.  5.]
 [10.  7.]
 [ 6.  5.]
 [ 6.  6.]
 [ 7.  5.]
 [ 1.  5.]
 [10.  7.]
 [ 5.  6.]
 [ 6.  6.]
 [ 6.  5.]
 [ 1.  5.]
 [10.  7.]
 [ 5.  6.]
 [ 6.  6.]
 [ 6.  5.]
 [ 1.  5.]
 [10.  7.]
 [ 5.  6.]
 [ 6.  6.]
 [ 5.  5.]
 [ 1.  5.]]
