Maze:
##########################
#                        #
#                        #
#                        #
#                        #
#                        #
#     ##############     #
#     #      D     #     #
#     #          C #     #
#     #            #     #
#     #  S         #     #
#     #            #     #
#     #     A      #     #
#     #     B      #     #
#     #            #     #
#     #            #     #
#     #            #     #
#     #            #     #
#     #            #     #
#     ##############     #
#                        #
#                        #
#                        #
#                        #
#                        #
##########################
[[ 3.  4.]
 [ 6.  6.]
 [ 6.  7.]
 [11.  2.]
 [ 7.  1.]
 [ 4.  4.]
 [ 6.  6.]
 [ 6.  8.]
 [12.  2.]
 [ 8.  1.]
 [ 5.  5.]
 [ 6.  6.]
 [ 6.  9.]
 [13.  2.]
 [ 9.  1.]
 [ 5.  5.]
 [ 6.  6.]
 [ 6. 10.]
 [14.  2.]
 [10.  1.]
 [ 5.  5.]
 [ 6.  6.]
 [ 6. 10.]
 [15.  2.]
 [11.  1.]
 [ 5.  5.]
 [ 6.  6.]
 [ 6. 10.]
 [16.  2.]
 [12.  1.]
 [ 5.  5.]
 [ 6.  6.]
 [ 6. 10.]
 [17.  2.]
 [13.  1.]
 [ 5.  5.]
 [ 6.  6.]
 [ 6. 10.]
 [17.  2.]
 [14.  1.]
 [ 5.  5.]
 [ 6.  6.]
 [ 6. 10.]
 [17.  2.]
 [15.  1.]
 [ 5.  5.]
 [ 6.  6.]
 [ 6. 10.]
 [17.  2.]
 [16.  1.]
 [ 5.  5.]
 [ 6.  6.]
 [ 6. 10.]
 [17.  3.]
 [17.  2.]
 [ 5.  5.]
 [ 6.  6.]
 [ 6. 10.]
 [17.  4.]
 [17.  3.]
 [ 5.  5.]
 [ 6.  6.]
 [ 6. 10.]
 [17.  5.]
 [17.  4.]
 [ 5.  5.]
 [ 6.  6.]
 [ 6. 10.]
 [17.  6.]
 [17.  5.]
 [ 5.  5.]
 [ 6.  6.]
 [ 6. 10.]
 [17.  7.]
 [17.  6.]
 [ 5.  5.]
 [ 6.  6.]
 [ 6. 10.]
 [17.  8.]
 [17.  7.]
 [ 5.  5.]
 [ 6.  6.]
 [ 6. 10.]
 [17.  9.]
 [17.  8.]
 [ 5.  5.]
 [ 6.  6.]
 [ 6. 10.]
 [17. 10.]
 [17.  9.]
 [ 5.  5.]
 [ 6.  6.]
 [ 6. 10.]
 [17. 11.]
 [17. 10.]
 [ 5.  5.]
 [ 6.  6.]
 [ 6. 10.]
 [17. 12.]
 [17. 11.]
 [ 5.  5.]
 [ 6.  6.]
 [ 6. 10.]
 [17. 12.]
 [17. 11.]
 [ 5.  5.]
 [ 6.  6.]
 [ 6. 10.]
 [17. 13.]
 [17. 12.]]
