Maze:
##########################
#                        #
#                        #
#                        #
#                        #
#                        #
#     ##############     #
#     #            #     #
#     #  A         #     #
#     #            #     #
#     #            #     #
#     #      D     #     #
#     #     B      #     #
#     #         C  #     #
#     #            #     #
#     #            #     #
#     #            #     #
#     #S           #     #
#     #            #     #
#     ##############     #
#                        #
#                        #
#                        #
#                        #
#                        #
##########################
[[ 1. 11.]
 [ 3.  2.]
 [ 6.  6.]
 [10.  7.]
 [ 7.  5.]
 [ 1. 11.]
 [ 3.  3.]
 [ 6.  6.]
 [11.  7.]
 [ 8.  5.]
 [ 1. 11.]
 [ 4.  4.]
 [ 6.  6.]
 [12.  8.]
 [ 9.  5.]
 [ 1. 11.]
 [ 5.  5.]
 [ 6.  6.]
 [13.  9.]
 [10.  5.]
 [ 1. 11.]
 [ 5.  5.]
 [ 6.  6.]
 [13.  9.]
 [11.  5.]
 [ 1. 11.]
 [ 5.  5.]
 [ 6.  6.]
 [13. 10.]
 [12.  6.]
 [ 1. 11.]
 [ 5.  5.]
 [ 6.  6.]
 [13. 11.]
 [12.  7.]
 [ 1. 11.]
 [ 5.  5.]
 [ 6.  6.]
 [13. 12.]
 [12.  8.]
 [ 1. 11.]
 [ 5.  5.]
 [ 6.  6.]
 [13. 13.]
 [12.  9.]
 [ 1. 11.]
 [ 5.  5.]
 [ 6.  6.]
 [13. 14.]
 [12. 10.]
 [ 1. 11.]
 [ 5.  5.]
 [ 6.  6.]
 [13. 15.]
 [12. 11.]
 [ 1. 11.]
 [ 5.  5.]
 [ 6.  6.]
 [13. 16.]
 [12. 12.]
 [ 1. 11.]
 [ 5.  5.]
 [ 6.  6.]
 [13. 17.]
 [12. 13.]
 [ 1. 11.]
 [ 5.  5.]
 [ 6.  6.]
 [13. 17.]
 [12. 14.]
 [ 1. 11.]
 [ 5.  5.]
 [ 6.  6.]
 [13. 17.]
 [12. 15.]
 [ 1. 11.]
 [ 5.  5.]
 [ 6.  6.]
 [13. 17.]
 [12. 16.]
 [ 1. 11.]
 [ 5.  5.]
 [ 6.  6.]
 [14. 17.]
 [13. 17.]
 [ 1. 11.]
 [ 5.  5.]
 [ 6.  6.]
 [15. 17.]
 [14. 17.]
 [ 1. 11.]
 [ 5.  5.]
 [ 6.  6.]
 [16. 17.]
 [15. 17.]
 [ 1. 11.]
 [ 5.  5.]
 [ 6.  6.]
 [17. 17.]
 [16. 17.]
 [ 1. 11.]
 [ 5.  5.]
 [ 6.  6.]
 [17. 17.]
 [16. 17.]]
