Maze:
##########################
#                        #
#                        #
#                        #
#                        #
#                        #
#     ##############     #
#     #            #     #
#     #     A      #     #
#     #            #     #
#     #            #     #
#     #            #     #
#     #  C  S      #     #
#     #            #     #
#     #            #     #
#     #            #     #
#     #            #     #
#     #    B       #     #
#     #           D#     #
#     ##############     #
#                        #
#                        #
#                        #
#                        #
#                        #
##########################
[[ 6.  6.]
 [ 6.  2.]
 [ 5. 11.]
 [ 3.  6.]
 [12. 12.]
 [ 6.  6.]
 [ 6.  2.]
 [ 5. 11.]
 [ 3.  5.]
 [12. 12.]
 [ 6.  6.]
 [ 6.  2.]
 [ 5. 11.]
 [ 3.  4.]
 [12. 12.]
 [ 6.  6.]
 [ 7.  2.]
 [ 5. 11.]
 [ 4.  3.]
 [12. 12.]
 [ 6.  6.]
 [ 8.  2.]
 [ 5. 11.]
 [ 5.  3.]
 [12. 12.]
 [ 6.  6.]
 [ 9.  2.]
 [ 5. 11.]
 [ 6.  3.]
 [12. 12.]
 [ 6.  6.]
 [10.  2.]
 [ 5. 11.]
 [ 7.  3.]
 [12. 12.]
 [ 6.  6.]
 [11.  2.]
 [ 5. 11.]
 [ 8.  3.]
 [12. 12.]
 [ 6.  6.]
 [12.  2.]
 [ 5. 11.]
 [ 9.  3.]
 [12. 12.]
 [ 6.  6.]
 [13.  2.]
 [ 5. 11.]
 [10.  3.]
 [12. 12.]
 [ 6.  6.]
 [14.  2.]
 [ 5. 11.]
 [11.  3.]
 [12. 12.]
 [ 6.  6.]
 [15.  2.]
 [ 5. 11.]
 [12.  3.]
 [12. 12.]
 [ 6.  6.]
 [16.  2.]
 [ 5. 11.]
 [13.  3.]
 [12. 12.]
 [ 6.  6.]
 [17.  2.]
 [ 5. 11.]
 [14.  3.]
 [12. 12.]
 [ 6.  6.]
 [17.  2.]
 [ 5. 11.]
 [15.  3.]
 [12. 12.]
 [ 6.  6.]
 [17.  2.]
 [ 5. 11.]
 [16.  3.]
 [12. 12.]
 [ 6.  6.]
 [17.  1.]
 [ 5. 11.]
 [17.  2.]
 [12. 12.]
 [ 6.  6.]
 [17.  0.]
 [ 5. 11.]
 [17.  1.]
 [12. 12.]
 [ 6.  6.]
 [17. -1.]
 [ 5. 11.]
 [17.  0.]
 [12. 12.]
 [ 6.  6.]
 [17. -2.]
 [ 5. 11.]
 [17. -1.]
 [12. 12.]
 [ 6.  6.]
 [17. -2.]
 [ 5. 11.]
 [17. -1.]
 [12. 12.]
 [ 6.  6.]
 [17. -3.]
 [ 5. 11.]
 [17. -2.]
 [12. 12.]]
