Maze:
##########################
#                        #
#                        #
#                        #
#                        #
#                        #
#     ##############     #
#     #            #     #
#     #       D    #     #
#     #    C       #     #
#     #      B     #     #
#     #            #     #
#     #     S      #     #
#     #            #     #
#     #            #     #
#     #            #     #
#     #            #     #
#     #   A        #     #
#     #            #     #
#     ##############     #
#                        #
#                        #
#                        #
#                        #
#                        #
##########################
[[ 6.  6.]
 [ 4. 11.]
 [ 7.  4.]
 [ 5.  3.]
 [ 8.  2.]
 [ 6.  6.]
 [ 4. 11.]
 [ 7.  5.]
 [ 4.  3.]
 [ 7.  1.]
 [ 6.  6.]
 [ 4. 11.]
 [ 7.  5.]
 [ 3.  3.]
 [ 6.  1.]
 [ 6.  6.]
 [ 4. 11.]
 [ 7.  5.]
 [ 2.  4.]
 [ 5.  1.]
 [ 6.  6.]
 [ 4. 11.]
 [ 7.  5.]
 [ 1.  5.]
 [ 4.  1.]
 [ 6.  6.]
 [ 4. 11.]
 [ 7.  5.]
 [ 1.  6.]
 [ 3.  1.]
 [ 6.  6.]
 [ 4. 11.]
 [ 7.  5.]
 [ 1.  7.]
 [ 3.  1.]
 [ 6.  6.]
 [ 4. 11.]
 [ 7.  5.]
 [ 1.  8.]
 [ 3.  1.]
 [ 6.  6.]
 [ 5. 11.]
 [ 7.  5.]
 [ 1.  9.]
 [ 3.  1.]
 [ 6.  6.]
 [ 6. 11.]
 [ 7.  5.]
 [ 2. 10.]
 [ 3.  1.]
 [ 6.  6.]
 [ 7. 10.]
 [ 7.  5.]
 [ 3. 11.]
 [ 3.  1.]
 [ 6.  6.]
 [ 7.  9.]
 [ 7.  5.]
 [ 4. 11.]
 [ 3.  1.]
 [ 6.  6.]
 [ 7.  8.]
 [ 7.  5.]
 [ 5. 11.]
 [ 3.  1.]
 [ 6.  6.]
 [ 7.  7.]
 [ 7.  5.]
 [ 6. 10.]
 [ 3.  1.]
 [ 6.  6.]
 [ 7.  6.]
 [ 6.  5.]
 [ 6.  9.]
 [ 3.  1.]
 [ 6.  6.]
 [ 6.  5.]
 [ 5.  6.]
 [ 7.  8.]
 [ 3.  1.]
 [ 6.  6.]
 [ 6.  5.]
 [ 5.  6.]
 [ 7.  7.]
 [ 3.  1.]
 [ 6.  6.]
 [ 5.  6.]
 [ 6.  7.]
 [ 7.  6.]
 [ 3.  1.]
 [ 6.  6.]
 [ 5.  6.]
 [ 6.  7.]
 [ 7.  5.]
 [ 3.  1.]
 [ 6.  6.]
 [ 6.  7.]
 [ 7.  6.]
 [ 6.  5.]
 [ 3.  1.]
 [ 6.  6.]
 [ 6.  7.]
 [ 7.  6.]
 [ 6.  5.]
 [ 3.  1.]
 [ 6.  6.]
 [ 6.  7.]
 [ 7.  6.]
 [ 5.  6.]
 [ 3.  1.]]
