Maze:
##########################
#                        #
#                        #
#                        #
#                        #
#                        #
#     ##############     #
#     #            #     #
#     #            #     #
#     #            #     #
#     #            #     #
#     #            #     #
#     #     S    A #     #
#     #            #     #
#     #            #     #
#     #            #     #
#     # D          #     #
#     #     C      #     #
#     #       B    #     #
#     ##############     #
#                        #
#                        #
#                        #
#                        #
#                        #
##########################
[[ 6.  6.]
 [11.  6.]
 [ 8. 12.]
 [ 6. 11.]
 [ 2. 10.]
 [ 6.  6.]
 [11.  6.]
 [ 9. 12.]
 [ 6. 10.]
 [ 2. 10.]
 [ 6.  6.]
 [11.  6.]
 [ 9. 12.]
 [ 7. 10.]
 [ 2. 10.]
 [ 6.  6.]
 [11.  6.]
 [ 9. 12.]
 [ 7.  9.]
 [ 2. 10.]
 [ 6.  6.]
 [11.  6.]
 [ 9. 12.]
 [ 8.  8.]
 [ 2. 10.]
 [ 6.  6.]
 [11.  6.]
 [ 9. 12.]
 [ 9.  7.]
 [ 2. 10.]
 [ 6.  6.]
 [12.  6.]
 [ 9. 12.]
 [10.  7.]
 [ 2. 10.]
 [ 6.  6.]
 [13.  6.]
 [ 9. 12.]
 [11.  7.]
 [ 2. 10.]
 [ 6.  6.]
 [14.  6.]
 [ 9. 12.]
 [12.  7.]
 [ 2. 10.]
 [ 6.  6.]
 [15.  6.]
 [ 9. 12.]
 [13.  7.]
 [ 2. 10.]
 [ 6.  6.]
 [16.  6.]
 [ 9. 12.]
 [14.  7.]
 [ 2. 10.]
 [ 6.  6.]
 [17.  6.]
 [ 9. 12.]
 [15.  7.]
 [ 2. 10.]
 [ 6.  6.]
 [17.  6.]
 [ 9. 12.]
 [16.  7.]
 [ 2. 10.]
 [ 6.  6.]
 [17.  5.]
 [ 9. 12.]
 [17.  6.]
 [ 2. 10.]
 [ 6.  6.]
 [17.  4.]
 [ 9. 12.]
 [17.  5.]
 [ 2. 10.]
 [ 6.  6.]
 [17.  3.]
 [ 9. 12.]
 [17.  4.]
 [ 2. 10.]
 [ 6.  6.]
 [17.  2.]
 [ 9. 12.]
 [17.  3.]
 [ 2. 10.]
 [ 6.  6.]
 [17.  1.]
 [ 9. 12.]
 [17.  2.]
 [ 2. 10.]
 [ 6.  6.]
 [17.  0.]
 [ 9. 12.]
 [17.  1.]
 [ 2. 10.]
 [ 6.  6.]
 [17. -1.]
 [ 9. 12.]
 [17.  0.]
 [ 2. 10.]
 [ 6.  6.]
 [17. -1.]
 [ 9. 12.]
 [17.  0.]
 [ 2. 10.]
 [ 6.  6.]
 [17. -2.]
 [ 9. 12.]
 [17. -1.]
 [ 2. 10.]]
