Maze:
##########################
#                        #
#                        #
#                        #
#                        #
#                        #
#     ##############     #
#     #            #     #
#     #            #     #
#     #            #     #
#     #            #     #
#     #            #     #
#     #     C      #     #
#     #            #     #
#     #            #     #
#     #            #     #
#     #         D  #     #
#     #          A #     #
#     #   B  S     #     #
#     ##############     #
#                        #
#                        #
#                        #
#                        #
#                        #
##########################
[[ 7. 12.]
 [11. 11.]
 [ 4. 12.]
 [ 6.  6.]
 [10. 10.]
 [ 7. 12.]
 [10. 10.]
 [ 5. 12.]
 [ 6.  6.]
 [ 9.  9.]
 [ 7. 12.]
 [ 9. 10.]
 [ 5. 12.]
 [ 6.  6.]
 [ 8.  8.]
 [ 6. 11.]
 [ 8. 10.]
 [ 6. 12.]
 [ 6.  6.]
 [ 8.  7.]
 [ 6. 12.]
 [ 7. 11.]
 [ 6. 11.]
 [ 6.  6.]
 [ 7.  6.]
 [ 6. 12.]
 [ 7. 11.]
 [ 5. 12.]
 [ 6.  6.]
 [ 7.  6.]
 [ 5. 11.]
 [ 7. 11.]
 [ 5. 12.]
 [ 6.  6.]
 [ 7.  6.]
 [ 5. 12.]
 [ 6. 11.]
 [ 5. 11.]
 [ 6.  6.]
 [ 7.  6.]
 [ 5. 12.]
 [ 6. 11.]
 [ 4. 12.]
 [ 6.  6.]
 [ 7.  6.]
 [ 4. 11.]
 [ 6. 11.]
 [ 4. 12.]
 [ 6.  6.]
 [ 7.  6.]
 [ 4. 12.]
 [ 5. 11.]
 [ 4. 11.]
 [ 6.  6.]
 [ 7.  6.]
 [ 4. 12.]
 [ 5. 11.]
 [ 3. 12.]
 [ 6.  6.]
 [ 7.  6.]
 [ 3. 11.]
 [ 5. 11.]
 [ 3. 12.]
 [ 6.  6.]
 [ 7.  6.]
 [ 3. 12.]
 [ 4. 11.]
 [ 3. 11.]
 [ 6.  6.]
 [ 7.  6.]
 [ 3. 12.]
 [ 4. 11.]
 [ 2. 12.]
 [ 6.  6.]
 [ 7.  6.]
 [ 2. 11.]
 [ 4. 11.]
 [ 2. 12.]
 [ 6.  6.]
 [ 7.  6.]
 [ 2. 12.]
 [ 3. 11.]
 [ 2. 11.]
 [ 6.  6.]
 [ 7.  6.]
 [ 2. 12.]
 [ 3. 11.]
 [ 1. 12.]
 [ 6.  6.]
 [ 7.  6.]
 [ 1. 11.]
 [ 3. 11.]
 [ 1. 12.]
 [ 6.  6.]
 [ 7.  6.]
 [ 1. 12.]
 [ 2. 11.]
 [ 1. 11.]
 [ 6.  6.]
 [ 7.  6.]
 [ 1. 12.]
 [ 2. 11.]
 [ 1. 11.]
 [ 6.  6.]
 [ 7.  6.]
 [ 1. 12.]
 [ 2. 11.]
 [ 0. 12.]
 [ 6.  6.]
 [ 7.  6.]]
