Maze:
##########################
#                        #
#                        #
#                        #
#                        #
#                        #
#     ##############     #
#     # C          #     #
#     #            #     #
#     #            #     #
#     #D           #     #
#     #            #     #
#     #     S      #     #
#     #            #     #
#     #            #     #
#     #          B #     #
#     #         A  #     #
#     #            #     #
#     #            #     #
#     ##############     #
#                        #
#                        #
#                        #
#                        #
#                        #
##########################
[[ 6.  6.]
 [10. 10.]
 [11.  9.]
 [ 2.  1.]
 [ 1.  4.]
 [ 6.  6.]
 [11.  9.]
 [12.  8.]
 [ 2.  0.]
 [ 1.  3.]
 [ 6.  6.]
 [12.  8.]
 [13.  7.]
 [ 2. -1.]
 [ 1.  2.]
 [ 6.  6.]
 [13.  7.]
 [14.  6.]
 [ 2. -2.]
 [ 1.  1.]
 [ 6.  6.]
 [14.  6.]
 [15.  5.]
 [ 2. -3.]
 [ 1.  0.]
 [ 6.  6.]
 [15.  5.]
 [16.  4.]
 [ 2. -4.]
 [ 1. -1.]
 [ 6.  6.]
 [16.  4.]
 [17.  3.]
 [ 2. -5.]
 [ 1. -2.]
 [ 6.  6.]
 [17.  3.]
 [17.  2.]
 [ 2. -5.]
 [ 1. -3.]
 [ 6.  6.]
 [17.  2.]
 [17.  1.]
 [ 2. -5.]
 [ 1. -4.]
 [ 6.  6.]
 [17.  1.]
 [17.  0.]
 [ 3. -5.]
 [ 2. -5.]
 [ 6.  6.]
 [17.  0.]
 [17. -1.]
 [ 4. -5.]
 [ 3. -5.]
 [ 6.  6.]
 [17. -1.]
 [17. -2.]
 [ 5. -5.]
 [ 4. -5.]
 [ 6.  6.]
 [17. -2.]
 [17. -3.]
 [ 6. -5.]
 [ 5. -5.]
 [ 6.  6.]
 [17. -3.]
 [17. -4.]
 [ 7. -5.]
 [ 6. -5.]
 [ 6.  6.]
 [17. -4.]
 [17. -5.]
 [ 8. -5.]
 [ 7. -5.]
 [ 6.  6.]
 [17. -4.]
 [17. -5.]
 [ 9. -5.]
 [ 8. -5.]
 [ 6.  6.]
 [17. -4.]
 [17. -5.]
 [10. -5.]
 [ 9. -5.]
 [ 6.  6.]
 [17. -4.]
 [17. -5.]
 [11. -5.]
 [10. -5.]
 [ 6.  6.]
 [17. -4.]
 [17. -5.]
 [12. -5.]
 [11. -5.]
 [ 6.  6.]
 [17. -4.]
 [17. -5.]
 [13. -5.]
 [12. -5.]
 [ 6.  6.]
 [17. -4.]
 [17. -5.]
 [13. -5.]
 [12. -5.]
 [ 6.  6.]
 [17. -4.]
 [17. -5.]
 [14. -5.]
 [13. -5.]]
