Maze:
##########################
#                        #
#                        #
#                        #
#                        #
#                        #
#     ##############     #
#     #            #     #
#     #            #     #
#     #            #     #
#     #            #     #
#     #     C      #     #
#     #     A      #     #
#     #            #     #
#     #            #     #
#     #            #     #
#     #   D        #     #
#     #        B   #     #
#     # S          #     #
#     ##############     #
#                        #
#                        #
#                        #
#                        #
#                        #
##########################
[[ 2. 12.]
 [ 6.  6.]
 [ 9. 11.]
 [ 6.  5.]
 [ 4. 10.]
 [ 2. 12.]
 [ 6.  6.]
 [ 9. 11.]
 [ 6.  5.]
 [ 5.  9.]
 [ 2. 12.]
 [ 6.  6.]
 [ 9. 12.]
 [ 6.  5.]
 [ 5.  8.]
 [ 2. 12.]
 [ 6.  6.]
 [ 9. 12.]
 [ 6.  5.]
 [ 5.  7.]
 [ 2. 12.]
 [ 6.  6.]
 [ 9. 12.]
 [ 6.  5.]
 [ 4.  6.]
 [ 2. 12.]
 [ 6.  6.]
 [ 9. 12.]
 [ 6.  5.]
 [ 5.  5.]
 [ 2. 12.]
 [ 6.  6.]
 [ 9. 12.]
 [ 7.  6.]
 [ 6.  5.]
 [ 2. 12.]
 [ 6.  6.]
 [ 9. 12.]
 [ 7.  6.]
 [ 7.  5.]
 [ 2. 12.]
 [ 6.  6.]
 [ 9. 12.]
 [ 6.  7.]
 [ 7.  6.]
 [ 2. 12.]
 [ 6.  6.]
 [ 9. 12.]
 [ 6.  7.]
 [ 7.  7.]
 [ 2. 12.]
 [ 6.  6.]
 [ 9. 12.]
 [ 5.  6.]
 [ 6.  7.]
 [ 2. 12.]
 [ 6.  6.]
 [ 9. 12.]
 [ 5.  6.]
 [ 5.  7.]
 [ 2. 12.]
 [ 6.  6.]
 [ 9. 12.]
 [ 6.  5.]
 [ 5.  6.]
 [ 2. 12.]
 [ 6.  6.]
 [ 9. 12.]
 [ 6.  5.]
 [ 5.  5.]
 [ 2. 12.]
 [ 6.  6.]
 [ 9. 12.]
 [ 7.  6.]
 [ 6.  5.]
 [ 2. 12.]
 [ 6.  6.]
 [ 9. 12.]
 [ 7.  6.]
 [ 7.  5.]
 [ 2. 12.]
 [ 6.  6.]
 [ 9. 12.]
 [ 6.  7.]
 [ 7.  6.]
 [ 2. 12.]
 [ 6.  6.]
 [ 9. 12.]
 [ 6.  7.]
 [ 7.  7.]
 [ 2. 12.]
 [ 6.  6.]
 [ 9. 12.]
 [ 5.  6.]
 [ 6.  7.]
 [ 2. 12.]
 [ 6.  6.]
 [ 9. 12.]
 [ 5.  6.]
 [ 5.  7.]
 [ 2. 12.]
 [ 6.  6.]
 [ 9. 12.]
 [ 5.  6.]
 [ 5.  7.]
 [ 2. 12.]
 [ 6.  6.]
 [ 9. 12.]
 [ 6.  5.]
 [ 5.  6.]]
