Maze:
##########################
#                        #
#                        #
#                        #
#                        #
#                        #
#     ##############     #
#     #            #     #
#     #            #     #
#     #            #     #
#     #           A#     #
#     #            #     #
#     #     D      #     #
#     #S           #     #
#     #      C     #     #
#     #            #     #
#     #            #     #
#     #            #     #
#     #       B    #     #
#     ##############     #
#                        #
#                        #
#                        #
#                        #
#                        #
##########################
[[ 1.  7.]
 [12.  4.]
 [ 8. 12.]
 [ 7.  8.]
 [ 6.  6.]
 [ 1.  7.]
 [12.  4.]
 [ 8. 12.]
 [ 8.  9.]
 [ 6.  6.]
 [ 1.  7.]
 [12.  4.]
 [ 8. 13.]
 [ 9.  9.]
 [ 6.  6.]
 [ 1.  7.]
 [12.  4.]
 [ 8. 13.]
 [10.  9.]
 [ 6.  6.]
 [ 1.  7.]
 [12.  4.]
 [ 8. 13.]
 [11.  9.]
 [ 6.  6.]
 [ 1.  7.]
 [12.  4.]
 [ 8. 13.]
 [12.  8.]
 [ 6.  6.]
 [ 1.  7.]
 [12.  3.]
 [ 8. 13.]
 [12.  7.]
 [ 6.  6.]
 [ 1.  7.]
 [12.  2.]
 [ 8. 13.]
 [12.  6.]
 [ 6.  6.]
 [ 1.  7.]
 [12.  1.]
 [ 8. 13.]
 [12.  5.]
 [ 6.  6.]
 [ 1.  7.]
 [12.  0.]
 [ 8. 13.]
 [12.  4.]
 [ 6.  6.]
 [ 1.  7.]
 [12. -1.]
 [ 8. 13.]
 [12.  3.]
 [ 6.  6.]
 [ 1.  7.]
 [12. -2.]
 [ 8. 13.]
 [12.  2.]
 [ 6.  6.]
 [ 1.  7.]
 [12. -3.]
 [ 8. 13.]
 [12.  1.]
 [ 6.  6.]
 [ 1.  7.]
 [12. -4.]
 [ 8. 13.]
 [12.  0.]
 [ 6.  6.]
 [ 1.  7.]
 [12. -5.]
 [ 8. 13.]
 [12. -1.]
 [ 6.  6.]
 [ 1.  7.]
 [12. -5.]
 [ 8. 13.]
 [12. -2.]
 [ 6.  6.]
 [ 1.  7.]
 [12. -5.]
 [ 8. 13.]
 [12. -3.]
 [ 6.  6.]
 [ 1.  7.]
 [12. -5.]
 [ 8. 13.]
 [12. -4.]
 [ 6.  6.]
 [ 1.  7.]
 [12. -5.]
 [ 8. 13.]
 [12. -4.]
 [ 6.  6.]]
