Maze:
##########################
#                        #
#                        #
#                        #
#                        #
#                        #
#     ##############     #
#     #       A    #     #
#     #           B#     #
#     #            #     #
#     #            #     #
#     #     D      #     #
#     #     C      #     #
#     #            #     #
#     #            #     #
#     #            #     #
#     #            #     #
#     #            #     #
#     #S           #     #
#     ##############     #
#                        #
#                        #
#                        #
#                        #
#                        #
##########################
[[ 1. 12.]
 [ 8.  1.]
 [12.  2.]
 [ 6.  6.]
 [ 6.  5.]
 [ 1. 12.]
 [ 9.  1.]
 [13.  2.]
 [ 6.  6.]
 [ 6.  5.]
 [ 1. 12.]
 [10.  1.]
 [14.  2.]
 [ 6.  6.]
 [ 6.  5.]
 [ 1. 12.]
 [11.  1.]
 [15.  2.]
 [ 6.  6.]
 [ 6.  5.]
 [ 1. 12.]
 [12.  1.]
 [16.  2.]
 [ 6.  6.]
 [ 6.  5.]
 [ 1. 12.]
 [13.  1.]
 [17.  2.]
 [ 6.  6.]
 [ 6.  5.]
 [ 1. 12.]
 [14.  1.]
 [17.  2.]
 [ 6.  6.]
 [ 6.  5.]
 [ 1. 12.]
 [15.  1.]
 [17.  2.]
 [ 6.  6.]
 [ 6.  5.]
 [ 1. 12.]
 [16.  1.]
 [17.  2.]
 [ 6.  6.]
 [ 6.  5.]
 [ 1. 12.]
 [17.  2.]
 [17.  3.]
 [ 6.  6.]
 [ 6.  5.]
 [ 1. 12.]
 [17.  3.]
 [17.  4.]
 [ 6.  6.]
 [ 6.  5.]
 [ 1. 12.]
 [17.  4.]
 [17.  5.]
 [ 6.  6.]
 [ 6.  5.]
 [ 1. 12.]
 [17.  5.]
 [17.  6.]
 [ 6.  6.]
 [ 6.  5.]
 [ 1. 12.]
 [17.  6.]
 [17.  7.]
 [ 6.  6.]
 [ 6.  5.]
 [ 1. 12.]
 [17.  7.]
 [17.  8.]
 [ 6.  6.]
 [ 6.  5.]
 [ 1. 12.]
 [17.  8.]
 [17.  9.]
 [ 6.  6.]
 [ 6.  5.]
 [ 1. 12.]
 [17.  9.]
 [17. 10.]
 [ 6.  6.]
 [ 6.  5.]
 [ 1. 12.]
 [17. 10.]
 [17. 11.]
 [ 6.  6.]
 [ 6.  5.]
 [ 1. 12.]
 [17. 11.]
 [17. 12.]
 [ 6.  6.]
 [ 6.  5.]
 [ 1. 12.]
 [17. 12.]
 [17. 13.]
 [ 6.  6.]
 [ 6.  5.]
 [ 1. 12.]
 [17. 12.]
 [17. 13.]
 [ 6.  6.]
 [ 6.  5.]
 [ 1. 12.]
 [17. 13.]
 [17. 14.]
 [ 6.  6.]
 [ 6.  5.]]
