Maze:
##########################
#                        #
#                        #
#                        #
#                        #
#                        #
#     ##############     #
#     #       B    #     #
#     #            #     #
#     #    S       #     #
#     #            #     #
#     #            #     #
#     #     D    A #     #
#     #C           #     #
#     #            #     #
#     #            #     #
#     #            #     #
#     #            #     #
#     #            #     #
#     ##############     #
#                        #
#                        #
#                        #
#                        #
#                        #
##########################
[[ 5.  3.]
 [11.  6.]
 [ 8.  1.]
 [ 1.  7.]
 [ 6.  6.]
 [ 6.  3.]
 [11.  6.]
 [ 7.  1.]
 [ 0.  7.]
 [ 6.  6.]
 [ 7.  2.]
 [10.  6.]
 [ 6.  2.]
 [ 0.  7.]
 [ 6.  6.]
 [ 6.  2.]
 [ 9.  5.]
 [ 7.  2.]
 [ 0.  7.]
 [ 6.  6.]
 [ 7.  2.]
 [ 8.  4.]
 [ 6.  2.]
 [ 0.  7.]
 [ 6.  6.]
 [ 6.  2.]
 [ 7.  3.]
 [ 7.  2.]
 [ 0.  7.]
 [ 6.  6.]
 [ 6.  2.]
 [ 7.  3.]
 [ 6.  1.]
 [ 0.  7.]
 [ 6.  6.]
 [ 7.  1.]
 [ 7.  3.]
 [ 6.  1.]
 [ 0.  7.]
 [ 6.  6.]
 [ 6.  1.]
 [ 7.  2.]
 [ 7.  1.]
 [ 0.  7.]
 [ 6.  6.]
 [ 6.  1.]
 [ 7.  2.]
 [ 6.  0.]
 [ 0.  7.]
 [ 6.  6.]
 [ 7.  0.]
 [ 7.  2.]
 [ 6.  0.]
 [ 0.  7.]
 [ 6.  6.]
 [ 6.  0.]
 [ 7.  1.]
 [ 7.  0.]
 [ 0.  7.]
 [ 6.  6.]
 [ 6.  0.]
 [ 7.  1.]
 [ 6. -1.]
 [ 0.  7.]
 [ 6.  6.]
 [ 7. -1.]
 [ 7.  1.]
 [ 6. -1.]
 [ 0.  7.]
 [ 6.  6.]
 [ 6. -1.]
 [ 7.  0.]
 [ 7. -1.]
 [ 0.  7.]
 [ 6.  6.]
 [ 6. -1.]
 [ 7.  0.]
 [ 6. -2.]
 [ 0.  7.]
 [ 6.  6.]
 [ 7. -2.]
 [ 7.  0.]
 [ 6. -2.]
 [ 0.  7.]
 [ 6.  6.]
 [ 6. -2.]
 [ 7. -1.]
 [ 7. -2.]
 [ 0.  7.]
 [ 6.  6.]
 [ 6. -2.]
 [ 7. -1.]
 [ 6. -3.]
 [ 0.  7.]
 [ 6.  6.]
 [ 7. -3.]
 [ 7. -1.]
 [ 6. -3.]
 [ 0.  7.]
 [ 6.  6.]
 [ 7. -3.]
 [ 7. -1.]
 [ 6. -3.]
 [ 0.  7.]
 [ 6.  6.]
 [ 6. -3.]
 [ 7. -2.]
 [ 7. -3.]
 [ 0.  7.]
 [ 6.  6.]]
