Maze:
##########################
#                        #
#                        #
#                        #
#                        #
#                        #
#     ##############     #
#     #       A    #     #
#     #     S      #     #
#     #            #     #
#     #            #     #
#     #            #     #
#     #     DC     #     #
#     #            #     #
#     #            #     #
#     #            #     #
#     #            #     #
#     #        B   #     #
#     #            #     #
#     ##############     #
#                        #
#                        #
#                        #
#                        #
#                        #
##########################
[[ 6.  2.]
 [ 8.  1.]
 [ 9. 11.]
 [ 7.  6.]
 [ 6.  6.]
 [ 6.  2.]
 [ 8.  1.]
 [ 9. 11.]
 [ 8.  6.]
 [ 6.  6.]
 [ 6.  2.]
 [ 8.  1.]
 [ 9. 11.]
 [ 9.  6.]
 [ 6.  6.]
 [ 6.  2.]
 [ 8.  1.]
 [ 9. 11.]
 [10.  6.]
 [ 6.  6.]
 [ 6.  2.]
 [ 8.  1.]
 [ 9. 11.]
 [11.  5.]
 [ 6.  6.]
 [ 7.  2.]
 [ 7.  1.]
 [ 9. 11.]
 [11.  4.]
 [ 6.  6.]
 [ 7.  1.]
 [ 7.  2.]
 [ 9. 11.]
 [11.  3.]
 [ 6.  6.]
 [ 7.  2.]
 [ 7.  1.]
 [ 9. 11.]
 [10.  2.]
 [ 6.  6.]
 [ 7.  1.]
 [ 7.  2.]
 [ 9. 11.]
 [ 9.  1.]
 [ 6.  6.]
 [ 7.  2.]
 [ 6.  1.]
 [ 9. 11.]
 [ 8.  1.]
 [ 6.  6.]
 [ 7.  2.]
 [ 6.  1.]
 [ 9. 11.]
 [ 7.  1.]
 [ 6.  6.]
 [ 7.  3.]
 [ 5.  1.]
 [ 9. 11.]
 [ 6.  1.]
 [ 6.  6.]
 [ 7.  4.]
 [ 4.  1.]
 [ 9. 11.]
 [ 5.  1.]
 [ 6.  6.]
 [ 7.  5.]
 [ 3.  1.]
 [ 9. 11.]
 [ 4.  1.]
 [ 6.  6.]
 [ 7.  5.]
 [ 2.  1.]
 [ 9. 11.]
 [ 3.  1.]
 [ 6.  6.]
 [ 7.  5.]
 [ 1.  1.]
 [ 9. 11.]
 [ 2.  1.]
 [ 6.  6.]
 [ 7.  5.]
 [ 0.  1.]
 [ 9. 11.]
 [ 1.  1.]
 [ 6.  6.]
 [ 7.  5.]
 [-1.  1.]
 [ 9. 11.]
 [ 0.  1.]
 [ 6.  6.]
 [ 7.  5.]
 [-2.  1.]
 [ 9. 11.]
 [-1.  1.]
 [ 6.  6.]
 [ 7.  5.]
 [-3.  1.]
 [ 9. 11.]
 [-2.  1.]
 [ 6.  6.]
 [ 7.  5.]
 [-3.  1.]
 [ 9. 11.]
 [-2.  1.]
 [ 6.  6.]
 [ 7.  5.]
 [-4.  1.]
 [ 9. 11.]
 [-3.  1.]
 [ 6.  6.]]
