Maze:
##########################
#                        #
#                        #
#                        #
#                        #
#                        #
#     ##############     #
#     #            #     #
#     #            #     #
#     #            #     #
#     #          B #     #
#     #            #     #
#     #     A      #     #
#     #            #     #
#     #            #     #
#     #   S        #     #
#     #           C#     #
#     #       D    #     #
#     #            #     #
#     ##############     #
#                        #
#                        #
#                        #
#                        #
#                        #
##########################
[[ 4.  9.]
 [ 6.  6.]
 [11.  4.]
 [12. 10.]
 [ 8. 11.]
 [ 4.  9.]
 [ 6.  6.]
 [11.  4.]
 [13. 10.]
 [ 9. 11.]
 [ 4.  9.]
 [ 6.  6.]
 [11.  4.]
 [14. 10.]
 [10. 11.]
 [ 4.  8.]
 [ 6.  6.]
 [11.  4.]
 [15. 10.]
 [11. 11.]
 [ 5.  7.]
 [ 6.  6.]
 [11.  4.]
 [16. 10.]
 [12. 11.]
 [ 5.  7.]
 [ 6.  6.]
 [11.  4.]
 [17. 10.]
 [13. 11.]
 [ 5.  7.]
 [ 6.  6.]
 [11.  4.]
 [17. 10.]
 [14. 11.]
 [ 5.  7.]
 [ 6.  6.]
 [11.  4.]
 [17. 10.]
 [15. 11.]
 [ 5.  7.]
 [ 6.  6.]
 [11.  4.]
 [17. 10.]
 [16. 11.]
 [ 5.  7.]
 [ 6.  6.]
 [11.  4.]
 [17.  9.]
 [17. 10.]
 [ 5.  7.]
 [ 6.  6.]
 [11.  4.]
 [17.  8.]
 [17.  9.]
 [ 5.  7.]
 [ 6.  6.]
 [11.  4.]
 [17.  7.]
 [17.  8.]
 [ 5.  7.]
 [ 6.  6.]
 [11.  4.]
 [17.  6.]
 [17.  7.]
 [ 5.  7.]
 [ 6.  6.]
 [11.  4.]
 [17.  5.]
 [17.  6.]
 [ 5.  7.]
 [ 6.  6.]
 [11.  4.]
 [17.  4.]
 [17.  5.]
 [ 5.  7.]
 [ 6.  6.]
 [11.  4.]
 [17.  3.]
 [17.  4.]
 [ 5.  7.]
 [ 6.  6.]
 [11.  4.]
 [17.  2.]
 [17.  3.]
 [ 5.  7.]
 [ 6.  6.]
 [11.  4.]
 [17.  1.]
 [17.  2.]
 [ 5.  7.]
 [ 6.  6.]
 [11.  4.]
 [17.  0.]
 [17.  1.]
 [ 5.  7.]
 [ 6.  6.]
 [11.  4.]
 [17. -1.]
 [17.  0.]
 [ 5.  7.]
 [ 6.  6.]
 [11.  4.]
 [17. -1.]
 [17.  0.]
 [ 5.  7.]
 [ 6.  6.]
 [11.  4.]
 [17. -2.]
 [17. -1.]]
