Maze:
##########################
#                        #
#                        #
#                        #
#                        #
#                        #
#     ##############     #
#     #            #     #
#     #            #     #
#     #            #     #
#     #    C       #     #
#     #      S     #     #
#     #     D      #     #
#     #            #     #
#     #            #     #
#     #            #     #
#     #          A #     #
#     #     B      #     #
#     #            #     #
#     ##############     #
#                        #
#                        #
#                        #
#                        #
#                        #
##########################
[[ 7.  5.]
 [11. 10.]
 [ 6. 11.]
 [ 5.  4.]
 [ 6.  6.]
 [ 7.  6.]
 [10. 10.]
 [ 6. 11.]
 [ 5.  3.]
 [ 6.  6.]
 [ 7.  6.]
 [ 9. 10.]
 [ 5. 11.]
 [ 5.  2.]
 [ 6.  6.]
 [ 7.  6.]
 [ 8. 10.]
 [ 4. 11.]
 [ 5.  1.]
 [ 6.  6.]
 [ 7.  6.]
 [ 7. 10.]
 [ 3. 11.]
 [ 5.  0.]
 [ 6.  6.]
 [ 7.  6.]
 [ 6. 10.]
 [ 2. 11.]
 [ 5.  0.]
 [ 6.  6.]
 [ 7.  6.]
 [ 5. 10.]
 [ 1. 11.]
 [ 5.  0.]
 [ 6.  6.]
 [ 7.  6.]
 [ 4. 10.]
 [ 0. 11.]
 [ 5.  0.]
 [ 6.  6.]
 [ 7.  6.]
 [ 3. 10.]
 [-1. 11.]
 [ 5.  0.]
 [ 6.  6.]
 [ 7.  6.]
 [ 2. 10.]
 [-2. 11.]
 [ 5.  0.]
 [ 6.  6.]
 [ 7.  6.]
 [ 1. 10.]
 [-3. 11.]
 [ 5.  0.]
 [ 6.  6.]
 [ 7.  6.]
 [ 0. 10.]
 [-4. 11.]
 [ 5.  0.]
 [ 6.  6.]
 [ 7.  6.]
 [-1. 10.]
 [-5. 11.]
 [ 5.  0.]
 [ 6.  6.]
 [ 7.  6.]
 [-2. 10.]
 [-5. 11.]
 [ 5.  0.]
 [ 6.  6.]
 [ 7.  6.]
 [-3. 10.]
 [-5. 11.]
 [ 5.  0.]
 [ 6.  6.]
 [ 7.  6.]
 [-4. 10.]
 [-5. 11.]
 [ 5.  0.]
 [ 6.  6.]
 [ 7.  6.]
 [-5. 11.]
 [-5. 12.]
 [ 5.  0.]
 [ 6.  6.]
 [ 7.  6.]
 [-5. 12.]
 [-5. 13.]
 [ 5.  0.]
 [ 6.  6.]
 [ 7.  6.]
 [-5. 13.]
 [-5. 14.]
 [ 5.  0.]
 [ 6.  6.]
 [ 7.  6.]
 [-5. 14.]
 [-5. 15.]
 [ 5.  0.]
 [ 6.  6.]
 [ 7.  6.]
 [-5. 14.]
 [-5. 15.]
 [ 5.  0.]
 [ 6.  6.]
 [ 7.  6.]
 [-5. 15.]
 [-5. 16.]
 [ 5.  0.]
 [ 6.  6.]]
