Maze:
##########################
#                        #
#                        #
#                        #
#                        #
#                        #
#     ##############     #
#     #         S  #     #
#     #            #     #
#     #   A        #     #
#     #            #     #
#     #            #     #
#     #     B      #     #
#     #    C       #     #
#     #            #     #
#     #            #     #
#     # D          #     #
#     #            #     #
#     #            #     #
#     ##############     #
#                        #
#                        #
#                        #
#                        #
#                        #
##########################
[[10.  1.]
 [ 4.  3.]
 [ 6.  6.]
 [ 5.  7.]
 [ 2. 10.]
 [10.  1.]
 [ 5.  3.]
 [ 6.  6.]
 [ 4.  7.]
 [ 2. 10.]
 [10.  1.]
 [ 6.  4.]
 [ 6.  6.]
 [ 4.  6.]
 [ 2.  9.]
 [10.  1.]
 [ 6.  5.]
 [ 6.  6.]
 [ 4.  5.]
 [ 2.  8.]
 [10.  1.]
 [ 6.  5.]
 [ 6.  6.]
 [ 5.  5.]
 [ 2.  7.]
 [10.  1.]
 [ 7.  6.]
 [ 6.  6.]
 [ 6.  5.]
 [ 2.  7.]
 [10.  1.]
 [ 7.  6.]
 [ 6.  6.]
 [ 7.  5.]
 [ 2.  7.]
 [10.  1.]
 [ 6.  7.]
 [ 6.  6.]
 [ 7.  6.]
 [ 2.  7.]
 [10.  1.]
 [ 6.  7.]
 [ 6.  6.]
 [ 7.  7.]
 [ 2.  7.]
 [10.  1.]
 [ 5.  6.]
 [ 6.  6.]
 [ 6.  7.]
 [ 2.  7.]
 [10.  1.]
 [ 5.  6.]
 [ 6.  6.]
 [ 5.  7.]
 [ 2.  7.]
 [10.  1.]
 [ 6.  5.]
 [ 6.  6.]
 [ 5.  6.]
 [ 3.  7.]
 [10.  1.]
 [ 6.  5.]
 [ 6.  6.]
 [ 5.  5.]
 [ 4.  7.]
 [10.  1.]
 [ 7.  6.]
 [ 6.  6.]
 [ 6.  5.]
 [ 4.  6.]
 [10.  1.]
 [ 7.  6.]
 [ 6.  6.]
 [ 7.  5.]
 [ 4.  5.]
 [10.  1.]
 [ 6.  7.]
 [ 6.  6.]
 [ 7.  6.]
 [ 4.  5.]
 [10.  1.]
 [ 6.  7.]
 [ 6.  6.]
 [ 7.  7.]
 [ 4.  5.]
 [10.  1.]
 [ 5.  6.]
 [ 6.  6.]
 [ 6.  7.]
 [ 3.  5.]
 [10.  1.]
 [ 5.  6.]
 [ 6.  6.]
 [ 5.  7.]
 [ 2.  5.]
 [10.  1.]
 [ 6.  5.]
 [ 6.  6.]
 [ 5.  6.]
 [ 2.  5.]
 [10.  1.]
 [ 6.  5.]
 [ 6.  6.]
 [ 5.  6.]
 [ 2.  5.]
 [10.  1.]
 [ 6.  5.]
 [ 6.  6.]
 [ 5.  5.]
 [ 3.  5.]]
