Maze:
##########################
#                        #
#                        #
#                        #
#                        #
#                        #
#     ##############     #
#     #            #     #
#     #            #     #
#     #   C        #     #
#     #            #     #
#     #B           #     #
#     #     S      #     #
#     #            #     #
#     #        D   #     #
#     #    A       #     #
#     #            #     #
#     #            #     #
#     #            #     #
#     ##############     #
#                        #
#                        #
#                        #
#                        #
#                        #
##########################
[[ 6.  6.]
 [ 5.  9.]
 [ 1.  5.]
 [ 4.  3.]
 [ 9.  8.]
 [ 6.  6.]
 [ 5.  8.]
 [ 1.  5.]
 [ 4.  3.]
 [10.  8.]
 [ 6.  6.]
 [ 5.  7.]
 [ 1.  5.]
 [ 4.  3.]
 [11.  8.]
 [ 6.  6.]
 [ 5.  7.]
 [ 1.  5.]
 [ 4.  4.]
 [11.  8.]
 [ 6.  6.]
 [ 5.  7.]
 [ 0.  5.]
 [ 5.  5.]
 [11.  8.]
 [ 6.  6.]
 [ 6.  8.]
 [ 0.  5.]
 [ 5.  6.]
 [11.  8.]
 [ 6.  6.]
 [ 7.  9.]
 [ 0.  5.]
 [ 5.  7.]
 [11.  8.]
 [ 6.  6.]
 [ 8.  9.]
 [ 0.  5.]
 [ 5.  8.]
 [11.  8.]
 [ 6.  6.]
 [ 9.  9.]
 [ 0.  5.]
 [ 6.  9.]
 [11.  8.]
 [ 6.  6.]
 [10.  9.]
 [ 0.  5.]
 [ 7.  9.]
 [12.  8.]
 [ 6.  6.]
 [11.  9.]
 [ 0.  5.]
 [ 8.  9.]
 [13.  8.]
 [ 6.  6.]
 [12.  9.]
 [ 0.  5.]
 [ 9.  9.]
 [14.  8.]
 [ 6.  6.]
 [13.  9.]
 [ 0.  5.]
 [10.  9.]
 [15.  8.]
 [ 6.  6.]
 [14.  9.]
 [ 0.  5.]
 [11.  9.]
 [16.  8.]
 [ 6.  6.]
 [15.  9.]
 [ 0.  5.]
 [12.  9.]
 [17.  8.]
 [ 6.  6.]
 [16.  9.]
 [ 0.  5.]
 [13.  9.]
 [17.  8.]
 [ 6.  6.]
 [17.  8.]
 [ 0.  5.]
 [14.  9.]
 [17.  7.]
 [ 6.  6.]
 [17.  7.]
 [ 0.  5.]
 [15.  9.]
 [17.  6.]
 [ 6.  6.]
 [17.  6.]
 [ 0.  5.]
 [16.  8.]
 [17.  5.]
 [ 6.  6.]
 [17.  5.]
 [ 0.  5.]
 [17.  7.]
 [17.  4.]
 [ 6.  6.]
 [17.  5.]
 [ 0.  5.]
 [17.  7.]
 [17.  4.]
 [ 6.  6.]
 [17.  4.]
 [ 0.  5.]
 [17.  6.]
 [17.  3.]]
