Maze:
##########################
#                        #
#                        #
#                        #
#                        #
#                        #
#     ##############     #
#     #            #     #
#     #    A       #     #
#     #            #     #
#     #         D  #     #
#     #     S      #     #
#     #     B      #     #
#     #            #     #
#     #        C   #     #
#     #            #     #
#     #            #     #
#     #            #     #
#     #            #     #
#     ##############     #
#                        #
#                        #
#                        #
#                        #
#                        #
##########################
[[ 6.  5.]
 [ 5.  2.]
 [ 6.  6.]
 [ 9.  8.]
 [10.  4.]
 [ 6.  5.]
 [ 5.  3.]
 [ 6.  6.]
 [ 9.  9.]
 [11.  5.]
 [ 6.  5.]
 [ 5.  4.]
 [ 6.  6.]
 [ 9. 10.]
 [11.  6.]
 [ 5.  6.]
 [ 6.  5.]
 [ 6.  6.]
 [ 9. 11.]
 [11.  7.]
 [ 5.  6.]
 [ 6.  5.]
 [ 6.  6.]
 [ 9. 12.]
 [11.  8.]
 [ 5.  6.]
 [ 6.  5.]
 [ 6.  6.]
 [ 9. 13.]
 [11.  9.]
 [ 5.  6.]
 [ 6.  5.]
 [ 6.  6.]
 [ 9. 14.]
 [11. 10.]
 [ 5.  6.]
 [ 6.  5.]
 [ 6.  6.]
 [ 9. 15.]
 [11. 11.]
 [ 5.  6.]
 [ 6.  5.]
 [ 6.  6.]
 [ 9. 16.]
 [11. 12.]
 [ 5.  6.]
 [ 6.  5.]
 [ 6.  6.]
 [ 9. 17.]
 [11. 13.]
 [ 5.  6.]
 [ 6.  5.]
 [ 6.  6.]
 [ 9. 17.]
 [11. 14.]
 [ 5.  6.]
 [ 6.  5.]
 [ 6.  6.]
 [ 8. 17.]
 [11. 15.]
 [ 5.  6.]
 [ 6.  5.]
 [ 6.  6.]
 [ 7. 17.]
 [10. 16.]
 [ 5.  6.]
 [ 6.  5.]
 [ 6.  6.]
 [ 6. 17.]
 [ 9. 16.]
 [ 5.  6.]
 [ 6.  5.]
 [ 6.  6.]
 [ 5. 17.]
 [ 8. 16.]
 [ 5.  6.]
 [ 6.  5.]
 [ 6.  6.]
 [ 4. 17.]
 [ 7. 16.]
 [ 5.  6.]
 [ 6.  5.]
 [ 6.  6.]
 [ 3. 17.]
 [ 6. 16.]
 [ 5.  6.]
 [ 6.  5.]
 [ 6.  6.]
 [ 2. 17.]
 [ 5. 16.]
 [ 5.  6.]
 [ 6.  5.]
 [ 6.  6.]
 [ 1. 17.]
 [ 4. 16.]
 [ 5.  6.]
 [ 6.  5.]
 [ 6.  6.]
 [ 0. 17.]
 [ 3. 16.]
 [ 5.  6.]
 [ 6.  5.]
 [ 6.  6.]
 [ 0. 17.]
 [ 3. 16.]
 [ 5.  6.]
 [ 6.  5.]
 [ 6.  6.]
 [-1. 17.]
 [ 2. 16.]]
