Maze:
##########################
#                        #
#                        #
#                        #
#                        #
#                        #
#     ##############     #
#     #            #     #
#     #      D     #     #
#     #   S        #     #
#     #    C       #     #
#     #            #     #
#     #     A      #     #
#     #            #     #
#     #            #     #
#     #            #     #
#     #B           #     #
#     #            #     #
#     #            #     #
#     ##############     #
#                        #
#                        #
#                        #
#                        #
#                        #
##########################
[[ 4.  3.]
 [ 6.  6.]
 [ 1. 10.]
 [ 5.  4.]
 [ 7.  2.]
 [ 3.  2.]
 [ 6.  6.]
 [ 1. 10.]
 [ 5.  5.]
 [ 7.  3.]
 [ 3.  2.]
 [ 6.  6.]
 [ 1. 10.]
 [ 5.  5.]
 [ 7.  4.]
 [ 3.  2.]
 [ 6.  6.]
 [ 1. 10.]
 [ 5.  6.]
 [ 6.  4.]
 [ 3.  2.]
 [ 6.  6.]
 [ 1. 10.]
 [ 5.  6.]
 [ 6.  5.]
 [ 3.  2.]
 [ 6.  6.]
 [ 1. 10.]
 [ 5.  6.]
 [ 5.  5.]
 [ 3.  2.]
 [ 6.  6.]
 [ 1. 10.]
 [ 6.  7.]
 [ 5.  6.]
 [ 3.  2.]
 [ 6.  6.]
 [ 1. 10.]
 [ 6.  7.]
 [ 5.  7.]
 [ 3.  2.]
 [ 6.  6.]
 [ 1. 10.]
 [ 7.  6.]
 [ 6.  7.]
 [ 3.  2.]
 [ 6.  6.]
 [ 1. 10.]
 [ 7.  6.]
 [ 7.  7.]
 [ 3.  2.]
 [ 6.  6.]
 [ 1. 10.]
 [ 6.  5.]
 [ 7.  6.]
 [ 3.  2.]
 [ 6.  6.]
 [ 1. 10.]
 [ 6.  5.]
 [ 7.  5.]
 [ 3.  2.]
 [ 6.  6.]
 [ 1. 10.]
 [ 5.  6.]
 [ 6.  5.]
 [ 3.  2.]
 [ 6.  6.]
 [ 1. 10.]
 [ 5.  6.]
 [ 5.  5.]
 [ 3.  2.]
 [ 6.  6.]
 [ 1. 10.]
 [ 6.  7.]
 [ 5.  6.]
 [ 3.  2.]
 [ 6.  6.]
 [ 1. 10.]
 [ 6.  7.]
 [ 5.  7.]
 [ 3.  2.]
 [ 6.  6.]
 [ 1. 10.]
 [ 7.  6.]
 [ 6.  7.]
 [ 3.  2.]
 [ 6.  6.]
 [ 1. 10.]
 [ 7.  6.]
 [ 7.  7.]
 [ 3.  2.]
 [ 6.  6.]
 [ 1. 10.]
 [ 6.  5.]
 [ 7.  6.]
 [ 3.  2.]
 [ 6.  6.]
 [ 1. 10.]
 [ 6.  5.]
 [ 7.  5.]
 [ 3.  2.]
 [ 6.  6.]
 [ 1. 10.]
 [ 6.  5.]
 [ 7.  5.]
 [ 3.  2.]
 [ 6.  6.]
 [ 1. 10.]
 [ 5.  6.]
 [ 6.  5.]]
