Maze:
##########################
#                        #
#                        #
#                        #
#                        #
#                        #
#     ##############     #
#     #       B    #     #
#     #            #     #
#     #         A  #     #
#     #            #     #
#     #     D      #     #
#     #     SC     #     #
#     #            #     #
#     #            #     #
#     #            #     #
#     #            #     #
#     #            #     #
#     #            #     #
#     ##############     #
#                        #
#                        #
#                        #
#                        #
#                        #
##########################
[[ 6.  6.]
 [10.  3.]
 [ 8.  1.]
 [ 7.  6.]
 [ 6.  5.]
 [ 6.  6.]
 [ 9.  2.]
 [ 7.  0.]
 [ 8.  7.]
 [ 7.  4.]
 [ 6.  6.]
 [ 8.  1.]
 [ 6. -1.]
 [ 9.  8.]
 [ 8.  4.]
 [ 6.  6.]
 [ 7.  1.]
 [ 5. -2.]
 [ 9.  9.]
 [ 9.  5.]
 [ 6.  6.]
 [ 6.  0.]
 [ 4. -3.]
 [ 9. 10.]
 [10.  6.]
 [ 6.  6.]
 [ 5. -1.]
 [ 3. -4.]
 [ 9. 11.]
 [10.  7.]
 [ 6.  6.]
 [ 4. -2.]
 [ 2. -5.]
 [ 9. 12.]
 [10.  8.]
 [ 6.  6.]
 [ 3. -3.]
 [ 1. -5.]
 [ 9. 13.]
 [10.  9.]
 [ 6.  6.]
 [ 2. -4.]
 [ 0. -5.]
 [ 9. 14.]
 [10. 10.]
 [ 6.  6.]
 [ 1. -4.]
 [-1. -5.]
 [ 9. 15.]
 [10. 11.]
 [ 6.  6.]
 [ 0. -4.]
 [-2. -5.]
 [ 9. 16.]
 [10. 12.]
 [ 6.  6.]
 [-1. -4.]
 [-3. -5.]
 [ 9. 17.]
 [10. 13.]
 [ 6.  6.]
 [-2. -4.]
 [-4. -5.]
 [ 9. 17.]
 [10. 14.]
 [ 6.  6.]
 [-3. -4.]
 [-5. -5.]
 [ 9. 17.]
 [10. 15.]
 [ 6.  6.]
 [-4. -4.]
 [-5. -5.]
 [ 9. 17.]
 [10. 16.]
 [ 6.  6.]
 [-4. -4.]
 [-5. -5.]
 [ 8. 17.]
 [ 9. 17.]
 [ 6.  6.]
 [-4. -4.]
 [-5. -5.]
 [ 7. 17.]
 [ 8. 17.]
 [ 6.  6.]
 [-4. -4.]
 [-5. -5.]
 [ 6. 17.]
 [ 7. 17.]
 [ 6.  6.]
 [-4. -4.]
 [-5. -5.]
 [ 5. 17.]
 [ 6. 17.]
 [ 6.  6.]
 [-4. -4.]
 [-5. -5.]
 [ 4. 17.]
 [ 5. 17.]
 [ 6.  6.]
 [-4. -4.]
 [-5. -5.]
 [ 4. 17.]
 [ 5. 17.]
 [ 6.  6.]
 [-4. -4.]
 [-5. -5.]
 [ 3. 17.]
 [ 4. 17.]]
