Maze:
##########################
#                        #
#                        #
#                        #
#                        #
#                        #
#     ##############     #
#     #            #     #
#     #          S #     #
#     #            #     #
#     #      A     #     #
#     #            #     #
#     #     B      #     #
#     #     D      #     #
#     #            #     #
#     #            #     #
#     #    C       #     #
#     #            #     #
#     #            #     #
#     ##############     #
#                        #
#                        #
#                        #
#                        #
#                        #
##########################
[[11.  2.]
 [ 7.  4.]
 [ 6.  6.]
 [ 5. 10.]
 [ 6.  7.]
 [11.  2.]
 [ 7.  5.]
 [ 6.  6.]
 [ 5. 11.]
 [ 6.  8.]
 [11.  2.]
 [ 7.  5.]
 [ 6.  6.]
 [ 5. 12.]
 [ 6.  9.]
 [11.  2.]
 [ 7.  5.]
 [ 6.  6.]
 [ 5. 13.]
 [ 6. 10.]
 [11.  2.]
 [ 7.  5.]
 [ 6.  6.]
 [ 5. 14.]
 [ 6. 11.]
 [11.  2.]
 [ 7.  5.]
 [ 6.  6.]
 [ 5. 15.]
 [ 6. 12.]
 [11.  2.]
 [ 7.  5.]
 [ 6.  6.]
 [ 5. 16.]
 [ 6. 13.]
 [11.  2.]
 [ 7.  5.]
 [ 6.  6.]
 [ 5. 17.]
 [ 6. 14.]
 [11.  2.]
 [ 7.  5.]
 [ 6.  6.]
 [ 5. 17.]
 [ 6. 15.]
 [11.  2.]
 [ 7.  5.]
 [ 6.  6.]
 [ 5. 17.]
 [ 6. 16.]
 [11.  2.]
 [ 7.  5.]
 [ 6.  6.]
 [ 4. 17.]
 [ 5. 17.]
 [11.  2.]
 [ 7.  5.]
 [ 6.  6.]
 [ 3. 17.]
 [ 4. 17.]
 [11.  2.]
 [ 7.  5.]
 [ 6.  6.]
 [ 2. 17.]
 [ 3. 17.]
 [11.  2.]
 [ 7.  5.]
 [ 6.  6.]
 [ 1. 17.]
 [ 2. 17.]
 [11.  2.]
 [ 7.  5.]
 [ 6.  6.]
 [ 0. 17.]
 [ 1. 17.]
 [11.  2.]
 [ 7.  5.]
 [ 6.  6.]
 [-1. 17.]
 [ 0. 17.]
 [11.  2.]
 [ 7.  5.]
 [ 6.  6.]
 [-2. 17.]
 [-1. 17.]
 [11.  2.]
 [ 7.  5.]
 [ 6.  6.]
 [-3. 17.]
 [-2. 17.]
 [11.  2.]
 [ 7.  5.]
 [ 6.  6.]
 [-4. 17.]
 [-3. 17.]
 [11.  2.]
 [ 7.  5.]
 [ 6.  6.]
 [-5. 17.]
 [-4. 17.]
 [11.  2.]
 [ 7.  5.]
 [ 6.  6.]
 [-5. 17.]
 [-4. 17.]]
