Maze:
##########################
#                        #
#                        #
#                        #
#                        #
#                        #
#     ##############     #
#     #            #     #
#     #            #     #
#     #            #     #
#     # B          #     #
#     #            #     #
#     #A    C      #     #
#     #            #     #
#     #            #     #
#     #       D    #     #
#     #            #     #
#     #            #     #
#     #     S      #     #
#     ##############     #
#                        #
#                        #
#                        #
#                        #
#                        #
##########################
[[ 6. 12.]
 [ 1.  6.]
 [ 2.  4.]
 [ 6.  6.]
 [ 8.  9.]
 [ 6. 12.]
 [ 1.  5.]
 [ 2.  3.]
 [ 6.  6.]
 [ 8.  8.]
 [ 6. 12.]
 [ 1.  4.]
 [ 2.  2.]
 [ 6.  6.]
 [ 8.  7.]
 [ 6. 12.]
 [ 1.  3.]
 [ 2.  1.]
 [ 6.  6.]
 [ 7.  6.]
 [ 6. 12.]
 [ 1.  2.]
 [ 2.  0.]
 [ 6.  6.]
 [ 7.  6.]
 [ 6. 12.]
 [ 1.  1.]
 [ 2. -1.]
 [ 6.  6.]
 [ 7.  6.]
 [ 6. 12.]
 [ 1.  0.]
 [ 2. -2.]
 [ 6.  6.]
 [ 7.  6.]
 [ 6. 12.]
 [ 1. -1.]
 [ 2. -3.]
 [ 6.  6.]
 [ 7.  6.]
 [ 6. 12.]
 [ 1. -2.]
 [ 2. -4.]
 [ 6.  6.]
 [ 7.  6.]
 [ 6. 12.]
 [ 1. -3.]
 [ 2. -5.]
 [ 6.  6.]
 [ 7.  6.]
 [ 6. 12.]
 [ 1. -4.]
 [ 2. -5.]
 [ 6.  6.]
 [ 7.  6.]
 [ 6. 12.]
 [ 2. -5.]
 [ 3. -5.]
 [ 6.  6.]
 [ 7.  6.]
 [ 6. 12.]
 [ 3. -5.]
 [ 4. -5.]
 [ 6.  6.]
 [ 7.  6.]
 [ 6. 12.]
 [ 4. -5.]
 [ 5. -5.]
 [ 6.  6.]
 [ 7.  6.]
 [ 6. 12.]
 [ 5. -5.]
 [ 6. -5.]
 [ 6.  6.]
 [ 7.  6.]
 [ 6. 12.]
 [ 6. -5.]
 [ 7. -5.]
 [ 6.  6.]
 [ 7.  6.]
 [ 6. 12.]
 [ 7. -5.]
 [ 8. -5.]
 [ 6.  6.]
 [ 7.  6.]
 [ 6. 12.]
 [ 8. -5.]
 [ 9. -5.]
 [ 6.  6.]
 [ 7.  6.]
 [ 6. 12.]
 [ 9. -5.]
 [10. -5.]
 [ 6.  6.]
 [ 7.  6.]
 [ 6. 12.]
 [10. -5.]
 [11. -5.]
 [ 6.  6.]
 [ 7.  6.]
 [ 6. 12.]
 [10. -5.]
 [11. -5.]
 [ 6.  6.]
 [ 7.  6.]
 [ 6. 12.]
 [11. -5.]
 [12. -5.]
 [ 6.  6.]
 [ 7.  6.]]
