Maze:
##########################
#                        #
#                        #
#                        #
#                        #
#                        #
#     ##############     #
#     #            #     #
#     #            #     #
#     #       C    #     #
#     #           D#     #
#     #          S #     #
#     #     B      #     #
#     #            #     #
#     #            #     #
#     #            #     #
#     #        A   #     #
#     #            #     #
#     #            #     #
#     ##############     #
#                        #
#                        #
#                        #
#                        #
#                        #
##########################
[[11.  5.]
 [ 9. 10.]
 [ 6.  6.]
 [ 8.  3.]
 [12.  4.]
 [12.  5.]
 [ 9.  9.]
 [ 6.  6.]
 [ 7.  3.]
 [13.  3.]
 [12.  5.]
 [ 9.  8.]
 [ 6.  6.]
 [ 7.  3.]
 [13.  2.]
 [12.  5.]
 [ 8.  7.]
 [ 6.  6.]
 [ 7.  3.]
 [13.  1.]
 [12.  5.]
 [ 7.  7.]
 [ 6.  6.]
 [ 7.  4.]
 [13.  0.]
 [12.  5.]
 [ 7.  7.]
 [ 6.  6.]
 [ 7.  5.]
 [13.  0.]
 [12.  5.]
 [ 6.  7.]
 [ 6.  6.]
 [ 8.  6.]
 [13.  0.]
 [12.  5.]
 [ 6.  7.]
 [ 6.  6.]
 [ 7.  7.]
 [13.  0.]
 [12.  5.]
 [ 5.  6.]
 [ 6.  6.]
 [ 6.  7.]
 [13.  0.]
 [12.  5.]
 [ 5.  6.]
 [ 6.  6.]
 [ 5.  7.]
 [13.  0.]
 [12.  5.]
 [ 6.  5.]
 [ 6.  6.]
 [ 5.  6.]
 [13.  0.]
 [12.  5.]
 [ 6.  5.]
 [ 6.  6.]
 [ 5.  5.]
 [13.  0.]
 [12.  5.]
 [ 7.  6.]
 [ 6.  6.]
 [ 6.  5.]
 [13.  0.]
 [12.  5.]
 [ 7.  6.]
 [ 6.  6.]
 [ 7.  5.]
 [13.  0.]
 [12.  5.]
 [ 6.  7.]
 [ 6.  6.]
 [ 7.  6.]
 [13.  0.]
 [12.  5.]
 [ 6.  7.]
 [ 6.  6.]
 [ 7.  7.]
 [13.  0.]
 [12.  5.]
 [ 5.  6.]
 [ 6.  6.]
 [ 6.  7.]
 [13.  0.]
 [12.  5.]
 [ 5.  6.]
 [ 6.  6.]
 [ 5.  7.]
 [13.  0.]
 [12.  5.]
 [ 6.  5.]
 [ 6.  6.]
 [ 5.  6.]
 [13.  0.]
 [12.  5.]
 [ 6.  5.]
 [ 6.  6.]
 [ 5.  5.]
 [13.  0.]
 [12.  5.]
 [ 6.  5.]
 [ 6.  6.]
 [ 5.  5.]
 [13.  0.]
 [12.  5.]
 [ 7.  6.]
 [ 6.  6.]
 [ 6.  5.]
 [13.  0.]]
