Maze:
##########################
#                        #
#                        #
#                        #
#                        #
#                        #
#     ##############     #
#     #            #     #
#     #            #     #
#     #            #     #
#     #            #     #
#     #            #     #
#     #    BS      #     #
#     #            #     #
#     #   C        #     #
#     #          D #     #
#     #            #     #
#     #            #     #
#     #     A      #     #
#     ##############     #
#                        #
#                        #
#                        #
#                        #
#                        #
##########################
[[ 6.  6.]
 [ 6. 12.]
 [ 5.  6.]
 [ 4.  8.]
 [11.  9.]
 [ 6.  6.]
 [ 6. 12.]
 [ 5.  6.]
 [ 4.  9.]
 [11.  9.]
 [ 6.  6.]
 [ 7. 12.]
 [ 5.  6.]
 [ 4. 10.]
 [11.  9.]
 [ 6.  6.]
 [ 8. 12.]
 [ 5.  6.]
 [ 5. 11.]
 [11.  9.]
 [ 6.  6.]
 [ 9. 12.]
 [ 5.  6.]
 [ 6. 12.]
 [11.  9.]
 [ 6.  6.]
 [10. 12.]
 [ 5.  6.]
 [ 7. 12.]
 [11.  9.]
 [ 6.  6.]
 [11. 11.]
 [ 5.  6.]
 [ 8. 12.]
 [11.  9.]
 [ 6.  6.]
 [11. 10.]
 [ 5.  6.]
 [ 9. 12.]
 [11.  8.]
 [ 6.  6.]
 [11.  9.]
 [ 5.  6.]
 [10. 12.]
 [11.  7.]
 [ 6.  6.]
 [11.  8.]
 [ 5.  6.]
 [10. 11.]
 [11.  6.]
 [ 6.  6.]
 [11.  7.]
 [ 5.  6.]
 [10. 10.]
 [11.  5.]
 [ 6.  6.]
 [11.  6.]
 [ 5.  6.]
 [11.  9.]
 [11.  4.]
 [ 6.  6.]
 [11.  5.]
 [ 5.  6.]
 [11.  8.]
 [11.  3.]
 [ 6.  6.]
 [11.  4.]
 [ 5.  6.]
 [11.  7.]
 [11.  2.]
 [ 6.  6.]
 [11.  3.]
 [ 5.  6.]
 [11.  6.]
 [11.  1.]
 [ 6.  6.]
 [11.  2.]
 [ 5.  6.]
 [11.  5.]
 [11.  0.]
 [ 6.  6.]
 [11.  1.]
 [ 5.  6.]
 [11.  4.]
 [11. -1.]
 [ 6.  6.]
 [11.  0.]
 [ 5.  6.]
 [11.  3.]
 [11. -2.]
 [ 6.  6.]
 [11. -1.]
 [ 5.  6.]
 [11.  2.]
 [11. -3.]
 [ 6.  6.]
 [11. -2.]
 [ 5.  6.]
 [11.  1.]
 [11. -4.]
 [ 6.  6.]
 [11. -2.]
 [ 5.  6.]
 [11.  1.]
 [11. -4.]
 [ 6.  6.]
 [11. -3.]
 [ 5.  6.]
 [11.  0.]
 [11. -5.]]
