Maze:
##########################
#                        #
#                        #
#                        #
#                        #
#                        #
#     ##############     #
#     #            #     #
#     #   A        #     #
#     # B          #     #
#     #            #     #
#     #            #     #
#     #     D   C  #     #
#     #            #     #
#     #            #     #
#     #            #     #
#     #            #     #
#     #  S         #     #
#     #            #     #
#     ##############     #
#                        #
#                        #
#                        #
#                        #
#                        #
##########################
[[ 3. 11.]
 [ 4.  2.]
 [ 2.  3.]
 [10.  6.]
 [ 6.  6.]
 [ 3. 11.]
 [ 3.  2.]
 [ 1.  3.]
 [11.  6.]
 [ 6.  6.]
 [ 3. 11.]
 [ 2.  2.]
 [ 0.  3.]
 [12.  6.]
 [ 6.  6.]
 [ 3. 11.]
 [ 1.  2.]
 [-1.  3.]
 [12.  6.]
 [ 6.  6.]
 [ 3. 11.]
 [ 0.  2.]
 [-2.  3.]
 [12.  6.]
 [ 6.  6.]
 [ 3. 11.]
 [-1.  2.]
 [-3.  3.]
 [12.  6.]
 [ 6.  6.]
 [ 3. 11.]
 [-2.  2.]
 [-4.  3.]
 [12.  6.]
 [ 6.  6.]
 [ 3. 11.]
 [-3.  2.]
 [-5.  3.]
 [12.  6.]
 [ 6.  6.]
 [ 3. 11.]
 [-4.  2.]
 [-5.  3.]
 [12.  6.]
 [ 6.  6.]
 [ 3. 11.]
 [-5.  3.]
 [-5.  4.]
 [12.  6.]
 [ 6.  6.]
 [ 3. 11.]
 [-5.  4.]
 [-5.  5.]
 [12.  6.]
 [ 6.  6.]
 [ 3. 11.]
 [-5.  5.]
 [-5.  6.]
 [12.  6.]
 [ 6.  6.]
 [ 3. 11.]
 [-5.  6.]
 [-5.  7.]
 [12.  6.]
 [ 6.  6.]
 [ 3. 11.]
 [-5.  7.]
 [-5.  8.]
 [12.  6.]
 [ 6.  6.]
 [ 3. 11.]
 [-5.  8.]
 [-5.  9.]
 [12.  6.]
 [ 6.  6.]
 [ 3. 11.]
 [-5.  9.]
 [-5. 10.]
 [12.  6.]
 [ 6.  6.]
 [ 3. 11.]
 [-5. 10.]
 [-5. 11.]
 [12.  6.]
 [ 6.  6.]
 [ 3. 11.]
 [-5. 11.]
 [-5. 12.]
 [12.  6.]
 [ 6.  6.]
 [ 3. 11.]
 [-5. 12.]
 [-5. 13.]
 [12.  6.]
 [ 6.  6.]
 [ 3. 11.]
 [-5. 13.]
 [-5. 14.]
 [12.  6.]
 [ 6.  6.]
 [ 3. 11.]
 [-5. 13.]
 [-5. 14.]
 [12.  6.]
 [ 6.  6.]
 [ 3. 11.]
 [-5. 14.]
 [-5. 15.]
 [12.  6.]
 [ 6.  6.]]
