Maze:
##########################
#                        #
#                        #
#                        #
#                        #
#                        #
#     ##############     #
#     #S           #     #
#     #    D       #     #
#     #            #     #
#     #            #     #
#     #            #     #
#     #     C      #     #
#     # B          #     #
#     #            #     #
#     #            #     #
#     #  A         #     #
#     #            #     #
#     #            #     #
#     ##############     #
#                        #
#                        #
#                        #
#                        #
#                        #
##########################
[[ 1.  1.]
 [ 3. 10.]
 [ 2.  7.]
 [ 6.  6.]
 [ 5.  2.]
 [ 1.  1.]
 [ 2.  9.]
 [ 2.  6.]
 [ 6.  6.]
 [ 6.  3.]
 [ 1.  1.]
 [ 2.  8.]
 [ 2.  5.]
 [ 6.  6.]
 [ 6.  4.]
 [ 1.  1.]
 [ 2.  7.]
 [ 2.  4.]
 [ 6.  6.]
 [ 6.  5.]
 [ 1.  2.]
 [ 2.  6.]
 [ 2.  3.]
 [ 6.  6.]
 [ 6.  5.]
 [ 2.  3.]
 [ 2.  5.]
 [ 1.  2.]
 [ 6.  6.]
 [ 6.  5.]
 [ 1.  3.]
 [ 2.  4.]
 [ 2.  3.]
 [ 6.  6.]
 [ 6.  5.]
 [ 1.  3.]
 [ 2.  4.]
 [ 1.  2.]
 [ 6.  6.]
 [ 6.  5.]
 [ 2.  2.]
 [ 2.  4.]
 [ 1.  2.]
 [ 6.  6.]
 [ 6.  5.]
 [ 1.  2.]
 [ 2.  3.]
 [ 2.  2.]
 [ 6.  6.]
 [ 6.  5.]
 [ 1.  2.]
 [ 2.  3.]
 [ 1.  1.]
 [ 6.  6.]
 [ 6.  5.]
 [ 2.  1.]
 [ 2.  3.]
 [ 1.  1.]
 [ 6.  6.]
 [ 6.  5.]
 [ 1.  1.]
 [ 2.  2.]
 [ 2.  1.]
 [ 6.  6.]
 [ 6.  5.]
 [ 1.  1.]
 [ 2.  2.]
 [ 1.  0.]
 [ 6.  6.]
 [ 6.  5.]
 [ 2.  0.]
 [ 2.  2.]
 [ 1.  0.]
 [ 6.  6.]
 [ 6.  5.]
 [ 1.  0.]
 [ 2.  1.]
 [ 2.  0.]
 [ 6.  6.]
 [ 6.  5.]
 [ 1.  0.]
 [ 2.  1.]
 [ 1. -1.]
 [ 6.  6.]
 [ 6.  5.]
 [ 2. -1.]
 [ 2.  1.]
 [ 1. -1.]
 [ 6.  6.]
 [ 6.  5.]
 [ 1. -1.]
 [ 2.  0.]
 [ 2. -1.]
 [ 6.  6.]
 [ 6.  5.]
 [ 1. -1.]
 [ 2.  0.]
 [ 1. -2.]
 [ 6.  6.]
 [ 6.  5.]
 [ 1. -1.]
 [ 2.  0.]
 [ 1. -2.]
 [ 6.  6.]
 [ 6.  5.]
 [ 2. -2.]
 [ 2.  0.]
 [ 1. -2.]
 [ 6.  6.]
 [ 6.  5.]]
