Maze:
##########################
#                        #
#                        #
#                        #
#                        #
#                        #
#     ##############     #
#     #   C        #     #
#     #       A    #     #
#     #            #     #
#     #            #     #
#     #            #     #
#     #     B      #     #
#     #S           #     #
#     #            #     #
#     #            #     #
#     #            #     #
#     #            #     #
#     #         D  #     #
#     ##############     #
#                        #
#                        #
#                        #
#                        #
#                        #
##########################
[[ 1.  7.]
 [ 8.  2.]
 [ 6.  6.]
 [ 4.  1.]
 [10. 12.]
 [ 1.  7.]
 [ 8.  3.]
 [ 6.  6.]
 [ 5.  1.]
 [10. 12.]
 [ 1.  7.]
 [ 8.  4.]
 [ 6.  6.]
 [ 6.  1.]
 [10. 12.]
 [ 1.  7.]
 [ 8.  5.]
 [ 6.  6.]
 [ 7.  2.]
 [10. 12.]
 [ 1.  7.]
 [ 7.  6.]
 [ 6.  6.]
 [ 7.  3.]
 [10. 12.]
 [ 1.  7.]
 [ 7.  6.]
 [ 6.  6.]
 [ 7.  4.]
 [10. 12.]
 [ 1.  7.]
 [ 7.  6.]
 [ 6.  6.]
 [ 7.  5.]
 [10. 12.]
 [ 1.  7.]
 [ 6.  7.]
 [ 6.  6.]
 [ 7.  6.]
 [10. 12.]
 [ 1.  7.]
 [ 6.  7.]
 [ 6.  6.]
 [ 7.  7.]
 [10. 12.]
 [ 1.  7.]
 [ 5.  6.]
 [ 6.  6.]
 [ 6.  7.]
 [10. 12.]
 [ 1.  7.]
 [ 5.  6.]
 [ 6.  6.]
 [ 5.  7.]
 [10. 12.]
 [ 1.  7.]
 [ 6.  5.]
 [ 6.  6.]
 [ 5.  6.]
 [10. 12.]
 [ 1.  7.]
 [ 6.  5.]
 [ 6.  6.]
 [ 5.  5.]
 [10. 12.]
 [ 1.  7.]
 [ 7.  6.]
 [ 6.  6.]
 [ 6.  5.]
 [10. 12.]
 [ 1.  7.]
 [ 7.  6.]
 [ 6.  6.]
 [ 7.  5.]
 [10. 12.]
 [ 1.  7.]
 [ 6.  7.]
 [ 6.  6.]
 [ 7.  6.]
 [10. 12.]
 [ 1.  7.]
 [ 6.  7.]
 [ 6.  6.]
 [ 7.  7.]
 [10. 12.]
 [ 1.  7.]
 [ 5.  6.]
 [ 6.  6.]
 [ 6.  7.]
 [10. 12.]
 [ 1.  7.]
 [ 5.  6.]
 [ 6.  6.]
 [ 5.  7.]
 [10. 12.]
 [ 1.  7.]
 [ 6.  5.]
 [ 6.  6.]
 [ 5.  6.]
 [10. 12.]
 [ 1.  7.]
 [ 6.  5.]
 [ 6.  6.]
 [ 5.  6.]
 [10. 12.]
 [ 1.  7.]
 [ 6.  5.]
 [ 6.  6.]
 [ 5.  5.]
 [10. 12.]]
