Maze:
##########################
#                        #
#                        #
#                        #
#                        #
#                        #
#     ##############     #
#     #     S      #     #
#     #            #     #
#     #            #     #
#     #            #     #
#     #         C  #     #
#     #     B      #     #
#     #            #     #
#     #       A    #     #
#     #            #     #
#     #            #     #
#     #            #     #
#     #   D        #     #
#     ##############     #
#                        #
#                        #
#                        #
#                        #
#                        #
##########################
[[ 6.  1.]
 [ 8.  8.]
 [ 6.  6.]
 [10.  5.]
 [ 4. 12.]
 [ 6.  1.]
 [ 7.  8.]
 [ 6.  6.]
 [10.  6.]
 [ 4. 12.]
 [ 6.  1.]
 [ 6.  7.]
 [ 6.  6.]
 [ 9.  7.]
 [ 4. 12.]
 [ 6.  1.]
 [ 6.  7.]
 [ 6.  6.]
 [ 8.  7.]
 [ 4. 12.]
 [ 6.  1.]
 [ 6.  7.]
 [ 6.  6.]
 [ 7.  7.]
 [ 4. 12.]
 [ 6.  1.]
 [ 5.  6.]
 [ 6.  6.]
 [ 6.  7.]
 [ 4. 12.]
 [ 6.  1.]
 [ 5.  6.]
 [ 6.  6.]
 [ 5.  7.]
 [ 4. 12.]
 [ 6.  1.]
 [ 6.  5.]
 [ 6.  6.]
 [ 5.  6.]
 [ 4. 12.]
 [ 6.  1.]
 [ 6.  5.]
 [ 6.  6.]
 [ 5.  5.]
 [ 4. 12.]
 [ 6.  1.]
 [ 7.  6.]
 [ 6.  6.]
 [ 6.  5.]
 [ 4. 12.]
 [ 6.  1.]
 [ 7.  6.]
 [ 6.  6.]
 [ 7.  5.]
 [ 4. 12.]
 [ 6.  1.]
 [ 6.  7.]
 [ 6.  6.]
 [ 7.  6.]
 [ 4. 12.]
 [ 6.  1.]
 [ 6.  7.]
 [ 6.  6.]
 [ 7.  7.]
 [ 4. 12.]
 [ 6.  1.]
 [ 5.  6.]
 [ 6.  6.]
 [ 6.  7.]
 [ 4. 12.]
 [ 6.  1.]
 [ 5.  6.]
 [ 6.  6.]
 [ 5.  7.]
 [ 4. 12.]
 [ 6.  1.]
 [ 6.  5.]
 [ 6.  6.]
 [ 5.  6.]
 [ 4. 12.]
 [ 6.  1.]
 [ 6.  5.]
 [ 6.  6.]
 [ 5.  5.]
 [ 4. 12.]
 [ 6.  1.]
 [ 7.  6.]
 [ 6.  6.]
 [ 6.  5.]
 [ 4. 12.]
 [ 6.  1.]
 [ 7.  6.]
 [ 6.  6.]
 [ 7.  5.]
 [ 4. 12.]
 [ 6.  1.]
 [ 6.  7.]
 [ 6.  6.]
 [ 7.  6.]
 [ 4. 12.]
 [ 6.  1.]
 [ 6.  7.]
 [ 6.  6.]
 [ 7.  6.]
 [ 4. 12.]
 [ 6.  1.]
 [ 6.  7.]
 [ 6.  6.]
 [ 7.  7.]
 [ 4. 12.]]
