Maze:
##########################
#                        #
#                        #
#                        #
#                        #
#                        #
#     ##############     #
#     #            #     #
#     #         A  #     #
#     #            #     #
#     # C          #     #
#     #     D      #     #
#     #     B      #     #
#     #            #     #
#     #S           #     #
#     #            #     #
#     #            #     #
#     #            #     #
#     #            #     #
#     ##############     #
#                        #
#                        #
#                        #
#                        #
#                        #
##########################
[[ 1.  8.]
 [10.  2.]
 [ 6.  6.]
 [ 2.  4.]
 [ 6.  5.]
 [ 1.  9.]
 [10.  2.]
 [ 6.  6.]
 [ 1.  4.]
 [ 6.  4.]
 [ 1.  9.]
 [ 9.  2.]
 [ 6.  6.]
 [ 0.  4.]
 [ 5.  3.]
 [ 1.  9.]
 [ 8.  3.]
 [ 6.  6.]
 [-1.  4.]
 [ 4.  3.]
 [ 1.  9.]
 [ 7.  4.]
 [ 6.  6.]
 [-2.  4.]
 [ 3.  3.]
 [ 1.  9.]
 [ 6.  5.]
 [ 6.  6.]
 [-2.  4.]
 [ 2.  3.]
 [ 1.  9.]
 [ 6.  5.]
 [ 6.  6.]
 [-3.  4.]
 [ 1.  3.]
 [ 1.  9.]
 [ 6.  5.]
 [ 6.  6.]
 [-4.  4.]
 [ 0.  3.]
 [ 1.  9.]
 [ 6.  5.]
 [ 6.  6.]
 [-5.  4.]
 [-1.  3.]
 [ 1.  9.]
 [ 6.  5.]
 [ 6.  6.]
 [-5.  4.]
 [-2.  3.]
 [ 1.  9.]
 [ 6.  5.]
 [ 6.  6.]
 [-5.  4.]
 [-3.  3.]
 [ 1.  9.]
 [ 6.  5.]
 [ 6.  6.]
 [-5.  4.]
 [-4.  3.]
 [ 1.  9.]
 [ 6.  5.]
 [ 6.  6.]
 [-5.  5.]
 [-5.  4.]
 [ 1.  9.]
 [ 6.  5.]
 [ 6.  6.]
 [-5.  6.]
 [-5.  5.]
 [ 1.  9.]
 [ 6.  5.]
 [ 6.  6.]
 [-5.  7.]
 [-5.  6.]
 [ 1.  9.]
 [ 6.  5.]
 [ 6.  6.]
 [-5.  8.]
 [-5.  7.]
 [ 1.  9.]
 [ 6.  5.]
 [ 6.  6.]
 [-5.  9.]
 [-5.  8.]
 [ 2.  9.]
 [ 6.  5.]
 [ 6.  6.]
 [-5. 10.]
 [-5.  9.]
 [ 2.  9.]
 [ 6.  5.]
 [ 6.  6.]
 [-5. 11.]
 [-5. 10.]
 [ 2.  9.]
 [ 6.  5.]
 [ 6.  6.]
 [-5. 12.]
 [-5. 11.]
 [ 2.  9.]
 [ 6.  5.]
 [ 6.  6.]
 [-5. 12.]
 [-5. 11.]
 [ 2.  9.]
 [ 6.  5.]
 [ 6.  6.]
 [-5. 13.]
 [-5. 12.]]
