Maze:
##########################
#                        #
#                        #
#                        #
#                        #
#                        #
#     ##############     #
#     #           D#     #
#     #            #     #
#     #            #     #
#     #            #     #
#     #  A         #     #
#     #     C      #     #
#     #            #     #
#     #    B       #     #
#     #            #     #
#     #            #     #
#     #            #     #
#     #      S     #     #
#     ##############     #
#                        #
#                        #
#                        #
#                        #
#                        #
##########################
[[ 7. 12.]
 [ 3.  5.]
 [ 5.  8.]
 [ 6.  6.]
 [12.  1.]
 [ 7. 12.]
 [ 3.  6.]
 [ 5.  9.]
 [ 6.  6.]
 [12.  1.]
 [ 7. 12.]
 [ 3.  7.]
 [ 5. 10.]
 [ 6.  6.]
 [12.  1.]
 [ 6. 12.]
 [ 3.  8.]
 [ 6. 11.]
 [ 6.  6.]
 [12.  1.]
 [ 6. 11.]
 [ 3.  9.]
 [ 6. 12.]
 [ 6.  6.]
 [12.  1.]
 [ 6. 12.]
 [ 3. 10.]
 [ 6. 11.]
 [ 6.  6.]
 [12.  1.]
 [ 6. 11.]
 [ 4. 11.]
 [ 6. 12.]
 [ 6.  6.]
 [12.  1.]
 [ 6. 12.]
 [ 5. 11.]
 [ 6. 11.]
 [ 6.  6.]
 [12.  1.]
 [ 6. 12.]
 [ 5. 11.]
 [ 7. 12.]
 [ 6.  6.]
 [12.  1.]
 [ 7. 11.]
 [ 5. 11.]
 [ 7. 12.]
 [ 6.  6.]
 [12.  1.]
 [ 7. 12.]
 [ 6. 11.]
 [ 7. 11.]
 [ 6.  6.]
 [12.  1.]
 [ 7. 12.]
 [ 6. 11.]
 [ 8. 12.]
 [ 6.  6.]
 [12.  1.]
 [ 8. 11.]
 [ 6. 11.]
 [ 8. 12.]
 [ 6.  6.]
 [12.  1.]
 [ 8. 12.]
 [ 7. 11.]
 [ 8. 11.]
 [ 6.  6.]
 [12.  1.]
 [ 8. 12.]
 [ 7. 11.]
 [ 9. 12.]
 [ 6.  6.]
 [12.  1.]
 [ 9. 11.]
 [ 7. 11.]
 [ 9. 12.]
 [ 6.  6.]
 [12.  1.]
 [ 9. 12.]
 [ 8. 11.]
 [ 9. 11.]
 [ 6.  6.]
 [12.  1.]
 [ 9. 12.]
 [ 8. 11.]
 [10. 12.]
 [ 6.  6.]
 [12.  1.]
 [10. 11.]
 [ 8. 11.]
 [10. 12.]
 [ 6.  6.]
 [12.  1.]
 [10. 12.]
 [ 9. 11.]
 [10. 11.]
 [ 6.  6.]
 [12.  1.]
 [10. 12.]
 [ 9. 11.]
 [10. 11.]
 [ 6.  6.]
 [12.  1.]
 [10. 12.]
 [ 9. 11.]
 [11. 12.]
 [ 6.  6.]
 [12.  1.]]
