Maze:
##########################
#                        #
#                        #
#                        #
#                        #
#                        #
#     ##############     #
#     #            #     #
#     #            #     #
#     #            #     #
#     #      B     #     #
#     #           C#     #
#     #     S      #     #
#     #            #     #
#     #       D    #     #
#     #A           #     #
#     #            #     #
#     #            #     #
#     #            #     #
#     ##############     #
#                        #
#                        #
#                        #
#                        #
#                        #
##########################
[[ 6.  6.]
 [ 1.  9.]
 [ 7.  4.]
 [12.  5.]
 [ 8.  8.]
 [ 6.  6.]
 [ 1.  9.]
 [ 6.  5.]
 [13.  5.]
 [ 9.  8.]
 [ 6.  6.]
 [ 1.  9.]
 [ 6.  5.]
 [14.  5.]
 [10.  8.]
 [ 6.  6.]
 [ 1.  9.]
 [ 6.  5.]
 [15.  5.]
 [11.  8.]
 [ 6.  6.]
 [ 1.  9.]
 [ 6.  5.]
 [16.  5.]
 [12.  8.]
 [ 6.  6.]
 [ 1.  9.]
 [ 6.  5.]
 [17.  5.]
 [13.  8.]
 [ 6.  6.]
 [ 1.  9.]
 [ 6.  5.]
 [17.  5.]
 [14.  8.]
 [ 6.  6.]
 [ 1.  9.]
 [ 6.  5.]
 [17.  4.]
 [15.  8.]
 [ 6.  6.]
 [ 1.  9.]
 [ 6.  5.]
 [17.  3.]
 [15.  7.]
 [ 6.  6.]
 [ 1.  9.]
 [ 6.  5.]
 [17.  2.]
 [15.  6.]
 [ 6.  6.]
 [ 1.  9.]
 [ 6.  5.]
 [17.  1.]
 [15.  5.]
 [ 6.  6.]
 [ 1.  9.]
 [ 6.  5.]
 [17.  0.]
 [15.  4.]
 [ 6.  6.]
 [ 1.  9.]
 [ 6.  5.]
 [17. -1.]
 [15.  3.]
 [ 6.  6.]
 [ 1.  9.]
 [ 6.  5.]
 [17. -2.]
 [15.  2.]
 [ 6.  6.]
 [ 1.  9.]
 [ 6.  5.]
 [17. -3.]
 [15.  1.]
 [ 6.  6.]
 [ 1.  9.]
 [ 6.  5.]
 [17. -4.]
 [15.  0.]
 [ 6.  6.]
 [ 1.  9.]
 [ 6.  5.]
 [17. -5.]
 [15. -1.]
 [ 6.  6.]
 [ 1.  9.]
 [ 6.  5.]
 [17. -5.]
 [15. -2.]
 [ 6.  6.]
 [ 1.  9.]
 [ 6.  5.]
 [17. -5.]
 [16. -3.]
 [ 6.  6.]
 [ 1.  9.]
 [ 6.  5.]
 [17. -5.]
 [16. -4.]
 [ 6.  6.]
 [ 1.  9.]
 [ 6.  5.]
 [17. -5.]
 [16. -4.]]
