Maze:
##########################
#                        #
#                        #
#                        #
#                        #
#                        #
#     ##############     #
#     #            #     #
#     #      D     #     #
#     #   C        #     #
#     #            #     #
#     #    A       #     #
#     #     B      #     #
#     #S           #     #
#     #            #     #
#     #            #     #
#     #            #     #
#     #            #     #
#     #            #     #
#     ##############     #
#                        #
#                        #
#                        #
#                        #
#                        #
##########################
[[1. 7.]
 [5. 5.]
 [6. 6.]
 [4. 3.]
 [7. 2.]
 [1. 7.]
 [5. 5.]
 [6. 6.]
 [4. 4.]
 [6. 2.]
 [1. 7.]
 [5. 5.]
 [6. 6.]
 [4. 4.]
 [5. 2.]
 [1. 7.]
 [5. 5.]
 [6. 6.]
 [4. 5.]
 [4. 3.]
 [1. 7.]
 [6. 5.]
 [6. 6.]
 [5. 5.]
 [4. 4.]
 [1. 7.]
 [7. 6.]
 [6. 6.]
 [6. 5.]
 [5. 5.]
 [1. 7.]
 [7. 6.]
 [6. 6.]
 [7. 5.]
 [6. 5.]
 [1. 7.]
 [7. 6.]
 [6. 6.]
 [8. 6.]
 [7. 5.]
 [1. 7.]
 [7. 6.]
 [6. 6.]
 [8. 6.]
 [8. 5.]
 [1. 7.]
 [7. 6.]
 [6. 6.]
 [7. 7.]
 [8. 6.]
 [1. 7.]
 [6. 5.]
 [6. 6.]
 [7. 6.]
 [8. 7.]
 [1. 7.]
 [6. 5.]
 [6. 6.]
 [7. 5.]
 [7. 6.]
 [1. 7.]
 [6. 5.]
 [6. 6.]
 [6. 4.]
 [8. 5.]
 [1. 7.]
 [6. 5.]
 [6. 6.]
 [6. 4.]
 [8. 4.]
 [1. 7.]
 [6. 5.]
 [6. 6.]
 [6. 4.]
 [7. 4.]
 [1. 7.]
 [6. 5.]
 [6. 6.]
 [5. 5.]
 [6. 4.]
 [1. 7.]
 [7. 6.]
 [6. 6.]
 [6. 5.]
 [5. 4.]
 [1. 7.]
 [7. 6.]
 [6. 6.]
 [7. 5.]
 [6. 5.]
 [1. 7.]
 [7. 6.]
 [6. 6.]
 [8. 6.]
 [7. 5.]
 [1. 7.]
 [7. 6.]
 [6. 6.]
 [8. 6.]
 [8. 5.]
 [1. 7.]
 [7. 6.]
 [6. 6.]
 [8. 6.]
 [8. 5.]
 [1. 7.]
 [7. 6.]
 [6. 6.]
 [7. 7.]
 [8. 6.]]
