Maze:
##########################
#                        #
#                        #
#                        #
#                        #
#                        #
#     ##############     #
#     #            #     #
#     #        C   #     #
#     #            #     #
#     #            #     #
#     #            #     #
#     #     S    A #     #
#     #            #     #
#     #            #     #
#     #     B      #     #
#     #            #     #
#     #    D       #     #
#     #            #     #
#     ##############     #
#                        #
#                        #
#                        #
#                        #
#                        #
##########################
[[ 6.  6.]
 [11.  6.]
 [ 6.  9.]
 [ 9.  2.]
 [ 5. 11.]
 [ 6.  6.]
 [11.  7.]
 [ 6.  8.]
 [10.  3.]
 [ 5. 12.]
 [ 6.  6.]
 [10.  8.]
 [ 6.  7.]
 [10.  4.]
 [ 5. 12.]
 [ 6.  6.]
 [ 9.  8.]
 [ 6.  7.]
 [10.  5.]
 [ 5. 12.]
 [ 6.  6.]
 [ 8.  8.]
 [ 6.  7.]
 [10.  6.]
 [ 5. 12.]
 [ 6.  6.]
 [ 7.  8.]
 [ 6.  7.]
 [ 9.  7.]
 [ 5. 12.]
 [ 6.  6.]
 [ 7.  8.]
 [ 6.  7.]
 [ 8.  8.]
 [ 5. 12.]
 [ 6.  6.]
 [ 6.  8.]
 [ 6.  7.]
 [ 7.  8.]
 [ 5. 12.]
 [ 6.  6.]
 [ 5.  7.]
 [ 6.  7.]
 [ 6.  8.]
 [ 5. 12.]
 [ 6.  6.]
 [ 6.  7.]
 [ 7.  6.]
 [ 5.  8.]
 [ 5. 12.]
 [ 6.  6.]
 [ 7.  6.]
 [ 6.  5.]
 [ 6.  7.]
 [ 5. 12.]
 [ 6.  6.]
 [ 6.  5.]
 [ 5.  6.]
 [ 7.  6.]
 [ 5. 12.]
 [ 6.  6.]
 [ 5.  6.]
 [ 6.  7.]
 [ 7.  5.]
 [ 5. 12.]
 [ 6.  6.]
 [ 6.  7.]
 [ 7.  6.]
 [ 6.  5.]
 [ 5. 12.]
 [ 6.  6.]
 [ 6.  7.]
 [ 7.  6.]
 [ 5.  5.]
 [ 5. 12.]
 [ 6.  6.]
 [ 7.  6.]
 [ 6.  5.]
 [ 5.  6.]
 [ 5. 12.]
 [ 6.  6.]
 [ 7.  6.]
 [ 6.  5.]
 [ 6.  7.]
 [ 5. 12.]
 [ 6.  6.]
 [ 6.  5.]
 [ 5.  6.]
 [ 7.  6.]
 [ 5. 12.]
 [ 6.  6.]
 [ 5.  6.]
 [ 6.  7.]
 [ 7.  5.]
 [ 5. 12.]
 [ 6.  6.]
 [ 6.  7.]
 [ 7.  6.]
 [ 6.  5.]
 [ 5. 12.]
 [ 6.  6.]
 [ 6.  7.]
 [ 7.  6.]
 [ 6.  5.]
 [ 5. 12.]
 [ 6.  6.]
 [ 6.  7.]
 [ 7.  6.]
 [ 5.  5.]
 [ 5. 12.]]
