Maze:
##########################
#                        #
#                        #
#                        #
#                        #
#                        #
#     ##############     #
#     # D          #     #
#     #            #     #
#     #A           #     #
#     #            #     #
#     #            #     #
#     #     C B    #     #
#     #            #     #
#     #            #     #
#     #            #     #
#     #            #     #
#     #            #     #
#     #         S  #     #
#     ##############     #
#                        #
#                        #
#                        #
#                        #
#                        #
##########################
[[10. 12.]
 [ 1.  3.]
 [ 8.  6.]
 [ 6.  6.]
 [ 2.  1.]
 [10. 12.]
 [ 1.  2.]
 [ 9.  6.]
 [ 6.  6.]
 [ 3.  0.]
 [10. 12.]
 [ 1.  1.]
 [10.  6.]
 [ 6.  6.]
 [ 4.  0.]
 [10. 12.]
 [ 2.  1.]
 [10.  6.]
 [ 6.  6.]
 [ 5.  0.]
 [10. 12.]
 [ 3.  1.]
 [10.  6.]
 [ 6.  6.]
 [ 6.  0.]
 [10. 12.]
 [ 4.  1.]
 [10.  7.]
 [ 6.  6.]
 [ 6.  0.]
 [10. 12.]
 [ 5.  0.]
 [10.  8.]
 [ 6.  6.]
 [ 7.  0.]
 [10. 12.]
 [ 6.  0.]
 [10.  9.]
 [ 6.  6.]
 [ 8.  0.]
 [10. 12.]
 [ 7.  0.]
 [10. 10.]
 [ 6.  6.]
 [ 9.  0.]
 [10. 12.]
 [ 8.  0.]
 [10. 10.]
 [ 6.  6.]
 [10.  0.]
 [10. 12.]
 [ 9.  0.]
 [10. 10.]
 [ 6.  6.]
 [11.  0.]
 [10. 12.]
 [10.  0.]
 [10. 10.]
 [ 6.  6.]
 [12.  0.]
 [10. 12.]
 [11.  0.]
 [10. 10.]
 [ 6.  6.]
 [13.  0.]
 [10. 12.]
 [12.  0.]
 [10. 10.]
 [ 6.  6.]
 [14.  0.]
 [10. 12.]
 [13.  0.]
 [10. 10.]
 [ 6.  6.]
 [15.  0.]
 [10. 12.]
 [14.  0.]
 [10. 10.]
 [ 6.  6.]
 [16.  0.]
 [10. 12.]
 [15.  0.]
 [10. 10.]
 [ 6.  6.]
 [17.  0.]
 [10. 12.]
 [16.  0.]
 [10. 10.]
 [ 6.  6.]
 [17.  0.]
 [10. 12.]
 [16.  0.]
 [10. 10.]
 [ 6.  6.]
 [17.  0.]]
