Maze:
##########################
#                        #
#                        #
#                        #
#                        #
#                        #
#     ##############     #
#     #            #     #
#     #            #     #
#     #            #     #
#     #            #     #
#     #            #     #
#     # S   D      #     #
#     #            #     #
#     #          C #     #
#     #           B#     #
#     #            #     #
#     #            #     #
#     #       A    #     #
#     ##############     #
#                        #
#                        #
#                        #
#                        #
#                        #
##########################
[[ 2.  6.]
 [ 8. 12.]
 [12.  9.]
 [11.  8.]
 [ 6.  6.]
 [ 2.  6.]
 [ 8. 12.]
 [13. 10.]
 [10.  7.]
 [ 6.  6.]
 [ 2.  6.]
 [ 8. 12.]
 [14. 10.]
 [10.  8.]
 [ 6.  6.]
 [ 2.  6.]
 [ 8. 12.]
 [14. 10.]
 [10.  9.]
 [ 6.  6.]
 [ 2.  6.]
 [ 8. 12.]
 [15. 10.]
 [10. 10.]
 [ 6.  6.]
 [ 2.  6.]
 [ 7. 13.]
 [15. 10.]
 [ 9. 11.]
 [ 6.  6.]
 [ 2.  6.]
 [ 6. 14.]
 [15. 10.]
 [ 8. 12.]
 [ 6.  6.]
 [ 2.  6.]
 [ 5. 15.]
 [15. 10.]
 [ 7. 13.]
 [ 6.  6.]
 [ 2.  6.]
 [ 4. 16.]
 [15. 10.]
 [ 6. 14.]
 [ 6.  6.]
 [ 2.  6.]
 [ 3. 17.]
 [15. 10.]
 [ 5. 15.]
 [ 6.  6.]
 [ 2.  6.]
 [ 2. 17.]
 [15. 10.]
 [ 4. 16.]
 [ 6.  6.]
 [ 2.  6.]
 [ 1. 17.]
 [15. 10.]
 [ 3. 16.]
 [ 6.  6.]
 [ 2.  6.]
 [ 0. 17.]
 [15. 10.]
 [ 2. 16.]
 [ 6.  6.]
 [ 2.  6.]
 [-1. 17.]
 [15. 10.]
 [ 1. 16.]
 [ 6.  6.]
 [ 2.  6.]
 [-2. 17.]
 [15. 10.]
 [ 0. 16.]
 [ 6.  6.]
 [ 2.  6.]
 [-3. 17.]
 [15. 10.]
 [-1. 16.]
 [ 6.  6.]
 [ 2.  6.]
 [-4. 17.]
 [15. 10.]
 [-2. 16.]
 [ 6.  6.]
 [ 2.  6.]
 [-5. 17.]
 [15. 10.]
 [-3. 16.]
 [ 6.  6.]
 [ 2.  6.]
 [-5. 17.]
 [15. 10.]
 [-4. 16.]
 [ 6.  6.]
 [ 2.  6.]
 [-5. 17.]
 [15. 10.]
 [-4. 16.]
 [ 6.  6.]]
