Maze:
##########################
#                        #
#                        #
#                        #
#                        #
#                        #
#     ##############     #
#     #            #     #
#     #            #     #
#     #            #     #
#     #  S         #     #
#     #      A     #     #
#     #     C      #     #
#     #          D #     #
#     #            #     #
#     #            #     #
#     #            #     #
#     #           B#     #
#     #            #     #
#     ##############     #
#                        #
#                        #
#                        #
#                        #
#                        #
##########################
[[ 3.  4.]
 [ 7.  5.]
 [12. 11.]
 [ 6.  6.]
 [11.  7.]
 [ 3.  4.]
 [ 8.  4.]
 [12. 11.]
 [ 6.  6.]
 [11.  7.]
 [ 3.  4.]
 [ 9.  4.]
 [12. 11.]
 [ 6.  6.]
 [11.  7.]
 [ 3.  4.]
 [10.  4.]
 [12. 11.]
 [ 6.  6.]
 [11.  7.]
 [ 2.  4.]
 [11.  5.]
 [12. 11.]
 [ 6.  6.]
 [11.  7.]
 [ 2.  4.]
 [11.  6.]
 [12. 12.]
 [ 6.  6.]
 [11.  8.]
 [ 2.  4.]
 [11.  7.]
 [12. 13.]
 [ 6.  6.]
 [11.  9.]
 [ 2.  4.]
 [11.  8.]
 [12. 14.]
 [ 6.  6.]
 [11. 10.]
 [ 2.  4.]
 [11.  9.]
 [12. 15.]
 [ 6.  6.]
 [11. 11.]
 [ 2.  4.]
 [11. 10.]
 [12. 16.]
 [ 6.  6.]
 [11. 12.]
 [ 2.  4.]
 [11. 11.]
 [12. 17.]
 [ 6.  6.]
 [11. 13.]
 [ 2.  4.]
 [11. 12.]
 [12. 17.]
 [ 6.  6.]
 [11. 14.]
 [ 2.  4.]
 [11. 13.]
 [12. 17.]
 [ 6.  6.]
 [11. 15.]
 [ 2.  4.]
 [11. 14.]
 [12. 17.]
 [ 6.  6.]
 [11. 16.]
 [ 2.  4.]
 [11. 15.]
 [13. 17.]
 [ 6.  6.]
 [10. 16.]
 [ 2.  4.]
 [11. 16.]
 [14. 17.]
 [ 6.  6.]
 [ 9. 17.]
 [ 2.  4.]
 [11. 17.]
 [15. 17.]
 [ 6.  6.]
 [ 8. 17.]
 [ 2.  4.]
 [11. 17.]
 [16. 17.]
 [ 6.  6.]
 [ 7. 17.]
 [ 2.  4.]
 [11. 17.]
 [17. 17.]
 [ 6.  6.]
 [ 7. 17.]
 [ 2.  4.]
 [11. 17.]
 [17. 17.]
 [ 6.  6.]
 [ 7. 17.]]
