Maze:
##########################
#                        #
#                        #
#                        #
#                        #
#                        #
#     ##############     #
#     #            #     #
#     #            #     #
#     #    D       #     #
#     #            #     #
#     #            #     #
#     #     C      #     #
#     #            #     #
#     # S          #     #
#     #            #     #
#     #B           #     #
#     #     A      #     #
#     #            #     #
#     ##############     #
#                        #
#                        #
#                        #
#                        #
#                        #
##########################
[[ 2.  8.]
 [ 6. 11.]
 [ 1. 10.]
 [ 6.  6.]
 [ 5.  3.]
 [ 2.  9.]
 [ 5. 11.]
 [ 1.  9.]
 [ 6.  6.]
 [ 6.  4.]
 [ 1.  9.]
 [ 4. 11.]
 [ 2.  9.]
 [ 6.  6.]
 [ 6.  5.]
 [ 2.  9.]
 [ 3. 10.]
 [ 1.  9.]
 [ 6.  6.]
 [ 6.  5.]
 [ 1. 10.]
 [ 3. 10.]
 [ 1.  9.]
 [ 6.  6.]
 [ 6.  5.]
 [ 1.  9.]
 [ 2. 10.]
 [ 1. 10.]
 [ 6.  6.]
 [ 6.  5.]
 [ 1.  9.]
 [ 2. 10.]
 [ 0.  9.]
 [ 6.  6.]
 [ 6.  5.]
 [ 0. 10.]
 [ 2. 10.]
 [ 0.  9.]
 [ 6.  6.]
 [ 6.  5.]
 [ 0.  9.]
 [ 1. 10.]
 [ 0. 10.]
 [ 6.  6.]
 [ 6.  5.]
 [ 0.  9.]
 [ 1. 10.]
 [-1.  9.]
 [ 6.  6.]
 [ 6.  5.]
 [-1. 10.]
 [ 1. 10.]
 [-1.  9.]
 [ 6.  6.]
 [ 6.  5.]
 [-1.  9.]
 [ 0. 10.]
 [-1. 10.]
 [ 6.  6.]
 [ 6.  5.]
 [-1.  9.]
 [ 0. 10.]
 [-2.  9.]
 [ 6.  6.]
 [ 6.  5.]
 [-2. 10.]
 [ 0. 10.]
 [-2.  9.]
 [ 6.  6.]
 [ 6.  5.]
 [-2.  9.]
 [-1. 10.]
 [-2. 10.]
 [ 6.  6.]
 [ 6.  5.]
 [-2.  9.]
 [-1. 10.]
 [-3.  9.]
 [ 6.  6.]
 [ 6.  5.]
 [-3. 10.]
 [-1. 10.]
 [-3.  9.]
 [ 6.  6.]
 [ 6.  5.]
 [-3.  9.]
 [-2. 10.]
 [-3. 10.]
 [ 6.  6.]
 [ 6.  5.]
 [-3.  9.]
 [-2. 10.]
 [-4.  9.]
 [ 6.  6.]
 [ 6.  5.]
 [-4. 10.]
 [-2. 10.]
 [-4.  9.]
 [ 6.  6.]
 [ 6.  5.]
 [-4. 10.]
 [-2. 10.]
 [-4.  9.]
 [ 6.  6.]
 [ 6.  5.]
 [-4.  9.]
 [-3. 10.]
 [-4. 10.]
 [ 6.  6.]
 [ 6.  5.]]
