Maze:
##########################
#                        #
#                        #
#                        #
#                        #
#                        #
#     ##############     #
#     #            #     #
#     #            #     #
#     #            #     #
#     #            #     #
#     #   A        #     #
#     #     S     B#     #
#     #            #     #
#     #     C      #     #
#     #    D       #     #
#     #            #     #
#     #            #     #
#     #            #     #
#     ##############     #
#                        #
#                        #
#                        #
#                        #
#                        #
##########################
[[ 6.  6.]
 [ 4.  5.]
 [12.  6.]
 [ 6.  8.]
 [ 5.  9.]
 [ 6.  6.]
 [ 5.  5.]
 [12.  6.]
 [ 7.  7.]
 [ 6.  8.]
 [ 6.  6.]
 [ 5.  5.]
 [12.  6.]
 [ 8.  6.]
 [ 7.  8.]
 [ 6.  6.]
 [ 5.  5.]
 [12.  6.]
 [ 8.  5.]
 [ 8.  8.]
 [ 6.  6.]
 [ 5.  6.]
 [12.  6.]
 [ 7.  4.]
 [ 9.  8.]
 [ 6.  6.]
 [ 5.  6.]
 [12.  6.]
 [ 6.  4.]
 [ 9.  8.]
 [ 6.  6.]
 [ 5.  6.]
 [12.  6.]
 [ 5.  5.]
 [ 9.  8.]
 [ 6.  6.]
 [ 5.  7.]
 [12.  6.]
 [ 5.  6.]
 [ 9.  8.]
 [ 6.  6.]
 [ 5.  8.]
 [12.  6.]
 [ 5.  7.]
 [ 9.  8.]
 [ 6.  6.]
 [ 5.  9.]
 [12.  6.]
 [ 5.  8.]
 [ 9.  8.]
 [ 6.  6.]
 [ 5. 10.]
 [12.  6.]
 [ 5.  9.]
 [ 9.  8.]
 [ 6.  6.]
 [ 5. 11.]
 [12.  6.]
 [ 5. 10.]
 [ 9.  9.]
 [ 6.  6.]
 [ 5. 12.]
 [12.  6.]
 [ 5. 11.]
 [ 9. 10.]
 [ 6.  6.]
 [ 5. 13.]
 [12.  6.]
 [ 5. 12.]
 [ 9. 10.]
 [ 6.  6.]
 [ 5. 14.]
 [12.  6.]
 [ 5. 13.]
 [ 9. 11.]
 [ 6.  6.]
 [ 5. 15.]
 [12.  6.]
 [ 5. 14.]
 [ 9. 12.]
 [ 6.  6.]
 [ 5. 16.]
 [12.  6.]
 [ 5. 15.]
 [ 9. 12.]
 [ 6.  6.]
 [ 5. 17.]
 [12.  6.]
 [ 5. 16.]
 [ 9. 12.]
 [ 6.  6.]
 [ 5. 17.]
 [12.  6.]
 [ 5. 16.]
 [ 9. 12.]]
