Maze:
##########################
#                        #
#                        #
#                        #
#                        #
#                        #
#     ##############     #
#     #            #     #
#     #            #     #
#     #            #     #
#     #            #     #
#     #            #     #
#     #     D      #     #
#     #            #     #
#     #       C    #     #
#     #            #     #
#     #          S #     #
#     #      A     #     #
#     #           B#     #
#     ##############     #
#                        #
#                        #
#                        #
#                        #
#                        #
##########################
[[11. 10.]
 [ 7. 11.]
 [12. 12.]
 [ 8.  8.]
 [ 6.  6.]
 [11. 11.]
 [ 7. 12.]
 [12. 11.]
 [ 8.  9.]
 [ 6.  6.]
 [12. 11.]
 [ 8. 13.]
 [11. 11.]
 [ 8. 10.]
 [ 6.  6.]
 [11. 11.]
 [ 9. 13.]
 [12. 11.]
 [ 8. 11.]
 [ 6.  6.]
 [12. 11.]
 [10. 13.]
 [11. 11.]
 [ 8. 12.]
 [ 6.  6.]
 [11. 11.]
 [11. 12.]
 [12. 11.]
 [ 9. 13.]
 [ 6.  6.]
 [12. 12.]
 [12. 11.]
 [11. 10.]
 [10. 13.]
 [ 6.  6.]
 [12. 11.]
 [11. 11.]
 [10.  9.]
 [11. 13.]
 [ 6.  6.]
 [11. 11.]
 [12. 10.]
 [10.  8.]
 [11. 12.]
 [ 6.  6.]
 [11. 10.]
 [11.  9.]
 [ 9.  8.]
 [12. 11.]
 [ 6.  6.]
 [11.  9.]
 [10.  9.]
 [ 8.  8.]
 [12. 10.]
 [ 6.  6.]
 [10.  9.]
 [10.  8.]
 [ 7.  8.]
 [11. 10.]
 [ 6.  6.]
 [10.  8.]
 [ 9.  9.]
 [ 7.  9.]
 [11.  9.]
 [ 6.  6.]
 [ 9.  8.]
 [ 8.  9.]
 [ 6.  9.]
 [10.  9.]
 [ 6.  6.]
 [ 8.  8.]
 [ 7.  9.]
 [ 5.  9.]
 [ 9.  9.]
 [ 6.  6.]
 [ 7.  8.]
 [ 6.  9.]
 [ 4.  9.]
 [ 8.  9.]
 [ 6.  6.]
 [ 6.  8.]
 [ 5.  9.]
 [ 3.  9.]
 [ 7.  9.]
 [ 6.  6.]
 [ 5.  8.]
 [ 4.  9.]
 [ 2.  9.]
 [ 6.  9.]
 [ 6.  6.]
 [ 4.  8.]
 [ 3.  9.]
 [ 1.  9.]
 [ 5.  9.]
 [ 6.  6.]
 [ 3.  8.]
 [ 2.  9.]
 [ 0.  9.]
 [ 4.  9.]
 [ 6.  6.]
 [ 3.  8.]
 [ 2.  9.]
 [ 0.  9.]
 [ 4.  9.]
 [ 6.  6.]
 [ 2.  8.]
 [ 1.  9.]
 [-1.  9.]
 [ 3.  9.]
 [ 6.  6.]]
