Maze:
##########################
#                        #
#                        #
#                        #
#                        #
#                        #
#     ##############     #
#     #            #     #
#     #            #     #
#     #S           #     #
#     #  D         #     #
#     #         B  #     #
#     #     A      #     #
#     #            #     #
#     #            #     #
#     #            #     #
#     #    C       #     #
#     #            #     #
#     #            #     #
#     ##############     #
#                        #
#                        #
#                        #
#                        #
#                        #
##########################
[[ 1.  3.]
 [ 6.  6.]
 [10.  5.]
 [ 5. 10.]
 [ 3.  4.]
 [ 2.  3.]
 [ 6.  6.]
 [11.  5.]
 [ 5.  9.]
 [ 4.  5.]
 [ 2.  3.]
 [ 6.  6.]
 [11.  5.]
 [ 6.  8.]
 [ 4.  6.]
 [ 2.  3.]
 [ 6.  6.]
 [12.  5.]
 [ 6.  7.]
 [ 4.  7.]
 [ 2.  3.]
 [ 6.  6.]
 [12.  5.]
 [ 6.  7.]
 [ 5.  7.]
 [ 2.  3.]
 [ 6.  6.]
 [12.  5.]
 [ 7.  6.]
 [ 6.  7.]
 [ 2.  3.]
 [ 6.  6.]
 [12.  5.]
 [ 7.  6.]
 [ 7.  7.]
 [ 2.  3.]
 [ 6.  6.]
 [13.  5.]
 [ 6.  5.]
 [ 7.  6.]
 [ 2.  3.]
 [ 6.  6.]
 [13.  5.]
 [ 6.  5.]
 [ 7.  5.]
 [ 2.  3.]
 [ 6.  6.]
 [13.  5.]
 [ 5.  6.]
 [ 6.  5.]
 [ 2.  3.]
 [ 6.  6.]
 [13.  5.]
 [ 5.  6.]
 [ 5.  5.]
 [ 2.  3.]
 [ 6.  6.]
 [13.  5.]
 [ 6.  7.]
 [ 5.  6.]
 [ 2.  3.]
 [ 6.  6.]
 [13.  5.]
 [ 6.  7.]
 [ 5.  7.]
 [ 2.  3.]
 [ 6.  6.]
 [13.  5.]
 [ 7.  6.]
 [ 6.  7.]
 [ 2.  3.]
 [ 6.  6.]
 [13.  5.]
 [ 7.  6.]
 [ 7.  7.]
 [ 2.  3.]
 [ 6.  6.]
 [13.  5.]
 [ 6.  5.]
 [ 7.  6.]
 [ 2.  3.]
 [ 6.  6.]
 [13.  5.]
 [ 6.  5.]
 [ 7.  5.]
 [ 2.  3.]
 [ 6.  6.]
 [13.  5.]
 [ 5.  6.]
 [ 6.  5.]
 [ 2.  3.]
 [ 6.  6.]
 [13.  5.]
 [ 5.  6.]
 [ 5.  5.]
 [ 2.  3.]
 [ 6.  6.]
 [13.  5.]
 [ 6.  7.]
 [ 5.  6.]
 [ 2.  3.]
 [ 6.  6.]
 [13.  5.]
 [ 6.  7.]
 [ 5.  6.]
 [ 2.  3.]
 [ 6.  6.]
 [13.  5.]
 [ 6.  7.]
 [ 5.  7.]]
