Maze:
##########################
#                        #
#                        #
#                        #
#                        #
#                        #
#     ##############     #
#     #   A        #     #
#     #            #     #
#     #     B      #     #
#     #            #     #
#     #            #     #
#     #     S      #     #
#     #            #     #
#     #            #     #
#     #  C         #     #
#     #            #     #
#     #            #     #
#     #      D     #     #
#     ##############     #
#                        #
#                        #
#                        #
#                        #
#                        #
##########################
[[ 6.  6.]
 [ 4.  1.]
 [ 6.  3.]
 [ 3.  9.]
 [ 7. 12.]
 [ 6.  6.]
 [ 5.  2.]
 [ 6.  4.]
 [ 2.  9.]
 [ 7. 12.]
 [ 6.  6.]
 [ 5.  3.]
 [ 6.  5.]
 [ 2.  9.]
 [ 7. 12.]
 [ 6.  6.]
 [ 5.  4.]
 [ 6.  5.]
 [ 2.  9.]
 [ 7. 12.]
 [ 6.  6.]
 [ 5.  4.]
 [ 6.  5.]
 [ 2.  8.]
 [ 7. 12.]
 [ 6.  6.]
 [ 5.  4.]
 [ 6.  5.]
 [ 2.  7.]
 [ 7. 12.]
 [ 6.  6.]
 [ 5.  4.]
 [ 6.  5.]
 [ 2.  6.]
 [ 7. 12.]
 [ 6.  6.]
 [ 5.  4.]
 [ 6.  5.]
 [ 3.  5.]
 [ 7. 12.]
 [ 6.  6.]
 [ 5.  4.]
 [ 6.  5.]
 [ 4.  4.]
 [ 7. 12.]
 [ 6.  6.]
 [ 6.  4.]
 [ 6.  5.]
 [ 5.  4.]
 [ 7. 12.]
 [ 6.  6.]
 [ 7.  5.]
 [ 6.  5.]
 [ 6.  4.]
 [ 7. 12.]
 [ 6.  6.]
 [ 6.  5.]
 [ 5.  6.]
 [ 7.  4.]
 [ 7. 12.]
 [ 6.  6.]
 [ 5.  6.]
 [ 6.  7.]
 [ 6.  5.]
 [ 7. 12.]
 [ 6.  6.]
 [ 6.  7.]
 [ 7.  6.]
 [ 5.  5.]
 [ 7. 12.]
 [ 6.  6.]
 [ 7.  6.]
 [ 6.  5.]
 [ 5.  6.]
 [ 7. 12.]
 [ 6.  6.]
 [ 7.  6.]
 [ 6.  5.]
 [ 5.  7.]
 [ 7. 12.]
 [ 6.  6.]
 [ 6.  5.]
 [ 5.  6.]
 [ 6.  7.]
 [ 7. 12.]
 [ 6.  6.]
 [ 6.  5.]
 [ 5.  6.]
 [ 7.  6.]
 [ 7. 12.]
 [ 6.  6.]
 [ 5.  6.]
 [ 6.  7.]
 [ 7.  5.]
 [ 7. 12.]
 [ 6.  6.]
 [ 5.  6.]
 [ 6.  7.]
 [ 6.  5.]
 [ 7. 12.]
 [ 6.  6.]
 [ 5.  6.]
 [ 6.  7.]
 [ 6.  5.]
 [ 7. 12.]
 [ 6.  6.]
 [ 6.  7.]
 [ 7.  6.]
 [ 5.  5.]
 [ 7. 12.]]
