Maze:
##########################
#                        #
#                        #
#                        #
#                        #
#                        #
#     ##############     #
#     #            #     #
#     #            #     #
#     #       A    #     #
#     #D           #     #
#     #            #     #
#     #     S      #     #
#     #         B  #     #
#     #            #     #
#     #  C         #     #
#     #            #     #
#     #            #     #
#     #            #     #
#     ##############     #
#                        #
#                        #
#                        #
#                        #
#                        #
##########################
[[ 6.  6.]
 [ 8.  3.]
 [10.  7.]
 [ 3.  9.]
 [ 1.  4.]
 [ 6.  6.]
 [ 8.  4.]
 [10.  7.]
 [ 3.  9.]
 [ 1.  4.]
 [ 6.  6.]
 [ 8.  5.]
 [10.  8.]
 [ 3.  9.]
 [ 1.  4.]
 [ 6.  6.]
 [ 8.  6.]
 [10.  9.]
 [ 3.  9.]
 [ 1.  4.]
 [ 6.  6.]
 [ 8.  7.]
 [10. 10.]
 [ 3.  9.]
 [ 1.  4.]
 [ 6.  6.]
 [ 8.  7.]
 [10. 11.]
 [ 4.  9.]
 [ 1.  4.]
 [ 6.  6.]
 [ 8.  7.]
 [10. 11.]
 [ 5.  9.]
 [ 1.  4.]
 [ 6.  6.]
 [ 8.  7.]
 [10. 11.]
 [ 6.  9.]
 [ 1.  4.]
 [ 6.  6.]
 [ 8.  6.]
 [10. 11.]
 [ 7.  8.]
 [ 1.  4.]
 [ 6.  6.]
 [ 8.  5.]
 [10. 11.]
 [ 7.  7.]
 [ 1.  4.]
 [ 6.  6.]
 [ 8.  4.]
 [10. 11.]
 [ 8.  6.]
 [ 1.  4.]
 [ 6.  6.]
 [ 8.  3.]
 [10. 11.]
 [ 8.  5.]
 [ 1.  4.]
 [ 6.  6.]
 [ 8.  2.]
 [10. 11.]
 [ 8.  4.]
 [ 1.  4.]
 [ 6.  6.]
 [ 8.  1.]
 [10. 11.]
 [ 8.  3.]
 [ 1.  4.]
 [ 6.  6.]
 [ 8.  0.]
 [10. 11.]
 [ 8.  2.]
 [ 1.  4.]
 [ 6.  6.]
 [ 8. -1.]
 [10. 11.]
 [ 8.  1.]
 [ 1.  4.]
 [ 6.  6.]
 [ 8. -2.]
 [10. 11.]
 [ 8.  0.]
 [ 1.  4.]
 [ 6.  6.]
 [ 8. -3.]
 [10. 11.]
 [ 8. -1.]
 [ 1.  4.]
 [ 6.  6.]
 [ 8. -4.]
 [10. 11.]
 [ 8. -2.]
 [ 1.  4.]
 [ 6.  6.]
 [ 8. -5.]
 [10. 11.]
 [ 8. -3.]
 [ 1.  4.]
 [ 6.  6.]
 [ 8. -5.]
 [10. 11.]
 [ 8. -3.]
 [ 1.  4.]
 [ 6.  6.]
 [ 8. -5.]
 [10. 11.]
 [ 8. -4.]
 [ 1.  4.]]
