Maze:
##########################
#                        #
#                        #
#                        #
#                        #
#                        #
#     ##############     #
#     #            #     #
#     #         A  #     #
#     #            #     #
#     #      B     #     #
#     #       C    #     #
#     #     S      #     #
#     #            #     #
#     #            #     #
#     #            #     #
#     #  D         #     #
#     #            #     #
#     #            #     #
#     ##############     #
#                        #
#                        #
#                        #
#                        #
#                        #
##########################
[[ 6.  6.]
 [10.  2.]
 [ 7.  4.]
 [ 8.  5.]
 [ 3. 10.]
 [ 6.  6.]
 [ 9.  2.]
 [ 6.  4.]
 [ 9.  5.]
 [ 3. 10.]
 [ 6.  6.]
 [ 8.  2.]
 [ 6.  5.]
 [ 9.  4.]
 [ 3. 10.]
 [ 6.  6.]
 [ 7.  2.]
 [ 6.  5.]
 [ 9.  3.]
 [ 3. 10.]
 [ 6.  6.]
 [ 6.  2.]
 [ 6.  5.]
 [ 8.  2.]
 [ 3. 10.]
 [ 6.  6.]
 [ 5.  3.]
 [ 6.  5.]
 [ 7.  2.]
 [ 3. 10.]
 [ 6.  6.]
 [ 5.  4.]
 [ 6.  5.]
 [ 6.  2.]
 [ 3. 10.]
 [ 6.  6.]
 [ 5.  4.]
 [ 6.  5.]
 [ 5.  3.]
 [ 3. 10.]
 [ 6.  6.]
 [ 5.  5.]
 [ 6.  5.]
 [ 5.  4.]
 [ 3. 10.]
 [ 6.  6.]
 [ 5.  5.]
 [ 7.  6.]
 [ 5.  4.]
 [ 3. 10.]
 [ 6.  6.]
 [ 5.  6.]
 [ 7.  6.]
 [ 5.  5.]
 [ 3. 10.]
 [ 6.  6.]
 [ 6.  7.]
 [ 7.  6.]
 [ 5.  6.]
 [ 3. 10.]
 [ 6.  6.]
 [ 7.  6.]
 [ 6.  5.]
 [ 6.  7.]
 [ 3. 10.]
 [ 6.  6.]
 [ 6.  5.]
 [ 5.  6.]
 [ 7.  6.]
 [ 3. 10.]
 [ 6.  6.]
 [ 5.  6.]
 [ 6.  7.]
 [ 7.  5.]
 [ 3. 10.]
 [ 6.  6.]
 [ 6.  7.]
 [ 7.  6.]
 [ 6.  5.]
 [ 3. 10.]
 [ 6.  6.]
 [ 6.  7.]
 [ 7.  6.]
 [ 5.  5.]
 [ 3. 10.]
 [ 6.  6.]
 [ 7.  6.]
 [ 6.  5.]
 [ 5.  6.]
 [ 3. 10.]
 [ 6.  6.]
 [ 7.  6.]
 [ 6.  5.]
 [ 6.  7.]
 [ 3. 10.]
 [ 6.  6.]
 [ 6.  5.]
 [ 5.  6.]
 [ 7.  6.]
 [ 3. 10.]
 [ 6.  6.]
 [ 6.  5.]
 [ 5.  6.]
 [ 7.  6.]
 [ 3. 10.]
 [ 6.  6.]
 [ 5.  6.]
 [ 6.  7.]
 [ 7.  5.]
 [ 3. 10.]]
