Maze:
##########################
#                        #
#                        #
#                        #
#                        #
#                        #
#     ##############     #
#     #    S       #     #
#     #            #     #
#     #           C#     #
#     #          A #     #
#     #            #     #
#     #     B      #     #
#     #            #     #
#     #            #     #
#     #            #     #
#     #            #     #
#     #            #     #
#     #        D   #     #
#     ##############     #
#                        #
#                        #
#                        #
#                        #
#                        #
##########################
[[ 5.  1.]
 [11.  4.]
 [ 6.  6.]
 [12.  3.]
 [ 9. 12.]
 [ 5.  1.]
 [10.  5.]
 [ 6.  6.]
 [11.  4.]
 [ 9. 12.]
 [ 5.  1.]
 [ 9.  6.]
 [ 6.  6.]
 [10.  5.]
 [ 9. 12.]
 [ 5.  1.]
 [ 8.  7.]
 [ 6.  6.]
 [ 9.  6.]
 [ 9. 12.]
 [ 5.  1.]
 [ 7.  7.]
 [ 6.  6.]
 [ 8.  7.]
 [ 9. 12.]
 [ 5.  1.]
 [ 6.  7.]
 [ 6.  6.]
 [ 7.  7.]
 [ 9. 12.]
 [ 5.  1.]
 [ 5.  6.]
 [ 6.  6.]
 [ 6.  7.]
 [ 9. 12.]
 [ 5.  1.]
 [ 5.  6.]
 [ 6.  6.]
 [ 5.  7.]
 [ 9. 12.]
 [ 5.  1.]
 [ 6.  5.]
 [ 6.  6.]
 [ 5.  6.]
 [ 9. 12.]
 [ 5.  1.]
 [ 6.  5.]
 [ 6.  6.]
 [ 5.  5.]
 [ 9. 12.]
 [ 5.  1.]
 [ 7.  6.]
 [ 6.  6.]
 [ 6.  5.]
 [ 9. 12.]
 [ 5.  1.]
 [ 7.  6.]
 [ 6.  6.]
 [ 7.  5.]
 [ 9. 12.]
 [ 5.  1.]
 [ 6.  7.]
 [ 6.  6.]
 [ 7.  6.]
 [ 9. 12.]
 [ 5.  1.]
 [ 6.  7.]
 [ 6.  6.]
 [ 7.  7.]
 [ 9. 12.]
 [ 5.  1.]
 [ 5.  6.]
 [ 6.  6.]
 [ 6.  7.]
 [ 9. 12.]
 [ 5.  1.]
 [ 5.  6.]
 [ 6.  6.]
 [ 5.  7.]
 [ 9. 12.]
 [ 5.  1.]
 [ 6.  5.]
 [ 6.  6.]
 [ 5.  6.]
 [ 9. 12.]
 [ 5.  1.]
 [ 6.  5.]
 [ 6.  6.]
 [ 5.  5.]
 [ 9. 12.]
 [ 5.  1.]
 [ 7.  6.]
 [ 6.  6.]
 [ 6.  5.]
 [ 9. 12.]
 [ 5.  1.]
 [ 7.  6.]
 [ 6.  6.]
 [ 7.  5.]
 [ 9. 12.]
 [ 5.  1.]
 [ 7.  6.]
 [ 6.  6.]
 [ 7.  5.]
 [ 9. 12.]
 [ 5.  1.]
 [ 6.  7.]
 [ 6.  6.]
 [ 7.  6.]
 [ 9. 12.]]
