Maze:
##########################
#                        #
#                        #
#                        #
#                        #
#                        #
#     ##############     #
#     #     A      #     #
#     #            #     #
#     #      B     #     #
#     #            #     #
#     #         D  #     #
#     #     C      #     #
#     #            #     #
#     #           S#     #
#     #            #     #
#     #            #     #
#     #            #     #
#     #            #     #
#     ##############     #
#                        #
#                        #
#                        #
#                        #
#                        #
##########################
[[12.  8.]
 [ 6.  1.]
 [ 7.  3.]
 [ 6.  6.]
 [10.  5.]
 [12.  8.]
 [ 7.  2.]
 [ 8.  4.]
 [ 6.  6.]
 [ 9.  5.]
 [12.  8.]
 [ 8.  3.]
 [ 8.  5.]
 [ 6.  6.]
 [ 9.  6.]
 [12.  8.]
 [ 8.  4.]
 [ 8.  6.]
 [ 6.  6.]
 [ 9.  7.]
 [12.  8.]
 [ 8.  5.]
 [ 8.  7.]
 [ 6.  6.]
 [ 9.  8.]
 [11.  8.]
 [ 9.  6.]
 [ 8.  8.]
 [ 6.  6.]
 [ 9.  9.]
 [10.  8.]
 [ 9.  7.]
 [ 8.  9.]
 [ 6.  6.]
 [ 9. 10.]
 [10.  8.]
 [ 9.  7.]
 [ 8.  9.]
 [ 6.  6.]
 [ 9. 11.]
 [10.  8.]
 [ 9.  7.]
 [ 9. 10.]
 [ 6.  6.]
 [ 9. 12.]
 [ 9.  8.]
 [10.  8.]
 [10.  9.]
 [ 6.  6.]
 [ 9. 13.]
 [10.  8.]
 [10.  9.]
 [10. 10.]
 [ 6.  6.]
 [ 9. 14.]
 [10.  9.]
 [10. 10.]
 [10. 11.]
 [ 6.  6.]
 [ 9. 15.]
 [10. 10.]
 [10. 11.]
 [10. 12.]
 [ 6.  6.]
 [ 9. 16.]
 [10. 11.]
 [10. 12.]
 [10. 13.]
 [ 6.  6.]
 [ 9. 17.]
 [10. 12.]
 [10. 13.]
 [10. 14.]
 [ 6.  6.]
 [ 9. 17.]
 [10. 13.]
 [10. 14.]
 [10. 15.]
 [ 6.  6.]
 [ 9. 17.]
 [10. 14.]
 [10. 15.]
 [10. 16.]
 [ 6.  6.]
 [ 9. 17.]
 [10. 15.]
 [10. 16.]
 [10. 17.]
 [ 6.  6.]
 [ 8. 17.]
 [10. 16.]
 [10. 16.]
 [10. 17.]
 [ 6.  6.]
 [ 7. 17.]
 [10. 16.]
 [10. 16.]
 [10. 17.]
 [ 6.  6.]
 [ 6. 17.]
 [10. 16.]
 [10. 16.]
 [10. 17.]
 [ 6.  6.]
 [ 6. 17.]
 [10. 16.]
 [10. 16.]
 [10. 17.]
 [ 6.  6.]
 [ 5. 17.]]
