Maze:
##########################
#                        #
#                        #
#                        #
#                        #
#                        #
#     ##############     #
#     #            #     #
#     #            #     #
#     #            #     #
#     #         A  #     #
#     #            #     #
#     #     S      #     #
#     #    C       #     #
#     #            #     #
#     #      D     #     #
#     #       B    #     #
#     #            #     #
#     #            #     #
#     ##############     #
#                        #
#                        #
#                        #
#                        #
#                        #
##########################
[[ 6.  6.]
 [10.  4.]
 [ 8. 10.]
 [ 5.  7.]
 [ 7.  9.]
 [ 6.  6.]
 [10.  4.]
 [ 9. 11.]
 [ 4.  6.]
 [ 6.  8.]
 [ 6.  6.]
 [10.  4.]
 [ 9. 11.]
 [ 3.  5.]
 [ 5.  9.]
 [ 6.  6.]
 [10.  4.]
 [ 9. 11.]
 [ 3.  4.]
 [ 4.  9.]
 [ 6.  6.]
 [10.  4.]
 [ 9. 11.]
 [ 3.  3.]
 [ 3.  9.]
 [ 6.  6.]
 [10.  5.]
 [ 9. 11.]
 [ 3.  3.]
 [ 2.  9.]
 [ 6.  6.]
 [10.  6.]
 [ 9. 11.]
 [ 3.  3.]
 [ 2.  9.]
 [ 6.  6.]
 [10.  7.]
 [ 9. 11.]
 [ 3.  3.]
 [ 2.  9.]
 [ 6.  6.]
 [10.  8.]
 [ 9. 11.]
 [ 3.  3.]
 [ 2.  9.]
 [ 6.  6.]
 [10.  9.]
 [ 9. 12.]
 [ 3.  3.]
 [ 2.  9.]
 [ 6.  6.]
 [10. 10.]
 [ 9. 13.]
 [ 3.  3.]
 [ 2.  9.]
 [ 6.  6.]
 [10. 11.]
 [ 9. 14.]
 [ 3.  3.]
 [ 2.  9.]
 [ 6.  6.]
 [10. 12.]
 [ 9. 15.]
 [ 3.  3.]
 [ 2.  9.]
 [ 6.  6.]
 [10. 13.]
 [ 9. 16.]
 [ 3.  3.]
 [ 2.  9.]
 [ 6.  6.]
 [10. 14.]
 [ 9. 17.]
 [ 3.  3.]
 [ 2.  9.]
 [ 6.  6.]
 [10. 15.]
 [ 9. 17.]
 [ 3.  3.]
 [ 2.  9.]
 [ 6.  6.]
 [10. 16.]
 [ 9. 17.]
 [ 3.  3.]
 [ 2.  9.]
 [ 6.  6.]
 [ 9. 17.]
 [ 8. 17.]
 [ 3.  3.]
 [ 2.  9.]
 [ 6.  6.]
 [ 8. 17.]
 [ 7. 17.]
 [ 3.  3.]
 [ 2.  9.]
 [ 6.  6.]
 [ 7. 17.]
 [ 6. 17.]
 [ 3.  3.]
 [ 2.  9.]
 [ 6.  6.]
 [ 7. 17.]
 [ 6. 17.]
 [ 3.  3.]
 [ 2.  9.]
 [ 6.  6.]
 [ 6. 17.]
 [ 5. 17.]
 [ 3.  3.]
 [ 2.  9.]]
