Maze:
##########################
#                        #
#                        #
#                        #
#                        #
#                        #
#     ##############     #
#     #        B   #     #
#     #            #     #
#     #            #     #
#     #            #     #
#     #D           #     #
#     #    SC      #     #
#     #            #     #
#     #           A#     #
#     #            #     #
#     #            #     #
#     #            #     #
#     #            #     #
#     ##############     #
#                        #
#                        #
#                        #
#                        #
#                        #
##########################
[[ 5.  6.]
 [12.  8.]
 [ 9.  1.]
 [ 6.  6.]
 [ 1.  5.]
 [ 4.  6.]
 [12.  8.]
 [ 9.  1.]
 [ 6.  6.]
 [ 1.  5.]
 [ 3.  6.]
 [12.  8.]
 [ 9.  1.]
 [ 6.  6.]
 [ 1.  5.]
 [ 2.  6.]
 [12.  8.]
 [ 9.  1.]
 [ 6.  6.]
 [ 0.  5.]
 [ 1.  6.]
 [12.  8.]
 [ 9.  1.]
 [ 6.  6.]
 [-1.  5.]
 [ 0.  6.]
 [12.  8.]
 [ 9.  1.]
 [ 6.  6.]
 [-2.  5.]
 [-1.  6.]
 [12.  8.]
 [ 9.  1.]
 [ 6.  6.]
 [-3.  5.]
 [-2.  6.]
 [12.  8.]
 [ 9.  1.]
 [ 6.  6.]
 [-4.  5.]
 [-3.  6.]
 [12.  8.]
 [ 9.  1.]
 [ 6.  6.]
 [-5.  5.]
 [-4.  6.]
 [12.  8.]
 [ 9.  1.]
 [ 6.  6.]
 [-5.  5.]
 [-5.  5.]
 [12.  8.]
 [ 9.  1.]
 [ 6.  6.]
 [-5.  4.]
 [-5.  4.]
 [12.  8.]
 [ 9.  1.]
 [ 6.  6.]
 [-5.  3.]
 [-5.  3.]
 [12.  8.]
 [ 9.  1.]
 [ 6.  6.]
 [-5.  2.]
 [-5.  2.]
 [12.  8.]
 [ 9.  1.]
 [ 6.  6.]
 [-5.  1.]
 [-5.  1.]
 [12.  8.]
 [ 9.  1.]
 [ 6.  6.]
 [-5.  0.]
 [-5.  0.]
 [12.  8.]
 [ 9.  1.]
 [ 6.  6.]
 [-5. -1.]
 [-5. -1.]
 [12.  8.]
 [ 9.  1.]
 [ 6.  6.]
 [-5. -2.]
 [-5. -2.]
 [12.  8.]
 [ 9.  1.]
 [ 6.  6.]
 [-5. -3.]
 [-5. -3.]
 [12.  8.]
 [ 9.  1.]
 [ 6.  6.]
 [-5. -4.]
 [-5. -4.]
 [12.  8.]
 [ 9.  1.]
 [ 6.  6.]
 [-5. -5.]
 [-5. -4.]
 [12.  8.]
 [ 9.  1.]
 [ 6.  6.]
 [-5. -5.]]
