Maze:
##########################
#                        #
#                        #
#                        #
#                        #
#                        #
#     ##############     #
#     #  B         #     #
#     #            #     #
#     #            #     #
#     #            #     #
#     #            #     #
#     #     S     D#     #
#     # C          #     #
#     #            #     #
#     #            #     #
#     #            #     #
#     #            #     #
#     #     A      #     #
#     ##############     #
#                        #
#                        #
#                        #
#                        #
#                        #
##########################
[[ 6.  6.]
 [ 6. 12.]
 [ 3.  1.]
 [ 2.  7.]
 [12.  6.]
 [ 6.  6.]
 [ 6. 12.]
 [ 3.  1.]
 [ 2.  8.]
 [12.  6.]
 [ 6.  6.]
 [ 6. 12.]
 [ 3.  1.]
 [ 2.  9.]
 [12.  6.]
 [ 6.  6.]
 [ 6. 12.]
 [ 3.  1.]
 [ 2. 10.]
 [12.  6.]
 [ 6.  6.]
 [ 7. 12.]
 [ 3.  1.]
 [ 3. 11.]
 [12.  6.]
 [ 6.  6.]
 [ 8. 12.]
 [ 3.  1.]
 [ 4. 11.]
 [12.  6.]
 [ 6.  6.]
 [ 9. 12.]
 [ 3.  1.]
 [ 5. 11.]
 [12.  6.]
 [ 6.  6.]
 [10. 12.]
 [ 3.  1.]
 [ 6. 11.]
 [12.  6.]
 [ 6.  6.]
 [11. 12.]
 [ 3.  1.]
 [ 7. 12.]
 [12.  6.]
 [ 6.  6.]
 [12. 12.]
 [ 3.  1.]
 [ 8. 12.]
 [12.  6.]
 [ 6.  6.]
 [13. 12.]
 [ 3.  1.]
 [ 9. 12.]
 [12.  6.]
 [ 6.  6.]
 [14. 12.]
 [ 3.  1.]
 [10. 12.]
 [12.  6.]
 [ 6.  6.]
 [15. 12.]
 [ 3.  1.]
 [11. 12.]
 [12.  6.]
 [ 6.  6.]
 [16. 12.]
 [ 3.  1.]
 [12. 12.]
 [12.  6.]
 [ 6.  6.]
 [17. 12.]
 [ 3.  1.]
 [13. 12.]
 [12.  6.]
 [ 6.  6.]
 [17. 12.]
 [ 3.  1.]
 [14. 12.]
 [12.  6.]
 [ 6.  6.]
 [17. 12.]
 [ 3.  1.]
 [15. 12.]
 [12.  6.]
 [ 6.  6.]
 [17. 12.]
 [ 3.  1.]
 [16. 12.]
 [12.  6.]
 [ 6.  6.]
 [17. 12.]
 [ 3.  1.]
 [16. 12.]
 [12.  6.]]
