Maze:
##########################
#                        #
#                        #
#                        #
#                        #
#                        #
#     ##############     #
#     #            #     #
#     #     S      #     #
#     #            #     #
#     #  D         #     #
#     #            #     #
#     #     C A    #     #
#     #            #     #
#     #            #     #
#     #            #     #
#     #            #     #
#     #           B#     #
#     #            #     #
#     ##############     #
#                        #
#                        #
#                        #
#                        #
#                        #
##########################
[[ 6.  2.]
 [ 8.  6.]
 [12. 11.]
 [ 6.  6.]
 [ 3.  4.]
 [ 6.  2.]
 [ 9.  6.]
 [12. 11.]
 [ 6.  6.]
 [ 3.  5.]
 [ 6.  2.]
 [10.  6.]
 [12. 11.]
 [ 6.  6.]
 [ 4.  6.]
 [ 6.  2.]
 [11.  6.]
 [12. 11.]
 [ 6.  6.]
 [ 5.  6.]
 [ 6.  2.]
 [11.  7.]
 [12. 11.]
 [ 6.  6.]
 [ 5.  6.]
 [ 6.  2.]
 [11.  8.]
 [12. 12.]
 [ 6.  6.]
 [ 5.  6.]
 [ 6.  2.]
 [11.  9.]
 [12. 13.]
 [ 6.  6.]
 [ 5.  6.]
 [ 6.  2.]
 [11. 10.]
 [12. 14.]
 [ 6.  6.]
 [ 5.  6.]
 [ 6.  2.]
 [11. 11.]
 [12. 15.]
 [ 6.  6.]
 [ 5.  6.]
 [ 6.  2.]
 [11. 12.]
 [12. 16.]
 [ 6.  6.]
 [ 5.  6.]
 [ 6.  2.]
 [11. 13.]
 [12. 17.]
 [ 6.  6.]
 [ 5.  6.]
 [ 6.  2.]
 [11. 14.]
 [12. 17.]
 [ 6.  6.]
 [ 5.  6.]
 [ 6.  2.]
 [11. 15.]
 [12. 17.]
 [ 6.  6.]
 [ 5.  6.]
 [ 6.  2.]
 [11. 16.]
 [12. 17.]
 [ 6.  6.]
 [ 5.  6.]
 [ 6.  2.]
 [12. 17.]
 [13. 17.]
 [ 6.  6.]
 [ 5.  6.]
 [ 6.  2.]
 [13. 17.]
 [14. 17.]
 [ 6.  6.]
 [ 5.  6.]
 [ 6.  2.]
 [14. 17.]
 [15. 17.]
 [ 6.  6.]
 [ 5.  6.]
 [ 6.  2.]
 [15. 17.]
 [16. 17.]
 [ 6.  6.]
 [ 5.  6.]
 [ 6.  2.]
 [16. 17.]
 [17. 17.]
 [ 6.  6.]
 [ 5.  6.]
 [ 6.  1.]
 [16. 17.]
 [17. 17.]
 [ 6.  6.]
 [ 5.  6.]
 [ 6.  1.]
 [16. 17.]
 [17. 17.]
 [ 6.  6.]
 [ 5.  6.]]
