Maze:
##########################
#                        #
#                        #
#                        #
#                        #
#                        #
#     ##############     #
#     #            #     #
#     #            #     #
#     #            #     #
#     #            #     #
#     #   C        #     #
#     #     B      #     #
#     # D          #     #
#     #            #     #
#     #            #     #
#     #S           #     #
#     #           A#     #
#     #            #     #
#     ##############     #
#                        #
#                        #
#                        #
#                        #
#                        #
##########################
[[ 1. 10.]
 [12. 11.]
 [ 6.  6.]
 [ 4.  5.]
 [ 2.  7.]
 [ 1. 10.]
 [12. 11.]
 [ 6.  6.]
 [ 4.  4.]
 [ 3.  6.]
 [ 1. 10.]
 [12. 11.]
 [ 6.  6.]
 [ 4.  3.]
 [ 3.  5.]
 [ 1. 10.]
 [12. 11.]
 [ 6.  6.]
 [ 4.  2.]
 [ 3.  4.]
 [ 1. 10.]
 [12. 11.]
 [ 6.  6.]
 [ 4.  1.]
 [ 3.  3.]
 [ 1. 10.]
 [12. 11.]
 [ 6.  6.]
 [ 4.  0.]
 [ 3.  2.]
 [ 1. 10.]
 [12. 11.]
 [ 6.  6.]
 [ 4. -1.]
 [ 3.  1.]
 [ 1. 10.]
 [12. 11.]
 [ 6.  6.]
 [ 4. -2.]
 [ 3.  0.]
 [ 1. 10.]
 [12. 11.]
 [ 6.  6.]
 [ 4. -3.]
 [ 3. -1.]
 [ 1. 10.]
 [12. 11.]
 [ 6.  6.]
 [ 4. -4.]
 [ 3. -2.]
 [ 1. 10.]
 [12. 11.]
 [ 6.  6.]
 [ 4. -5.]
 [ 3. -3.]
 [ 1. 10.]
 [12. 11.]
 [ 6.  6.]
 [ 4. -5.]
 [ 3. -4.]
 [ 1. 10.]
 [12. 11.]
 [ 6.  6.]
 [ 5. -5.]
 [ 4. -5.]
 [ 1. 10.]
 [12. 11.]
 [ 6.  6.]
 [ 6. -5.]
 [ 5. -5.]
 [ 1. 10.]
 [12. 11.]
 [ 6.  6.]
 [ 7. -5.]
 [ 6. -5.]
 [ 1. 10.]
 [12. 11.]
 [ 6.  6.]
 [ 8. -5.]
 [ 7. -5.]
 [ 1. 10.]
 [12. 11.]
 [ 6.  6.]
 [ 9. -5.]
 [ 8. -5.]
 [ 1. 10.]
 [12. 11.]
 [ 6.  6.]
 [10. -5.]
 [ 9. -5.]
 [ 1. 10.]
 [12. 11.]
 [ 6.  6.]
 [11. -5.]
 [10. -5.]
 [ 1. 10.]
 [12. 11.]
 [ 6.  6.]
 [12. -5.]
 [11. -5.]
 [ 1. 10.]
 [12. 11.]
 [ 6.  6.]
 [12. -5.]
 [11. -5.]
 [ 1. 10.]
 [12. 11.]
 [ 6.  6.]
 [13. -5.]
 [12. -5.]]
