Maze:
##########################
#                        #
#                        #
#                        #
#                        #
#                        #
#     ##############     #
#     #       C    #     #
#     #            #     #
#     #        A   #     #
#     #            #     #
#     #            #     #
#     #     D      #     #
#     #      S     #     #
#     #            #     #
#     #            #     #
#     #            #     #
#     #   B        #     #
#     #            #     #
#     ##############     #
#                        #
#                        #
#                        #
#                        #
#                        #
##########################
[[ 7.  7.]
 [ 9.  3.]
 [ 4. 11.]
 [ 8.  1.]
 [ 6.  6.]
 [ 7.  7.]
 [ 9.  4.]
 [ 4. 11.]
 [ 9.  2.]
 [ 6.  6.]
 [ 7.  7.]
 [ 9.  5.]
 [ 4. 11.]
 [ 9.  3.]
 [ 6.  6.]
 [ 7.  7.]
 [ 9.  6.]
 [ 4. 11.]
 [ 9.  4.]
 [ 6.  6.]
 [ 7.  6.]
 [ 9.  7.]
 [ 4. 11.]
 [ 9.  5.]
 [ 6.  6.]
 [ 7.  6.]
 [ 8.  8.]
 [ 4. 11.]
 [ 9.  6.]
 [ 6.  6.]
 [ 7.  6.]
 [ 7.  8.]
 [ 4. 11.]
 [ 9.  7.]
 [ 6.  6.]
 [ 7.  6.]
 [ 6.  8.]
 [ 4. 11.]
 [ 8.  8.]
 [ 6.  6.]
 [ 7.  6.]
 [ 5.  8.]
 [ 3. 12.]
 [ 7.  8.]
 [ 6.  6.]
 [ 7.  6.]
 [ 4.  8.]
 [ 3. 13.]
 [ 6.  9.]
 [ 6.  6.]
 [ 7.  6.]
 [ 3.  7.]
 [ 3. 14.]
 [ 5.  9.]
 [ 6.  6.]
 [ 7.  6.]
 [ 3.  6.]
 [ 3. 14.]
 [ 4.  9.]
 [ 6.  6.]
 [ 7.  6.]
 [ 4.  5.]
 [ 3. 14.]
 [ 3.  8.]
 [ 6.  6.]
 [ 7.  6.]
 [ 5.  5.]
 [ 3. 14.]
 [ 3.  7.]
 [ 6.  6.]
 [ 7.  6.]
 [ 6.  5.]
 [ 3. 14.]
 [ 3.  6.]
 [ 6.  6.]
 [ 7.  6.]
 [ 6.  5.]
 [ 3. 14.]
 [ 3.  5.]
 [ 6.  6.]
 [ 7.  6.]
 [ 6.  5.]
 [ 3. 14.]
 [ 3.  4.]
 [ 6.  6.]
 [ 7.  6.]
 [ 6.  5.]
 [ 3. 14.]
 [ 4.  4.]
 [ 6.  6.]
 [ 7.  6.]
 [ 6.  5.]
 [ 3. 14.]
 [ 5.  4.]
 [ 6.  6.]
 [ 7.  6.]
 [ 6.  5.]
 [ 3. 14.]
 [ 5.  4.]
 [ 6.  6.]]
