Maze:
##########################
#                        #
#                        #
#                        #
#                        #
#                        #
#     ##############     #
#     #    D       #     #
#     #            #     #
#     #            #     #
#     #   C        #     #
#     #            #     #
#     #     S     B#     #
#     #       A    #     #
#     #            #     #
#     #            #     #
#     #            #     #
#     #            #     #
#     #            #     #
#     ##############     #
#                        #
#                        #
#                        #
#                        #
#                        #
##########################
[[ 6.  6.]
 [ 8.  7.]
 [12.  6.]
 [ 4.  4.]
 [ 5.  1.]
 [ 6.  6.]
 [ 8.  6.]
 [13.  6.]
 [ 4.  5.]
 [ 4.  2.]
 [ 6.  6.]
 [ 8.  6.]
 [13.  6.]
 [ 4.  6.]
 [ 4.  3.]
 [ 6.  6.]
 [ 8.  6.]
 [13.  6.]
 [ 4.  7.]
 [ 3.  4.]
 [ 6.  6.]
 [ 8.  6.]
 [13.  6.]
 [ 5.  8.]
 [ 3.  5.]
 [ 6.  6.]
 [ 8.  5.]
 [13.  6.]
 [ 6.  8.]
 [ 2.  6.]
 [ 6.  6.]
 [ 8.  5.]
 [13.  6.]
 [ 7.  8.]
 [ 2.  6.]
 [ 6.  6.]
 [ 8.  5.]
 [13.  6.]
 [ 8.  7.]
 [ 2.  6.]
 [ 6.  6.]
 [ 8.  4.]
 [13.  6.]
 [ 8.  6.]
 [ 2.  6.]
 [ 6.  6.]
 [ 8.  3.]
 [13.  6.]
 [ 8.  5.]
 [ 2.  6.]
 [ 6.  6.]
 [ 8.  2.]
 [13.  6.]
 [ 8.  4.]
 [ 2.  6.]
 [ 6.  6.]
 [ 8.  1.]
 [13.  6.]
 [ 8.  3.]
 [ 2.  6.]
 [ 6.  6.]
 [ 8.  0.]
 [13.  6.]
 [ 8.  2.]
 [ 2.  6.]
 [ 6.  6.]
 [ 8. -1.]
 [13.  6.]
 [ 8.  1.]
 [ 2.  6.]
 [ 6.  6.]
 [ 8. -2.]
 [13.  6.]
 [ 8.  0.]
 [ 2.  6.]
 [ 6.  6.]
 [ 8. -3.]
 [13.  6.]
 [ 8. -1.]
 [ 1.  6.]
 [ 6.  6.]
 [ 8. -4.]
 [13.  6.]
 [ 8. -2.]
 [ 1.  6.]
 [ 6.  6.]
 [ 8. -5.]
 [13.  6.]
 [ 8. -3.]
 [ 1.  6.]
 [ 6.  6.]
 [ 8. -5.]
 [13.  6.]
 [ 8. -4.]
 [ 1.  6.]
 [ 6.  6.]
 [ 8. -5.]
 [13.  6.]
 [ 8. -4.]
 [ 1.  6.]]
