Maze:
##########################
#                        #
#                        #
#                        #
#                        #
#                        #
#     ##############     #
#     #            #     #
#     #            #     #
#     #            #     #
#     #            #     #
#     # A          #     #
#     #     B      #     #
#     #            #     #
#     #            #     #
#     #        S   #     #
#     #       C    #     #
#     #         D  #     #
#     #            #     #
#     ##############     #
#                        #
#                        #
#                        #
#                        #
#                        #
##########################
[[ 9.  9.]
 [ 2.  5.]
 [ 6.  6.]
 [ 8. 10.]
 [10. 11.]
 [10.  8.]
 [ 3.  5.]
 [ 6.  6.]
 [ 7. 10.]
 [ 9. 11.]
 [10.  8.]
 [ 4.  5.]
 [ 6.  6.]
 [ 6. 10.]
 [ 8. 11.]
 [10.  8.]
 [ 5.  5.]
 [ 6.  6.]
 [ 5. 10.]
 [ 7. 11.]
 [10.  8.]
 [ 5.  5.]
 [ 6.  6.]
 [ 4.  9.]
 [ 6. 11.]
 [10.  8.]
 [ 5.  5.]
 [ 6.  6.]
 [ 3.  8.]
 [ 5. 11.]
 [10.  8.]
 [ 5.  5.]
 [ 6.  6.]
 [ 3.  7.]
 [ 4. 11.]
 [10.  8.]
 [ 5.  5.]
 [ 6.  6.]
 [ 3.  6.]
 [ 4. 11.]
 [10.  8.]
 [ 5.  5.]
 [ 6.  6.]
 [ 4.  5.]
 [ 4. 11.]
 [10.  8.]
 [ 6.  5.]
 [ 6.  6.]
 [ 5.  5.]
 [ 4. 11.]
 [10.  8.]
 [ 7.  6.]
 [ 6.  6.]
 [ 6.  5.]
 [ 4. 11.]
 [10.  8.]
 [ 7.  6.]
 [ 6.  6.]
 [ 7.  5.]
 [ 4. 11.]
 [10.  8.]
 [ 6.  7.]
 [ 6.  6.]
 [ 7.  6.]
 [ 4. 11.]
 [10.  8.]
 [ 6.  7.]
 [ 6.  6.]
 [ 7.  7.]
 [ 4. 11.]
 [10.  8.]
 [ 5.  6.]
 [ 6.  6.]
 [ 6.  7.]
 [ 4. 11.]
 [10.  8.]
 [ 5.  6.]
 [ 6.  6.]
 [ 5.  7.]
 [ 4. 11.]
 [10.  8.]
 [ 6.  5.]
 [ 6.  6.]
 [ 5.  6.]
 [ 4. 11.]
 [10.  8.]
 [ 6.  5.]
 [ 6.  6.]
 [ 5.  5.]
 [ 4. 11.]
 [10.  8.]
 [ 7.  6.]
 [ 6.  6.]
 [ 6.  5.]
 [ 4. 11.]
 [10.  8.]
 [ 7.  6.]
 [ 6.  6.]
 [ 7.  5.]
 [ 4. 11.]
 [10.  8.]
 [ 7.  6.]
 [ 6.  6.]
 [ 7.  5.]
 [ 4. 11.]
 [10.  8.]
 [ 6.  7.]
 [ 6.  6.]
 [ 7.  6.]
 [ 4. 11.]]
