Maze:
##########################
#                        #
#                        #
#                        #
#                        #
#                        #
#     ##############     #
#     #            #     #
#     #            #     #
#     #     C      #     #
#     #            #     #
#     #            #     #
#     #    DB      #     #
#     #            #     #
#     #            #     #
#     #            #     #
#     #S           #     #
#     #           A#     #
#     #            #     #
#     ##############     #
#                        #
#                        #
#                        #
#                        #
#                        #
##########################
[[ 1. 10.]
 [12. 11.]
 [ 6.  6.]
 [ 6.  3.]
 [ 5.  6.]
 [ 1. 10.]
 [12. 11.]
 [ 6.  6.]
 [ 6.  2.]
 [ 4.  6.]
 [ 1. 10.]
 [12. 11.]
 [ 6.  6.]
 [ 6.  1.]
 [ 3.  5.]
 [ 1. 10.]
 [12. 11.]
 [ 6.  6.]
 [ 6.  0.]
 [ 3.  4.]
 [ 1. 10.]
 [12. 11.]
 [ 6.  6.]
 [ 6. -1.]
 [ 3.  3.]
 [ 1. 10.]
 [12. 11.]
 [ 6.  6.]
 [ 6. -2.]
 [ 3.  2.]
 [ 1. 10.]
 [12. 11.]
 [ 6.  6.]
 [ 6. -3.]
 [ 3.  1.]
 [ 1. 10.]
 [12. 11.]
 [ 6.  6.]
 [ 6. -4.]
 [ 3.  0.]
 [ 1. 10.]
 [12. 11.]
 [ 6.  6.]
 [ 6. -5.]
 [ 3. -1.]
 [ 1. 10.]
 [12. 11.]
 [ 6.  6.]
 [ 6. -5.]
 [ 3. -2.]
 [ 1. 10.]
 [12. 11.]
 [ 6.  6.]
 [ 7. -5.]
 [ 4. -3.]
 [ 1. 10.]
 [12. 11.]
 [ 6.  6.]
 [ 8. -5.]
 [ 5. -4.]
 [ 1. 10.]
 [12. 11.]
 [ 6.  6.]
 [ 9. -5.]
 [ 6. -4.]
 [ 1. 10.]
 [12. 11.]
 [ 6.  6.]
 [10. -5.]
 [ 7. -4.]
 [ 1. 10.]
 [12. 11.]
 [ 6.  6.]
 [11. -5.]
 [ 8. -4.]
 [ 1. 10.]
 [12. 11.]
 [ 6.  6.]
 [12. -5.]
 [ 9. -4.]
 [ 1. 10.]
 [12. 11.]
 [ 6.  6.]
 [13. -5.]
 [10. -4.]
 [ 1. 10.]
 [12. 11.]
 [ 6.  6.]
 [14. -5.]
 [11. -4.]
 [ 1. 10.]
 [12. 11.]
 [ 6.  6.]
 [15. -5.]
 [12. -4.]
 [ 1. 10.]
 [12. 11.]
 [ 6.  6.]
 [16. -5.]
 [13. -4.]
 [ 1. 10.]
 [12. 11.]
 [ 6.  6.]
 [16. -5.]
 [13. -4.]
 [ 1. 10.]
 [12. 11.]
 [ 6.  6.]
 [17. -5.]
 [14. -4.]]
