Maze:
##########################
#                        #
#                        #
#                        #
#                        #
#                        #
#     ##############     #
#     #            #     #
#     #            #     #
#     #      C     #     #
#     #A           #     #
#     #            #     #
#     #     S   B  #     #
#     #            #     #
#     #            #     #
#     #            #     #
#     #    D       #     #
#     #            #     #
#     #            #     #
#     ##############     #
#                        #
#                        #
#                        #
#                        #
#                        #
##########################
[[ 6.  6.]
 [ 1.  4.]
 [10.  6.]
 [ 7.  3.]
 [ 5. 10.]
 [ 6.  6.]
 [ 1.  4.]
 [10.  6.]
 [ 6.  2.]
 [ 5. 10.]
 [ 6.  6.]
 [ 1.  4.]
 [10.  6.]
 [ 5.  2.]
 [ 5. 10.]
 [ 6.  6.]
 [ 1.  4.]
 [10.  6.]
 [ 4.  2.]
 [ 5. 10.]
 [ 6.  6.]
 [ 1.  5.]
 [ 9.  6.]
 [ 3.  2.]
 [ 5. 10.]
 [ 6.  6.]
 [ 1.  6.]
 [ 8.  6.]
 [ 2.  3.]
 [ 5. 11.]
 [ 6.  6.]
 [ 1.  7.]
 [ 7.  6.]
 [ 2.  4.]
 [ 5. 11.]
 [ 6.  6.]
 [ 1.  8.]
 [ 7.  6.]
 [ 1.  5.]
 [ 5. 11.]
 [ 6.  6.]
 [ 2.  9.]
 [ 7.  6.]
 [ 1.  6.]
 [ 5. 11.]
 [ 6.  6.]
 [ 3. 10.]
 [ 7.  6.]
 [ 1.  7.]
 [ 5. 11.]
 [ 6.  6.]
 [ 4. 10.]
 [ 7.  6.]
 [ 1.  8.]
 [ 6. 12.]
 [ 6.  6.]
 [ 5. 10.]
 [ 7.  6.]
 [ 2.  9.]
 [ 6. 13.]
 [ 6.  6.]
 [ 6. 10.]
 [ 7.  6.]
 [ 3.  9.]
 [ 6. 14.]
 [ 6.  6.]
 [ 7. 10.]
 [ 7.  6.]
 [ 4.  9.]
 [ 6. 14.]
 [ 6.  6.]
 [ 8.  9.]
 [ 7.  6.]
 [ 5.  9.]
 [ 6. 14.]
 [ 6.  6.]
 [ 8.  8.]
 [ 7.  6.]
 [ 6.  9.]
 [ 6. 14.]
 [ 6.  6.]
 [ 8.  7.]
 [ 7.  6.]
 [ 7.  9.]
 [ 6. 14.]
 [ 6.  6.]
 [ 8.  7.]
 [ 7.  6.]
 [ 8.  8.]
 [ 6. 14.]
 [ 6.  6.]
 [ 8.  6.]
 [ 7.  6.]
 [ 8.  7.]
 [ 6. 14.]
 [ 6.  6.]
 [ 7.  5.]
 [ 7.  6.]
 [ 8.  6.]
 [ 6. 14.]
 [ 6.  6.]
 [ 7.  5.]
 [ 7.  6.]
 [ 8.  6.]
 [ 6. 14.]
 [ 6.  6.]
 [ 7.  6.]
 [ 6.  7.]
 [ 8.  5.]
 [ 6. 14.]]
