Maze:
##########################
#                        #
#                        #
#                        #
#                        #
#                        #
#     ##############     #
#     #            #     #
#     #     A      #     #
#     #            #     #
#     #  C         #     #
#     #            #     #
#     #     B      #     #
#     #            #     #
#     #S           #     #
#     #            #     #
#     #            #     #
#     #       D    #     #
#     #            #     #
#     ##############     #
#                        #
#                        #
#                        #
#                        #
#                        #
##########################
[[ 1.  8.]
 [ 6.  2.]
 [ 6.  6.]
 [ 3.  4.]
 [ 8. 11.]
 [ 1.  8.]
 [ 7.  3.]
 [ 6.  6.]
 [ 3.  3.]
 [ 8. 11.]
 [ 1.  8.]
 [ 7.  4.]
 [ 6.  6.]
 [ 4.  3.]
 [ 8. 11.]
 [ 1.  8.]
 [ 7.  5.]
 [ 6.  6.]
 [ 5.  3.]
 [ 8. 11.]
 [ 1.  8.]
 [ 7.  5.]
 [ 6.  6.]
 [ 6.  3.]
 [ 8. 11.]
 [ 1.  8.]
 [ 7.  5.]
 [ 6.  6.]
 [ 7.  4.]
 [ 8. 11.]
 [ 1.  8.]
 [ 7.  6.]
 [ 6.  6.]
 [ 7.  5.]
 [ 8. 11.]
 [ 1.  8.]
 [ 6.  7.]
 [ 6.  6.]
 [ 7.  6.]
 [ 8. 11.]
 [ 1.  8.]
 [ 6.  7.]
 [ 6.  6.]
 [ 7.  7.]
 [ 8. 11.]
 [ 1.  8.]
 [ 5.  6.]
 [ 6.  6.]
 [ 6.  7.]
 [ 8. 11.]
 [ 1.  8.]
 [ 5.  6.]
 [ 6.  6.]
 [ 5.  7.]
 [ 8. 11.]
 [ 1.  8.]
 [ 6.  5.]
 [ 6.  6.]
 [ 5.  6.]
 [ 8. 11.]
 [ 1.  8.]
 [ 6.  5.]
 [ 6.  6.]
 [ 5.  5.]
 [ 8. 11.]
 [ 1.  8.]
 [ 7.  6.]
 [ 6.  6.]
 [ 6.  5.]
 [ 8. 11.]
 [ 1.  8.]
 [ 7.  6.]
 [ 6.  6.]
 [ 7.  5.]
 [ 8. 11.]
 [ 1.  8.]
 [ 6.  7.]
 [ 6.  6.]
 [ 7.  6.]
 [ 8. 11.]
 [ 1.  8.]
 [ 6.  7.]
 [ 6.  6.]
 [ 7.  7.]
 [ 8. 11.]
 [ 1.  8.]
 [ 5.  6.]
 [ 6.  6.]
 [ 6.  7.]
 [ 8. 11.]
 [ 1.  8.]
 [ 5.  6.]
 [ 6.  6.]
 [ 5.  7.]
 [ 8. 11.]
 [ 1.  8.]
 [ 6.  5.]
 [ 6.  6.]
 [ 5.  6.]
 [ 8. 11.]
 [ 1.  8.]
 [ 6.  5.]
 [ 6.  6.]
 [ 5.  6.]
 [ 8. 11.]
 [ 1.  8.]
 [ 6.  5.]
 [ 6.  6.]
 [ 5.  5.]
 [ 8. 11.]]
