Maze:
##########################
#                        #
#                        #
#                        #
#                        #
#                        #
#     ##############     #
#     #          B #     #
#     #            #     #
#     #           A#     #
#     #            #     #
#     #   D        #     #
#     #     C      #     #
#     #            #     #
#     #    S       #     #
#     #            #     #
#     #            #     #
#     #            #     #
#     #            #     #
#     ##############     #
#                        #
#                        #
#                        #
#                        #
#                        #
##########################
[[ 5.  8.]
 [12.  3.]
 [11.  1.]
 [ 6.  6.]
 [ 4.  5.]
 [ 4.  9.]
 [12.  2.]
 [11.  0.]
 [ 6.  6.]
 [ 5.  5.]
 [ 4.  9.]
 [12.  1.]
 [11. -1.]
 [ 6.  6.]
 [ 5.  5.]
 [ 4.  9.]
 [12.  0.]
 [11. -2.]
 [ 6.  6.]
 [ 5.  5.]
 [ 4.  9.]
 [12. -1.]
 [11. -3.]
 [ 6.  6.]
 [ 5.  5.]
 [ 4.  9.]
 [12. -2.]
 [11. -4.]
 [ 6.  6.]
 [ 5.  5.]
 [ 4.  9.]
 [12. -3.]
 [11. -5.]
 [ 6.  6.]
 [ 5.  5.]
 [ 4. 10.]
 [12. -4.]
 [11. -5.]
 [ 6.  6.]
 [ 5.  5.]
 [ 4. 10.]
 [11. -5.]
 [10. -5.]
 [ 6.  6.]
 [ 5.  5.]
 [ 4. 10.]
 [10. -5.]
 [ 9. -5.]
 [ 6.  6.]
 [ 5.  5.]
 [ 4. 10.]
 [ 9. -5.]
 [ 8. -5.]
 [ 6.  6.]
 [ 5.  5.]
 [ 4. 10.]
 [ 8. -5.]
 [ 7. -5.]
 [ 6.  6.]
 [ 5.  5.]
 [ 4. 10.]
 [ 7. -5.]
 [ 6. -5.]
 [ 6.  6.]
 [ 5.  5.]
 [ 4. 10.]
 [ 6. -5.]
 [ 5. -5.]
 [ 6.  6.]
 [ 5.  5.]
 [ 4. 10.]
 [ 5. -5.]
 [ 4. -5.]
 [ 6.  6.]
 [ 5.  5.]
 [ 4. 10.]
 [ 4. -5.]
 [ 3. -5.]
 [ 6.  6.]
 [ 5.  5.]
 [ 4. 10.]
 [ 3. -5.]
 [ 2. -5.]
 [ 6.  6.]
 [ 5.  5.]
 [ 4. 10.]
 [ 2. -5.]
 [ 1. -5.]
 [ 6.  6.]
 [ 5.  5.]
 [ 4. 10.]
 [ 1. -5.]
 [ 0. -5.]
 [ 6.  6.]
 [ 5.  5.]
 [ 4. 10.]
 [ 0. -5.]
 [-1. -5.]
 [ 6.  6.]
 [ 5.  5.]
 [ 4. 10.]
 [ 0. -5.]
 [-1. -5.]
 [ 6.  6.]
 [ 5.  5.]
 [ 4. 10.]
 [-1. -5.]
 [-2. -5.]
 [ 6.  6.]
 [ 5.  5.]]
