Maze:
##########################
#                        #
#                        #
#                        #
#                        #
#                        #
#     ##############     #
#     #            #     #
#     #            #     #
#     #           C#     #
#     #B           #     #
#     #            #     #
#     #     S    D #     #
#     #            #     #
#     # A          #     #
#     #            #     #
#     #            #     #
#     #            #     #
#     #            #     #
#     ##############     #
#                        #
#                        #
#                        #
#                        #
#                        #
##########################
[[ 6.  6.]
 [ 2.  8.]
 [ 1.  4.]
 [12.  3.]
 [11.  6.]
 [ 6.  6.]
 [ 2.  7.]
 [ 1.  3.]
 [12.  2.]
 [12.  5.]
 [ 6.  6.]
 [ 2.  6.]
 [ 1.  2.]
 [12.  1.]
 [12.  4.]
 [ 6.  6.]
 [ 2.  5.]
 [ 1.  1.]
 [12.  0.]
 [12.  3.]
 [ 6.  6.]
 [ 2.  4.]
 [ 1.  0.]
 [12. -1.]
 [12.  2.]
 [ 6.  6.]
 [ 2.  3.]
 [ 1. -1.]
 [12. -2.]
 [12.  1.]
 [ 6.  6.]
 [ 2.  2.]
 [ 1. -2.]
 [12. -3.]
 [12.  0.]
 [ 6.  6.]
 [ 2.  1.]
 [ 1. -3.]
 [12. -4.]
 [12. -1.]
 [ 6.  6.]
 [ 2.  0.]
 [ 1. -4.]
 [12. -5.]
 [12. -2.]
 [ 6.  6.]
 [ 2. -1.]
 [ 1. -5.]
 [12. -5.]
 [12. -3.]
 [ 6.  6.]
 [ 2. -2.]
 [ 1. -5.]
 [12. -5.]
 [12. -4.]
 [ 6.  6.]
 [ 2. -3.]
 [ 1. -5.]
 [12. -5.]
 [12. -4.]
 [ 6.  6.]
 [ 2. -4.]
 [ 1. -5.]
 [12. -5.]
 [12. -4.]
 [ 6.  6.]
 [ 1. -5.]
 [ 0. -5.]
 [12. -5.]
 [12. -4.]
 [ 6.  6.]
 [ 0. -5.]
 [-1. -5.]
 [12. -5.]
 [12. -4.]
 [ 6.  6.]
 [-1. -5.]
 [-2. -5.]
 [12. -5.]
 [12. -4.]
 [ 6.  6.]
 [-2. -5.]
 [-3. -5.]
 [12. -5.]
 [12. -4.]
 [ 6.  6.]
 [-3. -5.]
 [-4. -5.]
 [12. -5.]
 [12. -4.]
 [ 6.  6.]
 [-4. -5.]
 [-5. -5.]
 [12. -5.]
 [12. -4.]
 [ 6.  6.]
 [-4. -5.]
 [-5. -5.]
 [12. -5.]
 [12. -4.]]
