Maze:
##########################
#                        #
#                        #
#                        #
#                        #
#                        #
#     ##############     #
#     #            #     #
#     #            #     #
#     #B           #     #
#     #            #     #
#     # D          #     #
#     #     S   A  #     #
#     #            #     #
#     #  C         #     #
#     #            #     #
#     #            #     #
#     #            #     #
#     #            #     #
#     ##############     #
#                        #
#                        #
#                        #
#                        #
#                        #
##########################
[[ 6.  6.]
 [10.  6.]
 [ 1.  3.]
 [ 3.  8.]
 [ 2.  5.]
 [ 6.  6.]
 [10.  6.]
 [ 1.  2.]
 [ 3.  9.]
 [ 2.  6.]
 [ 6.  6.]
 [10.  6.]
 [ 1.  2.]
 [ 3. 10.]
 [ 2.  7.]
 [ 6.  6.]
 [10.  6.]
 [ 1.  2.]
 [ 3. 11.]
 [ 2.  8.]
 [ 6.  6.]
 [10.  6.]
 [ 1.  2.]
 [ 3. 12.]
 [ 2.  9.]
 [ 6.  6.]
 [10.  6.]
 [ 1.  2.]
 [ 3. 13.]
 [ 2. 10.]
 [ 6.  6.]
 [10.  6.]
 [ 1.  2.]
 [ 3. 14.]
 [ 2. 11.]
 [ 6.  6.]
 [10.  6.]
 [ 1.  2.]
 [ 3. 15.]
 [ 2. 12.]
 [ 6.  6.]
 [10.  6.]
 [ 1.  2.]
 [ 3. 16.]
 [ 2. 13.]
 [ 6.  6.]
 [10.  6.]
 [ 1.  2.]
 [ 3. 17.]
 [ 2. 14.]
 [ 6.  6.]
 [10.  6.]
 [ 1.  2.]
 [ 3. 17.]
 [ 2. 15.]
 [ 6.  6.]
 [10.  6.]
 [ 1.  2.]
 [ 3. 17.]
 [ 2. 16.]
 [ 6.  6.]
 [10.  6.]
 [ 1.  2.]
 [ 4. 17.]
 [ 3. 17.]
 [ 6.  6.]
 [10.  6.]
 [ 1.  2.]
 [ 5. 17.]
 [ 4. 17.]
 [ 6.  6.]
 [10.  6.]
 [ 1.  2.]
 [ 6. 17.]
 [ 5. 17.]
 [ 6.  6.]
 [10.  6.]
 [ 1.  2.]
 [ 7. 17.]
 [ 6. 17.]
 [ 6.  6.]
 [10.  6.]
 [ 1.  2.]
 [ 8. 17.]
 [ 7. 17.]
 [ 6.  6.]
 [10.  6.]
 [ 1.  2.]
 [ 9. 17.]
 [ 8. 17.]
 [ 6.  6.]
 [10.  6.]
 [ 1.  2.]
 [10. 17.]
 [ 9. 17.]
 [ 6.  6.]
 [10.  6.]
 [ 1.  2.]
 [11. 17.]
 [10. 17.]
 [ 6.  6.]
 [10.  6.]
 [ 1.  2.]
 [11. 17.]
 [10. 17.]
 [ 6.  6.]
 [10.  6.]
 [ 1.  2.]
 [12. 17.]
 [11. 17.]]
