Maze:
##########################
#                        #
#                        #
#                        #
#                        #
#                        #
#     ##############     #
#     #          S #     #
#     #            #     #
#     #       C    #     #
#     #            #     #
#     #            #     #
#     #     D      #     #
#     #            #     #
#     #            #     #
#     #     B      #     #
#     # A          #     #
#     #            #     #
#     #            #     #
#     ##############     #
#                        #
#                        #
#                        #
#                        #
#                        #
##########################
[[11.  1.]
 [ 2. 10.]
 [ 6.  9.]
 [ 8.  3.]
 [ 6.  6.]
 [12.  1.]
 [ 3. 10.]
 [ 7.  9.]
 [ 8.  2.]
 [ 6.  6.]
 [13.  1.]
 [ 4. 10.]
 [ 8.  9.]
 [ 8.  1.]
 [ 6.  6.]
 [13.  1.]
 [ 5. 10.]
 [ 9.  9.]
 [ 8.  1.]
 [ 6.  6.]
 [13.  1.]
 [ 6. 10.]
 [10.  9.]
 [ 8.  1.]
 [ 6.  6.]
 [13.  1.]
 [ 7. 10.]
 [11.  9.]
 [ 8.  1.]
 [ 6.  6.]
 [13.  1.]
 [ 8. 10.]
 [12.  9.]
 [ 8.  1.]
 [ 6.  6.]
 [13.  1.]
 [ 9. 10.]
 [13.  9.]
 [ 8.  1.]
 [ 6.  6.]
 [13.  1.]
 [10. 10.]
 [14.  9.]
 [ 8.  1.]
 [ 6.  6.]
 [13.  1.]
 [11. 10.]
 [15.  9.]
 [ 8.  1.]
 [ 6.  6.]
 [13.  1.]
 [12. 10.]
 [16.  9.]
 [ 8.  1.]
 [ 6.  6.]
 [13.  1.]
 [13. 10.]
 [17.  9.]
 [ 8.  1.]
 [ 6.  6.]
 [13.  1.]
 [14. 10.]
 [17.  9.]
 [ 8.  1.]
 [ 6.  6.]
 [13.  1.]
 [15. 10.]
 [17.  9.]
 [ 8.  1.]
 [ 6.  6.]
 [13.  1.]
 [16. 10.]
 [17.  9.]
 [ 8.  1.]
 [ 6.  6.]
 [13.  1.]
 [17.  9.]
 [17.  8.]
 [ 8.  1.]
 [ 6.  6.]
 [14.  1.]
 [17.  8.]
 [17.  7.]
 [ 8.  1.]
 [ 6.  6.]
 [14.  1.]
 [17.  7.]
 [17.  6.]
 [ 8.  1.]
 [ 6.  6.]
 [14.  1.]
 [17.  6.]
 [17.  5.]
 [ 8.  1.]
 [ 6.  6.]
 [15.  1.]
 [17.  5.]
 [17.  4.]
 [ 8.  1.]
 [ 6.  6.]
 [15.  1.]
 [17.  5.]
 [17.  4.]
 [ 8.  1.]
 [ 6.  6.]
 [16.  2.]
 [17.  4.]
 [17.  3.]
 [ 8.  1.]
 [ 6.  6.]]
