Maze:
##########################
#                        #
#                        #
#                        #
#                        #
#                        #
#     ##############     #
#     #            #     #
#     #            #     #
#     #       C    #     #
#     #           A#     #
#     # B          #     #
#     #     S      #     #
#     #            #     #
#     #          D #     #
#     #            #     #
#     #            #     #
#     #            #     #
#     #            #     #
#     ##############     #
#                        #
#                        #
#                        #
#                        #
#                        #
##########################
[[ 6.  6.]
 [12.  4.]
 [ 2.  5.]
 [ 8.  3.]
 [11.  8.]
 [ 6.  6.]
 [12.  5.]
 [ 2.  5.]
 [ 9.  3.]
 [11.  8.]
 [ 6.  6.]
 [12.  6.]
 [ 2.  5.]
 [10.  3.]
 [11.  8.]
 [ 6.  6.]
 [12.  7.]
 [ 3.  5.]
 [11.  3.]
 [11.  9.]
 [ 6.  6.]
 [12.  8.]
 [ 4.  5.]
 [11.  4.]
 [11. 10.]
 [ 6.  6.]
 [12.  9.]
 [ 5.  5.]
 [11.  5.]
 [11. 11.]
 [ 6.  6.]
 [12. 10.]
 [ 5.  5.]
 [11.  6.]
 [11. 12.]
 [ 6.  6.]
 [12. 11.]
 [ 5.  5.]
 [11.  7.]
 [11. 13.]
 [ 6.  6.]
 [12. 12.]
 [ 5.  5.]
 [11.  8.]
 [11. 14.]
 [ 6.  6.]
 [12. 13.]
 [ 5.  5.]
 [11.  9.]
 [11. 15.]
 [ 6.  6.]
 [12. 14.]
 [ 5.  5.]
 [11. 10.]
 [11. 16.]
 [ 6.  6.]
 [12. 15.]
 [ 5.  5.]
 [11. 11.]
 [11. 17.]
 [ 6.  6.]
 [12. 16.]
 [ 5.  5.]
 [11. 12.]
 [11. 17.]
 [ 6.  6.]
 [11. 17.]
 [ 5.  5.]
 [11. 12.]
 [10. 17.]
 [ 6.  6.]
 [10. 17.]
 [ 5.  5.]
 [11. 12.]
 [ 9. 17.]
 [ 6.  6.]
 [ 9. 17.]
 [ 5.  5.]
 [11. 12.]
 [ 8. 17.]
 [ 6.  6.]
 [ 8. 17.]
 [ 5.  5.]
 [11. 12.]
 [ 7. 17.]
 [ 6.  6.]
 [ 7. 17.]
 [ 5.  5.]
 [11. 12.]
 [ 6. 17.]
 [ 6.  6.]
 [ 6. 17.]
 [ 5.  5.]
 [11. 12.]
 [ 5. 17.]
 [ 6.  6.]
 [ 5. 17.]
 [ 5.  5.]
 [11. 12.]
 [ 4. 17.]
 [ 6.  6.]
 [ 5. 17.]
 [ 5.  5.]
 [11. 12.]
 [ 4. 17.]
 [ 6.  6.]
 [ 4. 17.]
 [ 5.  5.]
 [11. 12.]
 [ 3. 17.]]
