Maze:
##########################
#                        #
#                        #
#                        #
#                        #
#                        #
#     ##############     #
#     #            #     #
#     #       D    #     #
#     #            #     #
#     #            #     #
#     #    C       #     #
#     #     S      #     #
#     #            #     #
#     #            #     #
#     #         A  #     #
#     #            #     #
#     #            #     #
#     #        B   #     #
#     ##############     #
#                        #
#                        #
#                        #
#                        #
#                        #
##########################
[[ 6.  6.]
 [10.  9.]
 [ 9. 12.]
 [ 5.  5.]
 [ 8.  2.]
 [ 6.  6.]
 [10. 10.]
 [ 9. 13.]
 [ 4.  6.]
 [ 8.  2.]
 [ 6.  6.]
 [10. 11.]
 [ 9. 14.]
 [ 4.  6.]
 [ 8.  2.]
 [ 6.  6.]
 [10. 12.]
 [ 9. 15.]
 [ 4.  6.]
 [ 8.  2.]
 [ 6.  6.]
 [10. 13.]
 [ 9. 16.]
 [ 4.  6.]
 [ 8.  2.]
 [ 6.  6.]
 [10. 14.]
 [ 9. 17.]
 [ 4.  6.]
 [ 8.  2.]
 [ 6.  6.]
 [10. 15.]
 [ 9. 17.]
 [ 4.  6.]
 [ 8.  2.]
 [ 6.  6.]
 [10. 16.]
 [ 9. 17.]
 [ 3.  6.]
 [ 8.  2.]
 [ 6.  6.]
 [ 9. 17.]
 [ 8. 17.]
 [ 3.  6.]
 [ 8.  2.]
 [ 6.  6.]
 [ 8. 17.]
 [ 7. 17.]
 [ 3.  6.]
 [ 8.  2.]
 [ 6.  6.]
 [ 7. 17.]
 [ 6. 17.]
 [ 3.  6.]
 [ 8.  2.]
 [ 6.  6.]
 [ 6. 17.]
 [ 5. 17.]
 [ 3.  6.]
 [ 8.  2.]
 [ 6.  6.]
 [ 5. 17.]
 [ 4. 17.]
 [ 3.  6.]
 [ 8.  2.]
 [ 6.  6.]
 [ 4. 17.]
 [ 3. 17.]
 [ 3.  6.]
 [ 8.  2.]
 [ 6.  6.]
 [ 3. 17.]
 [ 2. 17.]
 [ 3.  6.]
 [ 8.  2.]
 [ 6.  6.]
 [ 2. 17.]
 [ 1. 17.]
 [ 3.  6.]
 [ 8.  2.]
 [ 6.  6.]
 [ 1. 17.]
 [ 0. 17.]
 [ 3.  6.]
 [ 8.  2.]
 [ 6.  6.]
 [ 0. 17.]
 [-1. 17.]
 [ 3.  6.]
 [ 8.  2.]
 [ 6.  6.]
 [-1. 17.]
 [-2. 17.]
 [ 3.  6.]
 [ 8.  2.]
 [ 6.  6.]
 [-2. 17.]
 [-3. 17.]
 [ 3.  6.]
 [ 8.  2.]
 [ 6.  6.]
 [-2. 17.]
 [-3. 17.]
 [ 3.  6.]
 [ 8.  2.]
 [ 6.  6.]
 [-3. 17.]
 [-4. 17.]
 [ 3.  6.]
 [ 8.  2.]]
