Maze:
##########################
#                        #
#                        #
#                        #
#                        #
#                        #
#     ##############     #
#     #            #     #
#     #            #     #
#     #           D#     #
#     #            #     #
#     #            #     #
#     #   C S      #     #
#     #            #     #
#     #            #     #
#     #          B #     #
#     #            #     #
#     #     A      #     #
#     #            #     #
#     ##############     #
#                        #
#                        #
#                        #
#                        #
#                        #
##########################
[[ 6.  6.]
 [ 6. 11.]
 [11.  9.]
 [ 4.  6.]
 [12.  3.]
 [ 6.  6.]
 [ 7. 11.]
 [11.  9.]
 [ 4.  7.]
 [12.  3.]
 [ 6.  6.]
 [ 8. 11.]
 [11.  9.]
 [ 4.  8.]
 [12.  3.]
 [ 6.  6.]
 [ 9. 11.]
 [12.  8.]
 [ 4.  9.]
 [12.  3.]
 [ 6.  6.]
 [10. 10.]
 [12.  8.]
 [ 4.  9.]
 [12.  3.]
 [ 6.  6.]
 [11.  9.]
 [13.  7.]
 [ 4.  9.]
 [12.  3.]
 [ 6.  6.]
 [12.  8.]
 [14.  6.]
 [ 4.  9.]
 [12.  3.]
 [ 6.  6.]
 [13.  7.]
 [15.  5.]
 [ 4.  9.]
 [12.  2.]
 [ 6.  6.]
 [14.  6.]
 [16.  4.]
 [ 4.  9.]
 [12.  2.]
 [ 6.  6.]
 [15.  5.]
 [17.  3.]
 [ 4.  9.]
 [12.  2.]
 [ 6.  6.]
 [16.  4.]
 [17.  2.]
 [ 4.  9.]
 [12.  2.]
 [ 6.  6.]
 [16.  3.]
 [17.  1.]
 [ 4.  9.]
 [12.  2.]
 [ 6.  6.]
 [16.  2.]
 [17.  0.]
 [ 4.  9.]
 [12.  2.]
 [ 6.  6.]
 [16.  1.]
 [17. -1.]
 [ 4.  9.]
 [12.  2.]
 [ 6.  6.]
 [16.  0.]
 [17. -2.]
 [ 4.  9.]
 [12.  2.]
 [ 6.  6.]
 [16. -1.]
 [17. -3.]
 [ 4.  9.]
 [12.  2.]
 [ 6.  6.]
 [16. -2.]
 [17. -4.]
 [ 4.  9.]
 [12.  2.]
 [ 6.  6.]
 [16. -3.]
 [17. -5.]
 [ 4.  9.]
 [12.  2.]
 [ 6.  6.]
 [16. -4.]
 [17. -5.]
 [ 4.  9.]
 [12.  2.]
 [ 6.  6.]
 [16. -4.]
 [17. -5.]
 [ 4.  9.]
 [12.  2.]]
