Maze:
##########################
#                        #
#                        #
#                        #
#                        #
#                        #
#     ##############     #
#     #          S #     #
#     #            #     #
#     #     B      #     #
#     #            #     #
#     #   D        #     #
#     #C    A      #     #
#     #            #     #
#     #            #     #
#     #            #     #
#     #            #     #
#     #            #     #
#     #            #     #
#     ##############     #
#                        #
#                        #
#                        #
#                        #
#                        #
##########################
[[11.  1.]
 [ 6.  6.]
 [ 6.  3.]
 [ 1.  6.]
 [ 4.  5.]
 [11.  1.]
 [ 6.  6.]
 [ 6.  2.]
 [ 0.  7.]
 [ 3.  5.]
 [11.  1.]
 [ 6.  6.]
 [ 7.  1.]
 [-1.  8.]
 [ 2.  5.]
 [11.  1.]
 [ 6.  6.]
 [ 8.  0.]
 [-1.  9.]
 [ 1.  5.]
 [10.  1.]
 [ 6.  6.]
 [ 9.  0.]
 [-1. 10.]
 [ 0.  6.]
 [ 9.  0.]
 [ 6.  6.]
 [10.  1.]
 [-1. 11.]
 [ 0.  7.]
 [10.  1.]
 [ 6.  6.]
 [ 9.  0.]
 [-1. 12.]
 [ 0.  8.]
 [ 9.  0.]
 [ 6.  6.]
 [10.  1.]
 [-1. 13.]
 [ 0.  9.]
 [10.  1.]
 [ 6.  6.]
 [ 9.  0.]
 [-1. 14.]
 [ 0. 10.]
 [ 9.  0.]
 [ 6.  6.]
 [10.  1.]
 [-1. 15.]
 [ 0. 11.]
 [10.  1.]
 [ 6.  6.]
 [ 9.  0.]
 [-1. 16.]
 [ 0. 12.]
 [ 9.  0.]
 [ 6.  6.]
 [10.  1.]
 [-1. 17.]
 [ 0. 13.]
 [10.  1.]
 [ 6.  6.]
 [ 9.  0.]
 [-1. 17.]
 [ 0. 14.]
 [ 9.  0.]
 [ 6.  6.]
 [10.  1.]
 [-1. 17.]
 [ 0. 15.]
 [10.  1.]
 [ 6.  6.]
 [ 9.  0.]
 [-1. 17.]
 [ 0. 16.]
 [ 9.  0.]
 [ 6.  6.]
 [10.  1.]
 [-2. 17.]
 [-1. 17.]
 [10.  1.]
 [ 6.  6.]
 [ 9.  0.]
 [-3. 17.]
 [-2. 17.]
 [ 9.  0.]
 [ 6.  6.]
 [10.  1.]
 [-4. 17.]
 [-3. 17.]
 [10.  1.]
 [ 6.  6.]
 [ 9.  0.]
 [-5. 17.]
 [-4. 17.]
 [ 9.  0.]
 [ 6.  6.]
 [10.  1.]
 [-5. 17.]
 [-4. 17.]
 [10.  1.]
 [ 6.  6.]
 [ 9.  0.]
 [-5. 17.]
 [-4. 17.]]
