Maze:
##########################
#                        #
#                        #
#                        #
#                        #
#                        #
#     ##############     #
#     #            #     #
#     #            #     #
#     #            #     #
#     #            #     #
#     #            #     #
#     #     D      #     #
#     #B           #     #
#     #            #     #
#     #            #     #
#     #           S#     #
#     #        C   #     #
#     #   A        #     #
#     ##############     #
#                        #
#                        #
#                        #
#                        #
#                        #
##########################
[[12. 10.]
 [ 4. 12.]
 [ 1.  7.]
 [ 9. 11.]
 [ 6.  6.]
 [13. 10.]
 [ 3. 12.]
 [ 1.  7.]
 [ 9. 12.]
 [ 6.  6.]
 [13. 10.]
 [ 3. 11.]
 [ 1.  7.]
 [ 9. 12.]
 [ 6.  6.]
 [13. 10.]
 [ 2. 10.]
 [ 1.  6.]
 [ 9. 12.]
 [ 6.  6.]
 [13. 10.]
 [ 2.  9.]
 [ 1.  5.]
 [ 9. 12.]
 [ 6.  6.]
 [13. 10.]
 [ 2.  8.]
 [ 1.  4.]
 [ 9. 12.]
 [ 6.  6.]
 [13. 10.]
 [ 2.  7.]
 [ 1.  3.]
 [ 9. 12.]
 [ 6.  6.]
 [13. 10.]
 [ 2.  6.]
 [ 1.  2.]
 [ 9. 12.]
 [ 6.  6.]
 [13. 10.]
 [ 2.  5.]
 [ 1.  1.]
 [ 9. 12.]
 [ 6.  6.]
 [13. 10.]
 [ 2.  4.]
 [ 1.  0.]
 [ 9. 12.]
 [ 6.  6.]
 [13. 10.]
 [ 2.  3.]
 [ 1. -1.]
 [ 9. 12.]
 [ 6.  6.]
 [13. 10.]
 [ 2.  2.]
 [ 1. -2.]
 [ 9. 12.]
 [ 6.  6.]
 [13. 10.]
 [ 2.  1.]
 [ 1. -3.]
 [ 9. 12.]
 [ 6.  6.]
 [13. 10.]
 [ 2.  0.]
 [ 1. -4.]
 [ 9. 12.]
 [ 6.  6.]
 [13. 10.]
 [ 2. -1.]
 [ 1. -5.]
 [ 9. 12.]
 [ 6.  6.]
 [13. 10.]
 [ 2. -2.]
 [ 1. -5.]
 [ 9. 12.]
 [ 6.  6.]
 [13. 10.]
 [ 2. -3.]
 [ 1. -5.]
 [ 9. 12.]
 [ 6.  6.]
 [13. 10.]
 [ 2. -4.]
 [ 1. -5.]
 [ 9. 12.]
 [ 6.  6.]
 [13. 10.]
 [ 1. -5.]
 [ 0. -5.]
 [ 9. 12.]
 [ 6.  6.]
 [13. 10.]
 [ 0. -5.]
 [-1. -5.]
 [ 9. 12.]
 [ 6.  6.]
 [13. 10.]
 [ 0. -5.]
 [-1. -5.]
 [ 9. 12.]
 [ 6.  6.]
 [13. 10.]
 [-1. -5.]
 [-2. -5.]
 [ 9. 12.]
 [ 6.  6.]]
