Maze:
##########################
#                        #
#                        #
#                        #
#                        #
#                        #
#     ##############     #
#     #          B #     #
#     #  D         #     #
#     #            #     #
#     #            #     #
#     #            #     #
#     #     S      #     #
#     #            #     #
#     #            #     #
#     #            #     #
#     #           A#     #
#     #            #     #
#     #      C     #     #
#     ##############     #
#                        #
#                        #
#                        #
#                        #
#                        #
##########################
[[ 6.  6.]
 [12. 10.]
 [11.  1.]
 [ 7. 12.]
 [ 3.  2.]
 [ 6.  6.]
 [12. 10.]
 [11.  1.]
 [ 8. 12.]
 [ 3.  2.]
 [ 6.  6.]
 [12.  9.]
 [11.  1.]
 [ 9. 12.]
 [ 3.  2.]
 [ 6.  6.]
 [12.  8.]
 [11.  1.]
 [10. 11.]
 [ 3.  2.]
 [ 6.  6.]
 [12.  7.]
 [11.  1.]
 [11. 10.]
 [ 3.  2.]
 [ 6.  6.]
 [12.  6.]
 [11.  1.]
 [11.  9.]
 [ 3.  2.]
 [ 6.  6.]
 [12.  5.]
 [11.  1.]
 [11.  8.]
 [ 3.  2.]
 [ 6.  6.]
 [12.  4.]
 [11.  0.]
 [11.  7.]
 [ 3.  2.]
 [ 6.  6.]
 [12.  3.]
 [11. -1.]
 [11.  6.]
 [ 3.  2.]
 [ 6.  6.]
 [12.  2.]
 [11. -2.]
 [11.  5.]
 [ 3.  2.]
 [ 6.  6.]
 [12.  1.]
 [11. -3.]
 [11.  4.]
 [ 3.  2.]
 [ 6.  6.]
 [12.  0.]
 [11. -4.]
 [11.  3.]
 [ 3.  2.]
 [ 6.  6.]
 [12. -1.]
 [11. -5.]
 [11.  2.]
 [ 3.  2.]
 [ 6.  6.]
 [12. -2.]
 [11. -5.]
 [11.  1.]
 [ 3.  2.]
 [ 6.  6.]
 [12. -3.]
 [11. -5.]
 [11.  0.]
 [ 3.  2.]
 [ 6.  6.]
 [12. -4.]
 [11. -5.]
 [11. -1.]
 [ 3.  2.]
 [ 6.  6.]
 [11. -5.]
 [10. -5.]
 [11. -2.]
 [ 3.  2.]
 [ 6.  6.]
 [10. -5.]
 [ 9. -5.]
 [11. -3.]
 [ 3.  2.]
 [ 6.  6.]
 [ 9. -5.]
 [ 8. -5.]
 [11. -4.]
 [ 3.  2.]
 [ 6.  6.]
 [ 8. -5.]
 [ 7. -5.]
 [10. -5.]
 [ 3.  2.]
 [ 6.  6.]
 [ 8. -5.]
 [ 7. -5.]
 [10. -5.]
 [ 3.  2.]
 [ 6.  6.]
 [ 7. -5.]
 [ 6. -5.]
 [ 9. -5.]
 [ 3.  2.]]
