Maze:
##########################
#                        #
#                        #
#                        #
#                        #
#                        #
#     ##############     #
#     #            #     #
#     #            #     #
#     #        A   #     #
#     #            #     #
#     #            #     #
#     #   C D      #     #
#     #            #     #
#     #          S #     #
#     #            #     #
#     #         B  #     #
#     #            #     #
#     #            #     #
#     ##############     #
#                        #
#                        #
#                        #
#                        #
#                        #
##########################
[[11.  8.]
 [ 9.  3.]
 [10. 10.]
 [ 4.  6.]
 [ 6.  6.]
 [11.  8.]
 [ 9.  4.]
 [10. 10.]
 [ 3.  6.]
 [ 6.  6.]
 [10.  9.]
 [ 9.  5.]
 [11.  9.]
 [ 2.  6.]
 [ 6.  6.]
 [11.  9.]
 [ 9.  6.]
 [10.  9.]
 [ 1.  6.]
 [ 6.  6.]
 [10.  9.]
 [ 9.  7.]
 [11.  9.]
 [ 1.  6.]
 [ 6.  6.]
 [11.  9.]
 [10.  8.]
 [10.  9.]
 [ 1.  6.]
 [ 6.  6.]
 [11.  9.]
 [10.  8.]
 [11. 10.]
 [ 0.  6.]
 [ 6.  6.]
 [10. 10.]
 [10.  8.]
 [11. 10.]
 [ 0.  6.]
 [ 6.  6.]
 [11. 10.]
 [10.  9.]
 [10. 10.]
 [ 0.  6.]
 [ 6.  6.]
 [11. 10.]
 [10.  9.]
 [11. 11.]
 [ 0.  6.]
 [ 6.  6.]
 [10. 11.]
 [10.  9.]
 [11. 11.]
 [ 0.  6.]
 [ 6.  6.]
 [11. 11.]
 [10. 10.]
 [10. 11.]
 [ 0.  6.]
 [ 6.  6.]
 [11. 11.]
 [10. 10.]
 [11. 12.]
 [ 0.  6.]
 [ 6.  6.]
 [10. 12.]
 [10. 10.]
 [11. 12.]
 [ 0.  6.]
 [ 6.  6.]
 [11. 12.]
 [10. 11.]
 [10. 12.]
 [ 0.  6.]
 [ 6.  6.]
 [11. 12.]
 [10. 11.]
 [11. 13.]
 [ 0.  6.]
 [ 6.  6.]
 [10. 13.]
 [10. 11.]
 [11. 13.]
 [ 0.  6.]
 [ 6.  6.]
 [11. 13.]
 [10. 12.]
 [10. 13.]
 [ 0.  6.]
 [ 6.  6.]
 [11. 13.]
 [10. 12.]
 [11. 14.]
 [ 0.  6.]
 [ 6.  6.]
 [10. 14.]
 [10. 12.]
 [11. 14.]
 [ 0.  6.]
 [ 6.  6.]
 [10. 14.]
 [10. 12.]
 [11. 14.]
 [ 0.  6.]
 [ 6.  6.]
 [11. 14.]
 [10. 13.]
 [10. 14.]
 [ 0.  6.]
 [ 6.  6.]]
