Maze:
##########################
#                        #
#                        #
#                        #
#                        #
#                        #
#     ##############     #
#     #          D #     #
#     #            #     #
#     #    C       #     #
#     #            #     #
#     #        S   #     #
#     #     B      #     #
#     #            #     #
#     #  A         #     #
#     #            #     #
#     #            #     #
#     #            #     #
#     #            #     #
#     ##############     #
#                        #
#                        #
#                        #
#                        #
#                        #
##########################
[[ 9.  5.]
 [ 3.  8.]
 [ 6.  6.]
 [ 5.  3.]
 [11.  1.]
 [ 9.  5.]
 [ 4.  8.]
 [ 6.  6.]
 [ 4.  3.]
 [11.  1.]
 [ 9.  5.]
 [ 5.  7.]
 [ 6.  6.]
 [ 3.  3.]
 [11.  1.]
 [ 9.  5.]
 [ 5.  7.]
 [ 6.  6.]
 [ 3.  4.]
 [11.  1.]
 [ 9.  5.]
 [ 5.  7.]
 [ 6.  6.]
 [ 3.  5.]
 [11.  1.]
 [ 9.  5.]
 [ 5.  7.]
 [ 6.  6.]
 [ 3.  6.]
 [11.  1.]
 [ 9.  5.]
 [ 5.  7.]
 [ 6.  6.]
 [ 4.  7.]
 [11.  1.]
 [ 9.  5.]
 [ 6.  7.]
 [ 6.  6.]
 [ 5.  7.]
 [11.  1.]
 [ 9.  5.]
 [ 7.  6.]
 [ 6.  6.]
 [ 6.  7.]
 [11.  1.]
 [ 8.  5.]
 [ 7.  6.]
 [ 6.  6.]
 [ 7.  7.]
 [11.  1.]
 [ 7.  5.]
 [ 6.  5.]
 [ 6.  6.]
 [ 7.  6.]
 [11.  1.]
 [ 6.  4.]
 [ 6.  5.]
 [ 6.  6.]
 [ 7.  5.]
 [11.  1.]
 [ 5.  5.]
 [ 5.  6.]
 [ 6.  6.]
 [ 6.  5.]
 [11.  1.]
 [ 4.  6.]
 [ 5.  6.]
 [ 6.  6.]
 [ 5.  5.]
 [11.  1.]
 [ 5.  7.]
 [ 6.  7.]
 [ 6.  6.]
 [ 5.  6.]
 [11.  1.]
 [ 6.  8.]
 [ 6.  7.]
 [ 6.  6.]
 [ 5.  7.]
 [11.  1.]
 [ 7.  7.]
 [ 7.  6.]
 [ 6.  6.]
 [ 6.  7.]
 [11.  1.]
 [ 8.  6.]
 [ 7.  6.]
 [ 6.  6.]
 [ 7.  7.]
 [11.  1.]
 [ 7.  5.]
 [ 6.  5.]
 [ 6.  6.]
 [ 7.  6.]
 [11.  1.]
 [ 6.  4.]
 [ 6.  5.]
 [ 6.  6.]
 [ 7.  5.]
 [11.  1.]
 [ 6.  4.]
 [ 6.  5.]
 [ 6.  6.]
 [ 7.  5.]
 [11.  1.]
 [ 5.  5.]
 [ 5.  6.]
 [ 6.  6.]
 [ 6.  5.]
 [11.  1.]]
