Maze:
##########################
#                        #
#                        #
#                        #
#                        #
#                        #
#     ##############     #
#     #  S         #     #
#     #            #     #
#     #            #     #
#     #            #     #
#     #            #     #
#     #     C      #     #
#     #            #     #
#     #           B#     #
#     #      D     #     #
#     #            #     #
#     #        A   #     #
#     #            #     #
#     ##############     #
#                        #
#                        #
#                        #
#                        #
#                        #
##########################
[[ 3.  1.]
 [ 9. 11.]
 [12.  8.]
 [ 6.  6.]
 [ 7.  9.]
 [ 3.  1.]
 [ 9. 10.]
 [13.  7.]
 [ 6.  6.]
 [ 6.  8.]
 [ 3.  1.]
 [ 9. 10.]
 [13.  7.]
 [ 6.  6.]
 [ 6.  7.]
 [ 3.  1.]
 [10. 10.]
 [13.  7.]
 [ 6.  6.]
 [ 6.  7.]
 [ 3.  1.]
 [11.  9.]
 [14.  6.]
 [ 6.  6.]
 [ 6.  7.]
 [ 3.  1.]
 [12.  8.]
 [15.  5.]
 [ 6.  6.]
 [ 6.  7.]
 [ 3.  1.]
 [13.  7.]
 [16.  4.]
 [ 6.  6.]
 [ 6.  7.]
 [ 3.  1.]
 [14.  6.]
 [17.  3.]
 [ 6.  6.]
 [ 6.  7.]
 [ 3.  1.]
 [15.  5.]
 [17.  2.]
 [ 6.  6.]
 [ 6.  7.]
 [ 3.  1.]
 [16.  4.]
 [17.  1.]
 [ 6.  6.]
 [ 6.  7.]
 [ 3.  1.]
 [16.  3.]
 [17.  0.]
 [ 6.  6.]
 [ 6.  7.]
 [ 3.  1.]
 [16.  2.]
 [17. -1.]
 [ 6.  6.]
 [ 6.  7.]
 [ 3.  1.]
 [16.  1.]
 [17. -2.]
 [ 6.  6.]
 [ 6.  7.]
 [ 3.  1.]
 [16.  0.]
 [17. -3.]
 [ 6.  6.]
 [ 6.  7.]
 [ 3.  1.]
 [16. -1.]
 [17. -4.]
 [ 6.  6.]
 [ 6.  7.]
 [ 3.  1.]
 [16. -2.]
 [17. -5.]
 [ 6.  6.]
 [ 6.  7.]
 [ 3.  1.]
 [16. -3.]
 [17. -5.]
 [ 6.  6.]
 [ 6.  7.]
 [ 3.  1.]
 [16. -4.]
 [17. -5.]
 [ 6.  6.]
 [ 6.  7.]
 [ 3.  1.]
 [16. -4.]
 [17. -5.]
 [ 6.  6.]
 [ 6.  7.]]
