Maze:
##########################
#                        #
#                        #
#                        #
#                        #
#                        #
#     ##############     #
#     #            #     #
#     #     S      #     #
#     #            #     #
#     #            #     #
#     #           B#     #
#     #     CA     #     #
#     #            #     #
#     #            #     #
#     #            #     #
#     #            #     #
#     # D          #     #
#     #            #     #
#     ##############     #
#                        #
#                        #
#                        #
#                        #
#                        #
##########################
[[ 6.  2.]
 [ 7.  6.]
 [12.  5.]
 [ 6.  6.]
 [ 2. 11.]
 [ 6.  2.]
 [ 8.  6.]
 [12.  5.]
 [ 6.  6.]
 [ 2. 11.]
 [ 6.  2.]
 [ 9.  6.]
 [13.  5.]
 [ 6.  6.]
 [ 2. 11.]
 [ 6.  2.]
 [10.  6.]
 [14.  5.]
 [ 6.  6.]
 [ 2. 11.]
 [ 6.  1.]
 [11.  6.]
 [15.  5.]
 [ 6.  6.]
 [ 2. 11.]
 [ 6.  1.]
 [12.  6.]
 [16.  5.]
 [ 6.  6.]
 [ 2. 11.]
 [ 6.  1.]
 [13.  6.]
 [17.  5.]
 [ 6.  6.]
 [ 2. 11.]
 [ 6.  1.]
 [14.  6.]
 [17.  5.]
 [ 6.  6.]
 [ 2. 11.]
 [ 6.  1.]
 [15.  6.]
 [17.  5.]
 [ 6.  6.]
 [ 2. 11.]
 [ 6.  1.]
 [16.  6.]
 [17.  5.]
 [ 6.  6.]
 [ 2. 11.]
 [ 6.  1.]
 [17.  5.]
 [17.  4.]
 [ 6.  6.]
 [ 2. 11.]
 [ 6.  1.]
 [17.  4.]
 [17.  3.]
 [ 6.  6.]
 [ 2. 11.]
 [ 6.  1.]
 [17.  3.]
 [17.  2.]
 [ 6.  6.]
 [ 2. 11.]
 [ 6.  1.]
 [17.  2.]
 [17.  1.]
 [ 6.  6.]
 [ 2. 11.]
 [ 6.  1.]
 [17.  1.]
 [17.  0.]
 [ 6.  6.]
 [ 2. 11.]
 [ 6.  1.]
 [17.  0.]
 [17. -1.]
 [ 6.  6.]
 [ 2. 11.]
 [ 6.  1.]
 [17. -1.]
 [17. -2.]
 [ 6.  6.]
 [ 2. 11.]
 [ 6.  1.]
 [17. -2.]
 [17. -3.]
 [ 6.  6.]
 [ 2. 11.]
 [ 6.  1.]
 [17. -3.]
 [17. -4.]
 [ 6.  6.]
 [ 2. 11.]
 [ 6.  1.]
 [17. -4.]
 [17. -5.]
 [ 6.  6.]
 [ 2. 11.]
 [ 6.  1.]
 [17. -4.]
 [17. -5.]
 [ 6.  6.]
 [ 2. 11.]]
