Maze:
##########################
#                        #
#                        #
#                        #
#                        #
#                        #
#     ##############     #
#     #            #     #
#     #            #     #
#     #            #     #
#     #            #     #
#     #            #     #
#     #     A      #     #
#     #            #     #
#     #  C         #     #
#     #         S  #     #
#     #    B       #     #
#     #D           #     #
#     #            #     #
#     ##############     #
#                        #
#                        #
#                        #
#                        #
#                        #
##########################
[[10.  9.]
 [ 6.  6.]
 [ 5. 10.]
 [ 3.  8.]
 [ 1. 11.]
 [11.  9.]
 [ 6.  6.]
 [ 6. 10.]
 [ 3.  8.]
 [ 1. 10.]
 [12.  9.]
 [ 6.  6.]
 [ 7. 10.]
 [ 3.  8.]
 [ 2.  9.]
 [13.  9.]
 [ 6.  6.]
 [ 8. 10.]
 [ 2.  9.]
 [ 3.  8.]
 [14.  9.]
 [ 6.  6.]
 [ 9. 10.]
 [ 3.  8.]
 [ 2.  9.]
 [15.  9.]
 [ 6.  6.]
 [10. 10.]
 [ 2.  9.]
 [ 3.  8.]
 [16.  9.]
 [ 6.  6.]
 [11. 10.]
 [ 3.  8.]
 [ 2.  9.]
 [17.  9.]
 [ 6.  6.]
 [12. 10.]
 [ 2.  9.]
 [ 3.  8.]
 [17.  9.]
 [ 6.  6.]
 [13. 10.]
 [ 3.  8.]
 [ 2.  9.]
 [17.  9.]
 [ 6.  6.]
 [14. 10.]
 [ 2.  9.]
 [ 3.  8.]
 [17.  9.]
 [ 6.  6.]
 [15. 10.]
 [ 3.  8.]
 [ 2.  9.]
 [17.  9.]
 [ 6.  6.]
 [16. 10.]
 [ 2.  9.]
 [ 3.  8.]
 [17.  8.]
 [ 6.  6.]
 [17.  9.]
 [ 3.  8.]
 [ 2.  9.]
 [17.  7.]
 [ 6.  6.]
 [17.  8.]
 [ 2.  9.]
 [ 3.  8.]
 [17.  6.]
 [ 6.  6.]
 [17.  7.]
 [ 3.  8.]
 [ 2.  9.]
 [17.  5.]
 [ 6.  6.]
 [17.  6.]
 [ 2.  9.]
 [ 3.  8.]
 [17.  4.]
 [ 6.  6.]
 [17.  5.]
 [ 3.  8.]
 [ 2.  9.]
 [17.  3.]
 [ 6.  6.]
 [17.  4.]
 [ 2.  9.]
 [ 3.  8.]
 [17.  2.]
 [ 6.  6.]
 [17.  3.]
 [ 3.  8.]
 [ 2.  9.]
 [17.  1.]
 [ 6.  6.]
 [17.  2.]
 [ 2.  9.]
 [ 3.  8.]
 [17.  1.]
 [ 6.  6.]
 [17.  2.]
 [ 2.  9.]
 [ 3.  8.]
 [17.  0.]
 [ 6.  6.]
 [17.  1.]
 [ 3.  8.]
 [ 2.  9.]]
