Maze:
##########################
#                        #
#                        #
#                        #
#                        #
#                        #
#     ##############     #
#     #            #     #
#     #A           #     #
#     #            #     #
#     #         S  #     #
#     #            #     #
#     #     C      #     #
#     #            #     #
#     #          B #     #
#     #            #     #
#     #            #     #
#     #           D#     #
#     #            #     #
#     ##############     #
#                        #
#                        #
#                        #
#                        #
#                        #
##########################
[[10.  4.]
 [ 1.  2.]
 [11.  8.]
 [ 6.  6.]
 [12. 11.]
 [10.  3.]
 [ 1.  2.]
 [11.  7.]
 [ 6.  6.]
 [12. 12.]
 [10.  2.]
 [ 1.  2.]
 [11.  6.]
 [ 6.  6.]
 [12. 13.]
 [10.  1.]
 [ 1.  2.]
 [11.  5.]
 [ 6.  6.]
 [12. 13.]
 [10.  0.]
 [ 1.  2.]
 [11.  4.]
 [ 6.  6.]
 [12. 13.]
 [10. -1.]
 [ 1.  2.]
 [11.  3.]
 [ 6.  6.]
 [12. 13.]
 [10. -2.]
 [ 1.  2.]
 [11.  2.]
 [ 6.  6.]
 [12. 13.]
 [10. -3.]
 [ 1.  2.]
 [11.  1.]
 [ 6.  6.]
 [12. 13.]
 [10. -4.]
 [ 1.  2.]
 [11.  0.]
 [ 6.  6.]
 [12. 13.]
 [10. -5.]
 [ 1.  2.]
 [11. -1.]
 [ 6.  6.]
 [12. 13.]
 [10. -5.]
 [ 1.  2.]
 [11. -2.]
 [ 6.  6.]
 [12. 13.]
 [10. -5.]
 [ 1.  2.]
 [11. -3.]
 [ 6.  6.]
 [12. 13.]
 [10. -5.]
 [ 1.  2.]
 [11. -4.]
 [ 6.  6.]
 [12. 13.]
 [ 9. -5.]
 [ 1.  2.]
 [10. -5.]
 [ 6.  6.]
 [12. 13.]
 [ 8. -5.]
 [ 1.  2.]
 [ 9. -5.]
 [ 6.  6.]
 [12. 13.]
 [ 7. -5.]
 [ 1.  2.]
 [ 8. -5.]
 [ 6.  6.]
 [12. 13.]
 [ 6. -5.]
 [ 1.  2.]
 [ 7. -5.]
 [ 6.  6.]
 [12. 13.]
 [ 5. -5.]
 [ 1.  2.]
 [ 6. -5.]
 [ 6.  6.]
 [12. 13.]
 [ 4. -5.]
 [ 1.  2.]
 [ 5. -5.]
 [ 6.  6.]
 [12. 13.]
 [ 3. -5.]
 [ 1.  2.]
 [ 4. -5.]
 [ 6.  6.]
 [12. 13.]
 [ 3. -5.]
 [ 1.  2.]
 [ 4. -5.]
 [ 6.  6.]
 [12. 13.]
 [ 2. -5.]
 [ 1.  3.]
 [ 3. -5.]
 [ 6.  6.]
 [12. 13.]]
