Maze:
##########################
#                        #
#                        #
#                        #
#                        #
#                        #
#     ##############     #
#     #            #     #
#     #            #     #
#     #            #     #
#     #   A        #     #
#     #          D #     #
#     #     C      #     #
#     #            #     #
#     #            #     #
#     #            #     #
#     #    S       #     #
#     # B          #     #
#     #            #     #
#     ##############     #
#                        #
#                        #
#                        #
#                        #
#                        #
##########################
[[ 5. 10.]
 [ 4.  4.]
 [ 2. 11.]
 [ 6.  6.]
 [11.  5.]
 [ 6. 10.]
 [ 5.  5.]
 [ 3. 11.]
 [ 6.  6.]
 [10.  5.]
 [ 7. 10.]
 [ 5.  5.]
 [ 4. 11.]
 [ 6.  6.]
 [ 9.  5.]
 [ 8. 10.]
 [ 5.  5.]
 [ 5. 11.]
 [ 6.  6.]
 [ 8.  5.]
 [ 9. 10.]
 [ 5.  5.]
 [ 6. 11.]
 [ 6.  6.]
 [ 7.  5.]
 [10. 10.]
 [ 5.  5.]
 [ 7. 12.]
 [ 6.  6.]
 [ 7.  5.]
 [11. 10.]
 [ 5.  5.]
 [ 8. 12.]
 [ 6.  6.]
 [ 7.  5.]
 [12. 10.]
 [ 5.  5.]
 [ 9. 12.]
 [ 6.  6.]
 [ 7.  5.]
 [13. 10.]
 [ 5.  5.]
 [10. 12.]
 [ 6.  6.]
 [ 7.  5.]
 [14. 10.]
 [ 5.  5.]
 [11. 12.]
 [ 6.  6.]
 [ 7.  5.]
 [15. 10.]
 [ 5.  5.]
 [12. 12.]
 [ 6.  6.]
 [ 7.  5.]
 [16. 10.]
 [ 5.  5.]
 [13. 12.]
 [ 6.  6.]
 [ 7.  5.]
 [17. 10.]
 [ 5.  5.]
 [14. 12.]
 [ 6.  6.]
 [ 7.  5.]
 [17. 10.]
 [ 5.  5.]
 [15. 12.]
 [ 6.  6.]
 [ 7.  5.]
 [17.  9.]
 [ 5.  5.]
 [16. 11.]
 [ 6.  6.]
 [ 7.  5.]
 [17.  8.]
 [ 5.  5.]
 [17. 10.]
 [ 6.  6.]
 [ 7.  5.]
 [17.  7.]
 [ 5.  5.]
 [17.  9.]
 [ 6.  6.]
 [ 7.  5.]
 [17.  6.]
 [ 5.  5.]
 [17.  8.]
 [ 6.  6.]
 [ 7.  5.]
 [17.  5.]
 [ 5.  5.]
 [17.  7.]
 [ 6.  6.]
 [ 7.  5.]
 [17.  4.]
 [ 5.  5.]
 [17.  6.]
 [ 6.  6.]
 [ 7.  5.]
 [17.  4.]
 [ 5.  5.]
 [17.  6.]
 [ 6.  6.]
 [ 7.  5.]
 [17.  3.]
 [ 5.  5.]
 [17.  5.]
 [ 6.  6.]
 [ 7.  5.]]
