Maze:
##########################
#                        #
#                        #
#                        #
#                        #
#                        #
#     ##############     #
#     #            #     #
#     #            #     #
#     #            #     #
#     #        B   #     #
#     #         D  #     #
#     #     A      #     #
#     #            #     #
#     #            #     #
#     #            #     #
#     #     S      #     #
#     #            #     #
#     #    C       #     #
#     ##############     #
#                        #
#                        #
#                        #
#                        #
#                        #
##########################
[[ 6. 10.]
 [ 6.  6.]
 [ 9.  4.]
 [ 5. 12.]
 [10.  5.]
 [ 6.  9.]
 [ 6.  6.]
 [ 8.  3.]
 [ 5. 11.]
 [11.  6.]
 [ 6.  8.]
 [ 6.  6.]
 [ 7.  2.]
 [ 5. 10.]
 [11.  7.]
 [ 6.  7.]
 [ 6.  6.]
 [ 7.  2.]
 [ 5.  9.]
 [10.  7.]
 [ 6.  7.]
 [ 6.  6.]
 [ 6.  2.]
 [ 5.  8.]
 [ 9.  7.]
 [ 7.  6.]
 [ 6.  6.]
 [ 6.  2.]
 [ 6.  7.]
 [ 8.  7.]
 [ 7.  5.]
 [ 6.  6.]
 [ 6.  1.]
 [ 6.  7.]
 [ 7.  7.]
 [ 7.  4.]
 [ 6.  6.]
 [ 6.  1.]
 [ 7.  6.]
 [ 6.  7.]
 [ 7.  3.]
 [ 6.  6.]
 [ 6.  1.]
 [ 7.  6.]
 [ 6.  7.]
 [ 8.  4.]
 [ 6.  6.]
 [ 7.  2.]
 [ 7.  6.]
 [ 6.  7.]
 [ 9.  4.]
 [ 6.  6.]
 [ 8.  2.]
 [ 7.  6.]
 [ 6.  7.]
 [10.  4.]
 [ 6.  6.]
 [ 9.  2.]
 [ 7.  6.]
 [ 6.  7.]
 [11.  5.]
 [ 6.  6.]
 [10.  3.]
 [ 7.  6.]
 [ 6.  7.]
 [12.  6.]
 [ 6.  6.]
 [11.  4.]
 [ 7.  6.]
 [ 6.  7.]
 [13.  7.]
 [ 6.  6.]
 [12.  5.]
 [ 7.  6.]
 [ 6.  7.]
 [14.  8.]
 [ 6.  6.]
 [13.  6.]
 [ 7.  6.]
 [ 6.  7.]
 [15.  9.]
 [ 6.  6.]
 [14.  7.]
 [ 7.  6.]
 [ 6.  7.]
 [15. 10.]
 [ 6.  6.]
 [15.  8.]
 [ 7.  6.]
 [ 6.  7.]
 [15. 11.]
 [ 6.  6.]
 [15.  9.]
 [ 7.  6.]
 [ 6.  7.]
 [15. 12.]
 [ 6.  6.]
 [15. 10.]
 [ 7.  6.]
 [ 6.  7.]
 [15. 12.]
 [ 6.  6.]
 [15. 10.]
 [ 7.  6.]
 [ 6.  7.]
 [15. 13.]
 [ 6.  6.]
 [15. 11.]
 [ 7.  6.]
 [ 6.  7.]]
