Maze:
##########################
#                        #
#                        #
#                        #
#                        #
#                        #
#     ##############     #
#     #    B       #     #
#     #            #     #
#     #            #     #
#     #        D   #     #
#     #            #     #
#     #     S      #     #
#     #            #     #
#     #      A     #     #
#     #C           #     #
#     #            #     #
#     #            #     #
#     #            #     #
#     ##############     #
#                        #
#                        #
#                        #
#                        #
#                        #
##########################
[[ 6.  6.]
 [ 7.  8.]
 [ 5.  1.]
 [ 1.  9.]
 [ 9.  4.]
 [ 6.  6.]
 [ 7.  9.]
 [ 6.  2.]
 [ 1.  9.]
 [10.  4.]
 [ 6.  6.]
 [ 7. 10.]
 [ 7.  3.]
 [ 1.  9.]
 [11.  4.]
 [ 6.  6.]
 [ 7. 11.]
 [ 8.  3.]
 [ 1. 10.]
 [12.  4.]
 [ 6.  6.]
 [ 7. 12.]
 [ 9.  3.]
 [ 1. 11.]
 [13.  4.]
 [ 6.  6.]
 [ 7. 12.]
 [10.  3.]
 [ 1. 11.]
 [14.  4.]
 [ 6.  6.]
 [ 7. 12.]
 [11.  3.]
 [ 1. 11.]
 [15.  4.]
 [ 6.  6.]
 [ 7. 12.]
 [12.  3.]
 [ 1. 11.]
 [16.  4.]
 [ 6.  6.]
 [ 7. 12.]
 [13.  3.]
 [ 1. 11.]
 [17.  4.]
 [ 6.  6.]
 [ 7. 12.]
 [14.  3.]
 [ 1. 11.]
 [17.  4.]
 [ 6.  6.]
 [ 7. 12.]
 [15.  3.]
 [ 1. 11.]
 [17.  4.]
 [ 6.  6.]
 [ 7. 12.]
 [16.  3.]
 [ 1. 11.]
 [17.  4.]
 [ 6.  6.]
 [ 7. 12.]
 [17.  4.]
 [ 1. 11.]
 [17.  5.]
 [ 6.  6.]
 [ 7. 12.]
 [17.  5.]
 [ 1. 11.]
 [17.  6.]
 [ 6.  6.]
 [ 7. 12.]
 [17.  6.]
 [ 1. 11.]
 [17.  7.]
 [ 6.  6.]
 [ 7. 12.]
 [17.  7.]
 [ 1. 11.]
 [17.  8.]
 [ 6.  6.]
 [ 7. 12.]
 [17.  8.]
 [ 1. 11.]
 [17.  9.]
 [ 6.  6.]
 [ 7. 12.]
 [17.  9.]
 [ 1. 11.]
 [17. 10.]
 [ 6.  6.]
 [ 7. 12.]
 [17. 10.]
 [ 1. 11.]
 [17. 11.]
 [ 6.  6.]
 [ 7. 12.]
 [17. 11.]
 [ 1. 11.]
 [17. 12.]
 [ 6.  6.]
 [ 7. 12.]
 [17. 11.]
 [ 1. 11.]
 [17. 12.]
 [ 6.  6.]
 [ 7. 12.]
 [17. 12.]
 [ 1. 11.]
 [17. 13.]]
