Maze:
##########################
#                        #
#                        #
#                        #
#                        #
#                        #
#     ##############     #
#     #            #     #
#     #            #     #
#     #            #     #
#     #          B #     #
#     #            #     #
#     #     DS     #     #
#     #            #     #
#     #         C  #     #
#     #            #     #
#     #            #     #
#     #  A         #     #
#     #            #     #
#     ##############     #
#                        #
#                        #
#                        #
#                        #
#                        #
##########################
[[ 7.  6.]
 [ 3. 11.]
 [11.  4.]
 [10.  8.]
 [ 6.  6.]
 [ 6.  7.]
 [ 3. 12.]
 [10.  5.]
 [10.  9.]
 [ 6.  6.]
 [ 5.  7.]
 [ 3. 13.]
 [ 9.  6.]
 [10. 10.]
 [ 6.  6.]
 [ 5.  8.]
 [ 3. 13.]
 [ 8.  6.]
 [10. 11.]
 [ 6.  6.]
 [ 4.  9.]
 [ 3. 14.]
 [ 7.  6.]
 [10. 12.]
 [ 6.  6.]
 [ 4. 10.]
 [ 3. 15.]
 [ 7.  6.]
 [10. 12.]
 [ 6.  6.]
 [ 4. 11.]
 [ 3. 16.]
 [ 7.  6.]
 [10. 12.]
 [ 6.  6.]
 [ 4. 12.]
 [ 3. 17.]
 [ 7.  6.]
 [10. 12.]
 [ 6.  6.]
 [ 4. 13.]
 [ 3. 17.]
 [ 7.  6.]
 [10. 12.]
 [ 6.  6.]
 [ 4. 14.]
 [ 3. 17.]
 [ 7.  6.]
 [10. 12.]
 [ 6.  6.]
 [ 4. 15.]
 [ 3. 17.]
 [ 7.  6.]
 [10. 12.]
 [ 6.  6.]
 [ 4. 16.]
 [ 3. 17.]
 [ 7.  6.]
 [10. 12.]
 [ 6.  6.]
 [ 3. 17.]
 [ 2. 17.]
 [ 7.  6.]
 [10. 12.]
 [ 6.  6.]
 [ 2. 17.]
 [ 1. 17.]
 [ 7.  6.]
 [10. 12.]
 [ 6.  6.]
 [ 1. 17.]
 [ 0. 17.]
 [ 7.  6.]
 [10. 12.]
 [ 6.  6.]
 [ 0. 17.]
 [-1. 17.]
 [ 7.  6.]
 [10. 12.]
 [ 6.  6.]
 [-1. 17.]
 [-2. 17.]
 [ 7.  6.]
 [10. 12.]
 [ 6.  6.]
 [-2. 17.]
 [-3. 17.]
 [ 7.  6.]
 [10. 12.]
 [ 6.  6.]
 [-3. 17.]
 [-4. 17.]
 [ 7.  6.]
 [10. 12.]
 [ 6.  6.]
 [-4. 17.]
 [-5. 17.]
 [ 7.  6.]
 [10. 12.]
 [ 6.  6.]
 [-4. 17.]
 [-5. 17.]
 [ 7.  6.]
 [10. 12.]
 [ 6.  6.]]
