Maze:
##########################
#                        #
#                        #
#                        #
#                        #
#                        #
#     ##############     #
#     #    S       #     #
#     #            #     #
#     #            #     #
#     #     B      #     #
#     #            #     #
#     #     A   D  #     #
#     #            #     #
#     #            #     #
#     #            #     #
#     #   C        #     #
#     #            #     #
#     #            #     #
#     ##############     #
#                        #
#                        #
#                        #
#                        #
#                        #
##########################
[[ 5.  1.]
 [ 6.  6.]
 [ 6.  4.]
 [ 4. 10.]
 [10.  6.]
 [ 5.  0.]
 [ 6.  6.]
 [ 6.  3.]
 [ 5.  9.]
 [11.  6.]
 [ 5. -1.]
 [ 6.  6.]
 [ 6.  2.]
 [ 5.  8.]
 [12.  6.]
 [ 5. -2.]
 [ 6.  6.]
 [ 6.  1.]
 [ 5.  7.]
 [13.  6.]
 [ 5. -3.]
 [ 6.  6.]
 [ 6.  0.]
 [ 5.  7.]
 [14.  6.]
 [ 5. -4.]
 [ 6.  6.]
 [ 6. -1.]
 [ 5.  7.]
 [15.  6.]
 [ 5. -5.]
 [ 6.  6.]
 [ 6. -2.]
 [ 5.  7.]
 [15.  6.]
 [ 5. -5.]
 [ 6.  6.]
 [ 6. -3.]
 [ 5.  7.]
 [15.  6.]
 [ 5. -5.]
 [ 6.  6.]
 [ 6. -4.]
 [ 5.  7.]
 [15.  6.]
 [ 4. -5.]
 [ 6.  6.]
 [ 5. -5.]
 [ 5.  7.]
 [15.  6.]
 [ 3. -5.]
 [ 6.  6.]
 [ 4. -5.]
 [ 5.  7.]
 [15.  6.]
 [ 2. -5.]
 [ 6.  6.]
 [ 3. -5.]
 [ 5.  7.]
 [15.  6.]
 [ 1. -5.]
 [ 6.  6.]
 [ 2. -5.]
 [ 5.  7.]
 [15.  6.]
 [ 0. -5.]
 [ 6.  6.]
 [ 1. -5.]
 [ 5.  7.]
 [15.  6.]
 [-1. -5.]
 [ 6.  6.]
 [ 0. -5.]
 [ 5.  7.]
 [15.  6.]
 [-2. -5.]
 [ 6.  6.]
 [-1. -5.]
 [ 5.  7.]
 [15.  6.]
 [-3. -5.]
 [ 6.  6.]
 [-2. -5.]
 [ 5.  7.]
 [15.  6.]
 [-4. -5.]
 [ 6.  6.]
 [-3. -5.]
 [ 5.  7.]
 [15.  6.]
 [-5. -5.]
 [ 6.  6.]
 [-4. -5.]
 [ 5.  7.]
 [15.  6.]
 [-5. -5.]
 [ 6.  6.]
 [-4. -5.]
 [ 5.  7.]
 [15.  6.]]
