Maze:
##########################
#                        #
#                        #
#                        #
#                        #
#                        #
#     ##############     #
#     #    S       #     #
#     # A          #     #
#     #            #     #
#     #            #     #
#     #B           #     #
#     #     C      #     #
#     #            #     #
#     #  D         #     #
#     #            #     #
#     #            #     #
#     #            #     #
#     #            #     #
#     ##############     #
#                        #
#                        #
#                        #
#                        #
#                        #
##########################
[[ 5.  1.]
 [ 2.  2.]
 [ 1.  5.]
 [ 6.  6.]
 [ 3.  8.]
 [ 4.  1.]
 [ 1.  3.]
 [ 1.  6.]
 [ 6.  6.]
 [ 3.  9.]
 [ 3.  2.]
 [ 1.  4.]
 [ 1.  7.]
 [ 6.  6.]
 [ 3. 10.]
 [ 2.  3.]
 [ 1.  5.]
 [ 1.  8.]
 [ 6.  6.]
 [ 3. 11.]
 [ 2.  4.]
 [ 1.  6.]
 [ 1.  9.]
 [ 6.  6.]
 [ 3. 12.]
 [ 2.  5.]
 [ 1.  7.]
 [ 1. 10.]
 [ 6.  6.]
 [ 3. 13.]
 [ 2.  6.]
 [ 1.  8.]
 [ 1. 11.]
 [ 6.  6.]
 [ 3. 14.]
 [ 2.  7.]
 [ 1.  9.]
 [ 1. 12.]
 [ 6.  6.]
 [ 3. 15.]
 [ 2.  8.]
 [ 1. 10.]
 [ 1. 13.]
 [ 6.  6.]
 [ 3. 16.]
 [ 2.  9.]
 [ 1. 11.]
 [ 1. 14.]
 [ 6.  6.]
 [ 3. 17.]
 [ 2. 10.]
 [ 1. 12.]
 [ 1. 15.]
 [ 6.  6.]
 [ 3. 17.]
 [ 2. 11.]
 [ 1. 13.]
 [ 1. 16.]
 [ 6.  6.]
 [ 4. 17.]
 [ 2. 12.]
 [ 1. 14.]
 [ 2. 17.]
 [ 6.  6.]
 [ 5. 17.]
 [ 1. 13.]
 [ 1. 15.]
 [ 3. 17.]
 [ 6.  6.]
 [ 6. 17.]
 [ 1. 14.]
 [ 1. 16.]
 [ 4. 17.]
 [ 6.  6.]
 [ 7. 17.]
 [ 1. 15.]
 [ 1. 17.]
 [ 5. 17.]
 [ 6.  6.]
 [ 8. 17.]
 [ 1. 16.]
 [ 1. 17.]
 [ 6. 17.]
 [ 6.  6.]
 [ 9. 17.]
 [ 1. 16.]
 [ 1. 17.]
 [ 7. 17.]
 [ 6.  6.]
 [10. 17.]
 [ 1. 16.]
 [ 1. 17.]
 [ 8. 17.]
 [ 6.  6.]
 [11. 17.]
 [ 1. 16.]
 [ 1. 17.]
 [ 9. 17.]
 [ 6.  6.]
 [12. 17.]
 [ 1. 16.]
 [ 1. 17.]
 [ 9. 17.]
 [ 6.  6.]
 [12. 17.]
 [ 1. 16.]
 [ 1. 17.]
 [10. 17.]
 [ 6.  6.]
 [13. 17.]]
