Maze:
##########################
#                        #
#                        #
#                        #
#                        #
#                        #
#     ##############     #
#     #S           #     #
#     #            #     #
#     #            #     #
#     #            #     #
#     #            #     #
#     #     C  A   #     #
#     #            #     #
#     #            #     #
#     #            #     #
#     #     D      #     #
#     #            #     #
#     #         B  #     #
#     ##############     #
#                        #
#                        #
#                        #
#                        #
#                        #
##########################
[[ 1.  1.]
 [ 9.  6.]
 [10. 12.]
 [ 6.  6.]
 [ 6. 10.]
 [ 1.  1.]
 [ 8.  6.]
 [ 9. 12.]
 [ 6.  6.]
 [ 5. 11.]
 [ 1.  1.]
 [ 7.  6.]
 [ 8. 12.]
 [ 6.  6.]
 [ 4. 11.]
 [ 2.  1.]
 [ 7.  6.]
 [ 7. 12.]
 [ 6.  6.]
 [ 3. 11.]
 [ 3.  2.]
 [ 7.  6.]
 [ 6. 12.]
 [ 6.  6.]
 [ 2. 11.]
 [ 4.  3.]
 [ 7.  6.]
 [ 5. 12.]
 [ 6.  6.]
 [ 1. 11.]
 [ 5.  4.]
 [ 7.  6.]
 [ 4. 12.]
 [ 6.  6.]
 [ 0. 11.]
 [ 6.  5.]
 [ 7.  6.]
 [ 3. 12.]
 [ 6.  6.]
 [-1. 11.]
 [ 6.  5.]
 [ 6.  7.]
 [ 2. 12.]
 [ 6.  6.]
 [-2. 11.]
 [ 6.  5.]
 [ 6.  7.]
 [ 1. 12.]
 [ 6.  6.]
 [-3. 11.]
 [ 6.  5.]
 [ 6.  7.]
 [ 0. 12.]
 [ 6.  6.]
 [-4. 11.]
 [ 6.  5.]
 [ 6.  7.]
 [-1. 12.]
 [ 6.  6.]
 [-5. 11.]
 [ 6.  5.]
 [ 6.  7.]
 [-2. 12.]
 [ 6.  6.]
 [-5. 11.]
 [ 6.  5.]
 [ 6.  7.]
 [-3. 12.]
 [ 6.  6.]
 [-5. 11.]
 [ 6.  5.]
 [ 6.  7.]
 [-4. 12.]
 [ 6.  6.]
 [-5. 11.]
 [ 6.  5.]
 [ 6.  7.]
 [-5. 11.]
 [ 6.  6.]
 [-5. 10.]
 [ 6.  5.]
 [ 6.  7.]
 [-5. 10.]
 [ 6.  6.]
 [-5.  9.]
 [ 6.  5.]
 [ 6.  7.]
 [-5.  9.]
 [ 6.  6.]
 [-5.  8.]
 [ 6.  5.]
 [ 6.  7.]
 [-5.  8.]
 [ 6.  6.]
 [-5.  7.]
 [ 6.  5.]
 [ 6.  7.]
 [-5.  7.]
 [ 6.  6.]
 [-5.  6.]
 [ 6.  5.]
 [ 6.  7.]
 [-5.  7.]
 [ 6.  6.]
 [-5.  6.]
 [ 6.  5.]
 [ 6.  7.]
 [-5.  6.]
 [ 6.  6.]
 [-5.  5.]]
