Maze:
##########################
#                        #
#                        #
#                        #
#                        #
#                        #
#     ##############     #
#     #        C   #     #
#     #A           #     #
#     #         B  #     #
#     #            #     #
#     #            #     #
#     #     S      #     #
#     #            #     #
#     #            #     #
#     #            #     #
#     #           D#     #
#     #            #     #
#     #            #     #
#     ##############     #
#                        #
#                        #
#                        #
#                        #
#                        #
##########################
[[ 6.  6.]
 [ 1.  2.]
 [10.  3.]
 [ 9.  1.]
 [12. 10.]
 [ 6.  6.]
 [ 1.  2.]
 [10.  2.]
 [ 9.  0.]
 [12. 11.]
 [ 6.  6.]
 [ 1.  2.]
 [10.  1.]
 [ 9. -1.]
 [12. 11.]
 [ 6.  6.]
 [ 1.  2.]
 [10.  0.]
 [ 9. -2.]
 [12. 11.]
 [ 6.  6.]
 [ 1.  2.]
 [10. -1.]
 [ 8. -3.]
 [12. 11.]
 [ 6.  6.]
 [ 1.  1.]
 [ 9. -2.]
 [ 7. -4.]
 [12. 11.]
 [ 6.  6.]
 [ 1.  0.]
 [ 8. -3.]
 [ 6. -5.]
 [12. 11.]
 [ 6.  6.]
 [ 1. -1.]
 [ 7. -4.]
 [ 5. -5.]
 [12. 11.]
 [ 6.  6.]
 [ 1. -2.]
 [ 6. -5.]
 [ 4. -5.]
 [12. 11.]
 [ 6.  6.]
 [ 2. -3.]
 [ 5. -5.]
 [ 3. -5.]
 [12. 11.]
 [ 6.  6.]
 [ 3. -4.]
 [ 4. -5.]
 [ 2. -4.]
 [12. 11.]
 [ 6.  6.]
 [ 2. -5.]
 [ 5. -5.]
 [ 3. -4.]
 [12. 11.]
 [ 6.  6.]
 [ 3. -4.]
 [ 5. -4.]
 [ 2. -5.]
 [12. 11.]
 [ 6.  6.]
 [ 3. -5.]
 [ 6. -4.]
 [ 3. -4.]
 [12. 11.]
 [ 6.  6.]
 [ 3. -4.]
 [ 6. -3.]
 [ 3. -5.]
 [12. 11.]
 [ 6.  6.]
 [ 3. -5.]
 [ 7. -3.]
 [ 3. -4.]
 [12. 11.]
 [ 6.  6.]
 [ 3. -4.]
 [ 7. -3.]
 [ 3. -5.]
 [12. 11.]
 [ 6.  6.]
 [ 3. -5.]
 [ 8. -3.]
 [ 3. -4.]
 [12. 11.]
 [ 6.  6.]
 [ 3. -4.]
 [ 8. -3.]
 [ 3. -5.]
 [12. 11.]
 [ 6.  6.]
 [ 3. -5.]
 [ 8. -3.]
 [ 3. -4.]
 [12. 11.]]
