Maze:
##########################
#                        #
#                        #
#                        #
#                        #
#                        #
#     ##############     #
#     #     C      #     #
#     #            #     #
#     #            #     #
#     #           B#     #
#     #            #     #
#     #     S      #     #
#     #   A        #     #
#     #         D  #     #
#     #            #     #
#     #            #     #
#     #            #     #
#     #            #     #
#     ##############     #
#                        #
#                        #
#                        #
#                        #
#                        #
##########################
[[ 6.  6.]
 [ 4.  7.]
 [12.  4.]
 [ 6.  1.]
 [10.  8.]
 [ 6.  6.]
 [ 5.  7.]
 [12.  5.]
 [ 6.  1.]
 [11.  9.]
 [ 6.  6.]
 [ 6.  7.]
 [12.  6.]
 [ 6.  1.]
 [11. 10.]
 [ 6.  6.]
 [ 6.  7.]
 [12.  7.]
 [ 6.  1.]
 [11. 11.]
 [ 6.  6.]
 [ 6.  7.]
 [12.  8.]
 [ 6.  1.]
 [11. 12.]
 [ 6.  6.]
 [ 6.  7.]
 [12.  9.]
 [ 6.  1.]
 [11. 13.]
 [ 6.  6.]
 [ 6.  7.]
 [12. 10.]
 [ 6.  1.]
 [11. 14.]
 [ 6.  6.]
 [ 6.  7.]
 [12. 11.]
 [ 6.  1.]
 [11. 15.]
 [ 6.  6.]
 [ 6.  7.]
 [12. 12.]
 [ 6.  1.]
 [11. 16.]
 [ 6.  6.]
 [ 6.  7.]
 [12. 13.]
 [ 6.  1.]
 [11. 17.]
 [ 6.  6.]
 [ 6.  7.]
 [12. 14.]
 [ 6.  1.]
 [11. 17.]
 [ 6.  6.]
 [ 6.  7.]
 [12. 15.]
 [ 6.  1.]
 [11. 17.]
 [ 6.  6.]
 [ 6.  7.]
 [12. 16.]
 [ 6.  1.]
 [11. 17.]
 [ 6.  6.]
 [ 6.  7.]
 [11. 17.]
 [ 6.  1.]
 [10. 17.]
 [ 6.  6.]
 [ 6.  7.]
 [10. 17.]
 [ 6.  1.]
 [ 9. 17.]
 [ 6.  6.]
 [ 6.  7.]
 [ 9. 17.]
 [ 6.  1.]
 [ 8. 17.]
 [ 6.  6.]
 [ 6.  7.]
 [ 8. 17.]
 [ 6.  1.]
 [ 7. 17.]
 [ 6.  6.]
 [ 6.  7.]
 [ 7. 17.]
 [ 6.  1.]
 [ 6. 17.]
 [ 6.  6.]
 [ 6.  7.]
 [ 6. 17.]
 [ 6.  1.]
 [ 5. 17.]
 [ 6.  6.]
 [ 6.  7.]
 [ 5. 17.]
 [ 6.  1.]
 [ 4. 17.]
 [ 6.  6.]
 [ 6.  7.]
 [ 5. 17.]
 [ 6.  1.]
 [ 4. 17.]
 [ 6.  6.]
 [ 6.  7.]
 [ 4. 17.]
 [ 6.  1.]
 [ 3. 17.]]
