Maze:
##########################
#                        #
#                        #
#                        #
#                        #
#                        #
#     ##############     #
#     #    A       #     #
#     #            #     #
#     #       D    #     #
#     #            #     #
#     #            #     #
#     #     S      #     #
#     #B           #     #
#     #            #     #
#     #            #     #
#     #            #     #
#     #   C        #     #
#     #            #     #
#     ##############     #
#                        #
#                        #
#                        #
#                        #
#                        #
##########################
[[ 6.  6.]
 [ 5.  1.]
 [ 1.  7.]
 [ 4. 11.]
 [ 8.  3.]
 [ 6.  6.]
 [ 6.  2.]
 [ 1.  7.]
 [ 4. 11.]
 [ 9.  3.]
 [ 6.  6.]
 [ 7.  2.]
 [ 1.  7.]
 [ 4. 11.]
 [10.  3.]
 [ 6.  6.]
 [ 8.  2.]
 [ 1.  7.]
 [ 4. 11.]
 [11.  3.]
 [ 6.  6.]
 [ 9.  2.]
 [ 1.  7.]
 [ 4. 10.]
 [12.  3.]
 [ 6.  6.]
 [10.  2.]
 [ 1.  7.]
 [ 3.  9.]
 [13.  3.]
 [ 6.  6.]
 [11.  2.]
 [ 1.  7.]
 [ 2.  8.]
 [14.  3.]
 [ 6.  6.]
 [12.  2.]
 [ 1.  7.]
 [ 2.  8.]
 [15.  3.]
 [ 6.  6.]
 [13.  2.]
 [ 1.  7.]
 [ 2.  8.]
 [16.  3.]
 [ 6.  6.]
 [14.  2.]
 [ 1.  7.]
 [ 2.  8.]
 [17.  3.]
 [ 6.  6.]
 [15.  2.]
 [ 1.  7.]
 [ 2.  8.]
 [17.  3.]
 [ 6.  6.]
 [16.  2.]
 [ 1.  7.]
 [ 2.  8.]
 [17.  3.]
 [ 6.  6.]
 [17.  3.]
 [ 1.  7.]
 [ 2.  8.]
 [17.  4.]
 [ 6.  6.]
 [17.  4.]
 [ 1.  7.]
 [ 2.  8.]
 [17.  5.]
 [ 6.  6.]
 [17.  5.]
 [ 1.  7.]
 [ 2.  8.]
 [17.  6.]
 [ 6.  6.]
 [17.  6.]
 [ 1.  7.]
 [ 2.  8.]
 [17.  7.]
 [ 6.  6.]
 [17.  7.]
 [ 1.  7.]
 [ 2.  8.]
 [17.  8.]
 [ 6.  6.]
 [17.  8.]
 [ 1.  7.]
 [ 2.  8.]
 [17.  9.]
 [ 6.  6.]
 [17.  9.]
 [ 1.  7.]
 [ 2.  8.]
 [17. 10.]
 [ 6.  6.]
 [17. 10.]
 [ 1.  7.]
 [ 2.  8.]
 [17. 11.]
 [ 6.  6.]
 [17. 10.]
 [ 1.  7.]
 [ 2.  8.]
 [17. 11.]
 [ 6.  6.]
 [17. 11.]
 [ 1.  7.]
 [ 2.  8.]
 [17. 12.]]
