Maze:
##########################
#                        #
#                        #
#                        #
#                        #
#                        #
#     ##############     #
#     #            #     #
#     #         A  #     #
#     #     S      #     #
#     #            #     #
#     #            #     #
#     #     C      #     #
#     #            #     #
#     #        B   #     #
#     #            #     #
#     #       D    #     #
#     #            #     #
#     #            #     #
#     ##############     #
#                        #
#                        #
#                        #
#                        #
#                        #
##########################
[[ 6.  3.]
 [10.  2.]
 [ 9.  8.]
 [ 6.  6.]
 [ 8. 10.]
 [ 7.  4.]
 [10.  2.]
 [ 9.  9.]
 [ 6.  6.]
 [ 8. 11.]
 [ 8.  5.]
 [10.  2.]
 [ 9. 10.]
 [ 6.  6.]
 [ 8. 12.]
 [ 8.  6.]
 [10.  2.]
 [ 9. 11.]
 [ 6.  6.]
 [ 8. 13.]
 [ 8.  7.]
 [10.  2.]
 [ 9. 12.]
 [ 6.  6.]
 [ 8. 14.]
 [ 8.  7.]
 [10.  2.]
 [ 9. 13.]
 [ 6.  6.]
 [ 8. 15.]
 [ 8.  7.]
 [11.  2.]
 [ 9. 14.]
 [ 6.  6.]
 [ 8. 16.]
 [ 8.  7.]
 [11.  2.]
 [ 9. 15.]
 [ 6.  6.]
 [ 8. 17.]
 [ 8.  7.]
 [11.  2.]
 [ 9. 16.]
 [ 6.  6.]
 [ 8. 17.]
 [ 8.  7.]
 [11.  2.]
 [ 8. 17.]
 [ 6.  6.]
 [ 7. 17.]
 [ 8.  7.]
 [11.  2.]
 [ 7. 17.]
 [ 6.  6.]
 [ 6. 17.]
 [ 8.  7.]
 [11.  2.]
 [ 6. 17.]
 [ 6.  6.]
 [ 5. 17.]
 [ 8.  7.]
 [11.  2.]
 [ 5. 17.]
 [ 6.  6.]
 [ 4. 17.]
 [ 8.  7.]
 [11.  2.]
 [ 4. 17.]
 [ 6.  6.]
 [ 3. 17.]
 [ 8.  7.]
 [11.  2.]
 [ 3. 17.]
 [ 6.  6.]
 [ 2. 17.]
 [ 8.  7.]
 [11.  2.]
 [ 2. 17.]
 [ 6.  6.]
 [ 1. 17.]
 [ 8.  7.]
 [11.  2.]
 [ 1. 17.]
 [ 6.  6.]
 [ 0. 17.]
 [ 8.  7.]
 [11.  2.]
 [ 0. 17.]
 [ 6.  6.]
 [-1. 17.]
 [ 8.  7.]
 [11.  2.]
 [-1. 17.]
 [ 6.  6.]
 [-2. 17.]
 [ 8.  7.]
 [11.  2.]
 [-2. 17.]
 [ 6.  6.]
 [-3. 17.]
 [ 8.  7.]
 [11.  2.]
 [-2. 17.]
 [ 6.  6.]
 [-3. 17.]
 [ 8.  6.]
 [11.  2.]
 [-3. 17.]
 [ 6.  6.]
 [-4. 17.]]
