Maze:
##########################
#                        #
#                        #
#                        #
#                        #
#                        #
#     ##############     #
#     #       B    #     #
#     #     D      #     #
#     #            #     #
#     #            #     #
#     #            #     #
#     #     A      #     #
#     #        S   #     #
#     #            #     #
#     #            #     #
#     #            #     #
#     #      C     #     #
#     #            #     #
#     ##############     #
#                        #
#                        #
#                        #
#                        #
#                        #
##########################
[[ 9.  7.]
 [ 6.  6.]
 [ 8.  1.]
 [ 7. 11.]
 [ 6.  2.]
 [ 8.  6.]
 [ 6.  6.]
 [ 7.  1.]
 [ 8. 11.]
 [ 5.  2.]
 [ 7.  6.]
 [ 6.  6.]
 [ 6.  1.]
 [ 8. 11.]
 [ 4.  2.]
 [ 7.  6.]
 [ 6.  6.]
 [ 5.  1.]
 [ 8. 11.]
 [ 3.  2.]
 [ 7.  6.]
 [ 6.  6.]
 [ 4.  1.]
 [ 8. 11.]
 [ 2.  2.]
 [ 7.  6.]
 [ 6.  6.]
 [ 3.  1.]
 [ 8. 11.]
 [ 1.  2.]
 [ 7.  6.]
 [ 6.  6.]
 [ 2.  1.]
 [ 8. 11.]
 [ 0.  2.]
 [ 7.  6.]
 [ 6.  6.]
 [ 1.  1.]
 [ 8. 11.]
 [-1.  2.]
 [ 7.  6.]
 [ 6.  6.]
 [ 0.  1.]
 [ 8. 11.]
 [-2.  2.]
 [ 7.  6.]
 [ 6.  6.]
 [-1.  1.]
 [ 8. 11.]
 [-3.  2.]
 [ 7.  6.]
 [ 6.  6.]
 [-2.  1.]
 [ 8. 11.]
 [-4.  2.]
 [ 7.  6.]
 [ 6.  6.]
 [-3.  1.]
 [ 8. 11.]
 [-5.  2.]
 [ 7.  6.]
 [ 6.  6.]
 [-4.  1.]
 [ 8. 11.]
 [-5.  2.]
 [ 7.  6.]
 [ 6.  6.]
 [-5.  2.]
 [ 8. 11.]
 [-5.  3.]
 [ 7.  6.]
 [ 6.  6.]
 [-5.  3.]
 [ 8. 11.]
 [-5.  4.]
 [ 7.  6.]
 [ 6.  6.]
 [-5.  4.]
 [ 8. 11.]
 [-5.  5.]
 [ 7.  6.]
 [ 6.  6.]
 [-5.  5.]
 [ 8. 11.]
 [-5.  6.]
 [ 7.  6.]
 [ 6.  6.]
 [-5.  6.]
 [ 8. 11.]
 [-5.  7.]
 [ 7.  6.]
 [ 6.  6.]
 [-5.  7.]
 [ 8. 11.]
 [-5.  8.]
 [ 7.  6.]
 [ 6.  6.]
 [-5.  8.]
 [ 8. 11.]
 [-5.  9.]
 [ 7.  6.]
 [ 6.  6.]
 [-5.  8.]
 [ 8. 11.]
 [-5.  9.]
 [ 7.  6.]
 [ 6.  6.]
 [-5.  9.]
 [ 8. 11.]
 [-5. 10.]]
