Maze:
##########################
#                        #
#                        #
#                        #
#                        #
#                        #
#     ##############     #
#     #            #     #
#     #            #     #
#     #            #     #
#     # D          #     #
#     #            #     #
#     #     A   S  #     #
#     #            #     #
#     #      B     #     #
#     #            #     #
#     #            #     #
#     #     C      #     #
#     #            #     #
#     ##############     #
#                        #
#                        #
#                        #
#                        #
#                        #
##########################
[[10.  6.]
 [ 6.  6.]
 [ 7.  8.]
 [ 6. 11.]
 [ 2.  4.]
 [10.  6.]
 [ 6.  6.]
 [ 7.  9.]
 [ 6. 12.]
 [ 2.  4.]
 [10.  6.]
 [ 6.  6.]
 [ 7. 10.]
 [ 6. 13.]
 [ 3.  4.]
 [10.  6.]
 [ 6.  6.]
 [ 7. 11.]
 [ 6. 14.]
 [ 4.  5.]
 [10.  6.]
 [ 6.  6.]
 [ 7. 12.]
 [ 6. 15.]
 [ 5.  5.]
 [10.  6.]
 [ 6.  6.]
 [ 7. 13.]
 [ 6. 16.]
 [ 5.  5.]
 [ 9.  6.]
 [ 6.  6.]
 [ 7. 14.]
 [ 6. 17.]
 [ 5.  5.]
 [ 8.  6.]
 [ 6.  6.]
 [ 7. 15.]
 [ 6. 17.]
 [ 5.  5.]
 [ 7.  6.]
 [ 6.  6.]
 [ 7. 16.]
 [ 6. 17.]
 [ 5.  5.]
 [ 7.  6.]
 [ 6.  6.]
 [ 6. 17.]
 [ 5. 17.]
 [ 5.  5.]
 [ 7.  6.]
 [ 6.  6.]
 [ 5. 17.]
 [ 4. 17.]
 [ 5.  5.]
 [ 7.  6.]
 [ 6.  6.]
 [ 4. 17.]
 [ 3. 17.]
 [ 5.  5.]
 [ 7.  6.]
 [ 6.  6.]
 [ 3. 17.]
 [ 2. 17.]
 [ 5.  5.]
 [ 7.  6.]
 [ 6.  6.]
 [ 2. 17.]
 [ 1. 17.]
 [ 5.  5.]
 [ 7.  6.]
 [ 6.  6.]
 [ 1. 17.]
 [ 0. 17.]
 [ 5.  5.]
 [ 7.  6.]
 [ 6.  6.]
 [ 0. 17.]
 [-1. 17.]
 [ 5.  5.]
 [ 7.  6.]
 [ 6.  6.]
 [-1. 17.]
 [-2. 17.]
 [ 5.  5.]
 [ 7.  6.]
 [ 6.  6.]
 [-2. 17.]
 [-3. 17.]
 [ 5.  5.]
 [ 7.  6.]
 [ 6.  6.]
 [-3. 17.]
 [-4. 17.]
 [ 5.  5.]
 [ 7.  6.]
 [ 6.  6.]
 [-4. 17.]
 [-5. 17.]
 [ 5.  5.]
 [ 7.  6.]
 [ 6.  6.]
 [-4. 17.]
 [-5. 17.]
 [ 5.  5.]]
