Maze:
##########################
#                        #
#                        #
#                        #
#                        #
#                        #
#     ##############     #
#     #            #     #
#     #C           #     #
#     #            #     #
#     #            #     #
#     #       A    #     #
#     #  B  S      #     #
#     #           D#     #
#     #            #     #
#     #            #     #
#     #            #     #
#     #            #     #
#     #            #     #
#     ##############     #
#                        #
#                        #
#                        #
#                        #
#                        #
##########################
[[ 6.  6.]
 [ 8.  5.]
 [ 3.  6.]
 [ 1.  2.]
 [12.  7.]
 [ 6.  6.]
 [ 8.  6.]
 [ 2.  6.]
 [ 1.  1.]
 [12.  7.]
 [ 6.  6.]
 [ 7.  6.]
 [ 1.  6.]
 [ 1.  1.]
 [11.  7.]
 [ 6.  6.]
 [ 7.  6.]
 [ 0.  5.]
 [ 1.  1.]
 [11.  7.]
 [ 6.  6.]
 [ 7.  6.]
 [ 0.  4.]
 [ 1.  0.]
 [11.  7.]
 [ 6.  6.]
 [ 7.  6.]
 [ 0.  3.]
 [ 1. -1.]
 [11.  7.]
 [ 6.  6.]
 [ 7.  6.]
 [ 0.  2.]
 [ 1. -2.]
 [11.  7.]
 [ 6.  6.]
 [ 7.  6.]
 [ 0.  1.]
 [ 1. -3.]
 [11.  7.]
 [ 6.  6.]
 [ 7.  6.]
 [ 0.  0.]
 [ 1. -4.]
 [11.  7.]
 [ 6.  6.]
 [ 7.  6.]
 [ 0. -1.]
 [ 1. -5.]
 [11.  7.]
 [ 6.  6.]
 [ 7.  6.]
 [ 0. -2.]
 [ 1. -5.]
 [11.  7.]
 [ 6.  6.]
 [ 7.  6.]
 [ 0. -3.]
 [ 1. -5.]
 [11.  7.]
 [ 6.  6.]
 [ 7.  6.]
 [ 0. -4.]
 [ 1. -5.]
 [11.  7.]
 [ 6.  6.]
 [ 7.  6.]
 [ 1. -5.]
 [ 2. -5.]
 [11.  7.]
 [ 6.  6.]
 [ 7.  6.]
 [ 2. -5.]
 [ 3. -5.]
 [11.  7.]
 [ 6.  6.]
 [ 7.  6.]
 [ 3. -5.]
 [ 4. -5.]
 [11.  7.]
 [ 6.  6.]
 [ 7.  6.]
 [ 4. -5.]
 [ 5. -5.]
 [11.  7.]
 [ 6.  6.]
 [ 7.  6.]
 [ 5. -5.]
 [ 6. -5.]
 [11.  7.]
 [ 6.  6.]
 [ 7.  6.]
 [ 6. -5.]
 [ 7. -5.]
 [11.  7.]
 [ 6.  6.]
 [ 7.  6.]
 [ 7. -5.]
 [ 8. -5.]
 [11.  7.]
 [ 6.  6.]
 [ 7.  6.]
 [ 7. -5.]
 [ 8. -5.]
 [11.  7.]
 [ 6.  6.]
 [ 7.  6.]
 [ 8. -5.]
 [ 9. -5.]
 [11.  7.]]
