Maze:
##########################
#                        #
#                        #
#                        #
#                        #
#                        #
#     ##############     #
#     #            #     #
#     #            #     #
#     #            #     #
#     #            #     #
#     #            #     #
#     #     B    S #     #
#     #    D       #     #
#     #            #     #
#     #            #     #
#     #           C#     #
#     #            #     #
#     #         A  #     #
#     ##############     #
#                        #
#                        #
#                        #
#                        #
#                        #
##########################
[[11.  6.]
 [10. 12.]
 [ 6.  6.]
 [12. 10.]
 [ 5.  7.]
 [11.  6.]
 [10. 12.]
 [ 6.  6.]
 [11. 11.]
 [ 4.  8.]
 [11.  6.]
 [11. 11.]
 [ 6.  6.]
 [10. 12.]
 [ 4.  9.]
 [11.  6.]
 [10. 11.]
 [ 6.  6.]
 [11. 11.]
 [ 4. 10.]
 [11.  6.]
 [11. 11.]
 [ 6.  6.]
 [10. 11.]
 [ 4. 11.]
 [11.  6.]
 [10. 11.]
 [ 6.  6.]
 [11. 11.]
 [ 5. 12.]
 [11.  6.]
 [11. 11.]
 [ 6.  6.]
 [10. 11.]
 [ 6. 12.]
 [11.  6.]
 [10. 11.]
 [ 6.  6.]
 [11. 11.]
 [ 7. 12.]
 [11.  6.]
 [11. 11.]
 [ 6.  6.]
 [10. 11.]
 [ 8. 12.]
 [11.  6.]
 [10. 11.]
 [ 6.  6.]
 [11. 11.]
 [ 9. 12.]
 [11.  7.]
 [10. 12.]
 [ 6.  6.]
 [11. 11.]
 [ 9. 12.]
 [11.  8.]
 [10. 12.]
 [ 6.  6.]
 [11. 11.]
 [ 9. 12.]
 [11.  9.]
 [10. 12.]
 [ 6.  6.]
 [11. 11.]
 [ 9. 12.]
 [11. 10.]
 [10. 12.]
 [ 6.  6.]
 [11. 11.]
 [ 9. 12.]
 [11. 11.]
 [ 9. 12.]
 [ 6.  6.]
 [10. 11.]
 [10. 12.]
 [11. 11.]
 [ 9. 12.]
 [ 6.  6.]
 [10. 11.]
 [ 9. 11.]
 [10. 11.]
 [ 9. 12.]
 [ 6.  6.]
 [10. 11.]
 [ 9. 11.]
 [10. 11.]
 [ 9. 11.]
 [ 6.  6.]
 [10. 11.]
 [ 9. 12.]
 [10. 11.]
 [10. 12.]
 [ 6.  6.]
 [10. 11.]
 [ 9. 11.]
 [10. 11.]
 [10. 12.]
 [ 6.  6.]
 [10. 11.]
 [ 9. 11.]]
