Maze:
##########################
#                        #
#                        #
#                        #
#                        #
#                        #
#     ##############     #
#     #    S       #     #
#     #            #     #
#     #            #     #
#     #     A      #     #
#     #            #     #
#     #     C      #     #
#     #D           #     #
#     #            #     #
#     #       B    #     #
#     #            #     #
#     #            #     #
#     #            #     #
#     ##############     #
#                        #
#                        #
#                        #
#                        #
#                        #
##########################
[[ 5.  1.]
 [ 6.  4.]
 [ 8.  9.]
 [ 6.  6.]
 [ 1.  7.]
 [ 5.  0.]
 [ 6.  3.]
 [ 7.  8.]
 [ 6.  6.]
 [ 1.  7.]
 [ 5. -1.]
 [ 6.  2.]
 [ 6.  7.]
 [ 6.  6.]
 [ 2.  7.]
 [ 5. -2.]
 [ 6.  1.]
 [ 6.  7.]
 [ 6.  6.]
 [ 3.  7.]
 [ 5. -3.]
 [ 6.  0.]
 [ 6.  7.]
 [ 6.  6.]
 [ 4.  7.]
 [ 5. -4.]
 [ 6. -1.]
 [ 6.  7.]
 [ 6.  6.]
 [ 5.  7.]
 [ 5. -5.]
 [ 6. -2.]
 [ 5.  6.]
 [ 6.  6.]
 [ 6.  7.]
 [ 5. -5.]
 [ 6. -3.]
 [ 5.  6.]
 [ 6.  6.]
 [ 6.  7.]
 [ 5. -5.]
 [ 6. -4.]
 [ 5.  6.]
 [ 6.  6.]
 [ 6.  7.]
 [ 4. -5.]
 [ 5. -5.]
 [ 5.  6.]
 [ 6.  6.]
 [ 6.  7.]
 [ 3. -5.]
 [ 4. -5.]
 [ 5.  6.]
 [ 6.  6.]
 [ 6.  7.]
 [ 2. -5.]
 [ 3. -5.]
 [ 5.  6.]
 [ 6.  6.]
 [ 6.  7.]
 [ 1. -5.]
 [ 2. -5.]
 [ 5.  6.]
 [ 6.  6.]
 [ 6.  7.]
 [ 0. -5.]
 [ 1. -5.]
 [ 5.  6.]
 [ 6.  6.]
 [ 6.  7.]
 [-1. -5.]
 [ 0. -5.]
 [ 5.  6.]
 [ 6.  6.]
 [ 6.  7.]
 [-2. -5.]
 [-1. -5.]
 [ 5.  6.]
 [ 6.  6.]
 [ 6.  7.]
 [-3. -5.]
 [-2. -5.]
 [ 5.  6.]
 [ 6.  6.]
 [ 6.  7.]
 [-4. -5.]
 [-3. -5.]
 [ 5.  6.]
 [ 6.  6.]
 [ 6.  7.]
 [-5. -5.]
 [-4. -5.]
 [ 5.  6.]
 [ 6.  6.]
 [ 6.  7.]
 [-5. -5.]
 [-4. -5.]
 [ 5.  6.]
 [ 6.  6.]
 [ 6.  7.]]
