Maze:
##########################
#                        #
#                        #
#                        #
#                        #
#                        #
#     ##############     #
#     #            #     #
#     #            #     #
#     #       C    #     #
#     #            #     #
#     #           B#     #
#     #     S      #     #
#     #            #     #
#     #            #     #
#     #         A  #     #
#     #            #     #
#     #            #     #
#     #     D      #     #
#     ##############     #
#                        #
#                        #
#                        #
#                        #
#                        #
##########################
[[ 6.  6.]
 [10.  9.]
 [12.  5.]
 [ 8.  3.]
 [ 6. 12.]
 [ 6.  6.]
 [11.  8.]
 [12.  4.]
 [ 7.  4.]
 [ 5. 12.]
 [ 6.  6.]
 [11.  7.]
 [12.  3.]
 [ 6.  5.]
 [ 5. 12.]
 [ 6.  6.]
 [11.  6.]
 [12.  2.]
 [ 6.  5.]
 [ 5. 12.]
 [ 6.  6.]
 [11.  5.]
 [12.  1.]
 [ 6.  5.]
 [ 5. 12.]
 [ 6.  6.]
 [11.  4.]
 [12.  0.]
 [ 6.  5.]
 [ 5. 12.]
 [ 6.  6.]
 [11.  3.]
 [12. -1.]
 [ 6.  5.]
 [ 5. 12.]
 [ 6.  6.]
 [11.  2.]
 [12. -2.]
 [ 6.  5.]
 [ 5. 12.]
 [ 6.  6.]
 [11.  1.]
 [12. -3.]
 [ 6.  5.]
 [ 5. 12.]
 [ 6.  6.]
 [11.  0.]
 [12. -4.]
 [ 6.  5.]
 [ 5. 12.]
 [ 6.  6.]
 [11. -1.]
 [12. -5.]
 [ 6.  5.]
 [ 5. 12.]
 [ 6.  6.]
 [11. -2.]
 [12. -5.]
 [ 6.  5.]
 [ 5. 12.]
 [ 6.  6.]
 [11. -3.]
 [12. -5.]
 [ 6.  5.]
 [ 5. 12.]
 [ 6.  6.]
 [11. -4.]
 [12. -5.]
 [ 6.  5.]
 [ 5. 12.]
 [ 6.  6.]
 [12. -5.]
 [13. -5.]
 [ 6.  5.]
 [ 5. 12.]
 [ 6.  6.]
 [13. -5.]
 [14. -5.]
 [ 6.  5.]
 [ 5. 12.]
 [ 6.  6.]
 [14. -5.]
 [15. -5.]
 [ 6.  5.]
 [ 5. 12.]
 [ 6.  6.]
 [15. -5.]
 [16. -5.]
 [ 6.  5.]
 [ 5. 12.]
 [ 6.  6.]
 [16. -5.]
 [17. -5.]
 [ 6.  5.]
 [ 5. 12.]
 [ 6.  6.]
 [16. -5.]
 [17. -5.]
 [ 6.  5.]
 [ 5. 12.]]
