Maze:
##########################
#                        #
#                        #
#                        #
#                        #
#                        #
#     ##############     #
#     #            #     #
#     #            #     #
#     #            #     #
#     #      C     #     #
#     #       S    #     #
#     #     D      #     #
#     #            #     #
#     #    A       #     #
#     #B           #     #
#     #            #     #
#     #            #     #
#     #            #     #
#     ##############     #
#                        #
#                        #
#                        #
#                        #
#                        #
##########################
[[ 8.  5.]
 [ 5.  8.]
 [ 1.  9.]
 [ 7.  4.]
 [ 6.  6.]
 [ 9.  4.]
 [ 6.  9.]
 [ 2.  9.]
 [ 7.  5.]
 [ 6.  6.]
 [10.  3.]
 [ 7. 10.]
 [ 3.  9.]
 [ 7.  5.]
 [ 6.  6.]
 [10.  2.]
 [ 8. 11.]
 [ 4. 10.]
 [ 7.  5.]
 [ 6.  6.]
 [10.  2.]
 [ 9. 11.]
 [ 5. 11.]
 [ 7.  5.]
 [ 6.  6.]
 [10.  2.]
 [10. 11.]
 [ 6. 12.]
 [ 7.  5.]
 [ 6.  6.]
 [10.  2.]
 [11. 11.]
 [ 7. 12.]
 [ 7.  5.]
 [ 6.  6.]
 [10.  2.]
 [12. 11.]
 [ 8. 12.]
 [ 7.  5.]
 [ 6.  6.]
 [10.  2.]
 [13. 11.]
 [ 9. 12.]
 [ 7.  5.]
 [ 6.  6.]
 [10.  2.]
 [14. 11.]
 [10. 12.]
 [ 7.  5.]
 [ 6.  6.]
 [10.  2.]
 [15. 11.]
 [11. 12.]
 [ 7.  5.]
 [ 6.  6.]
 [10.  2.]
 [16. 11.]
 [12. 12.]
 [ 7.  5.]
 [ 6.  6.]
 [10.  2.]
 [17. 11.]
 [13. 12.]
 [ 7.  5.]
 [ 6.  6.]
 [10.  2.]
 [17. 11.]
 [14. 12.]
 [ 7.  5.]
 [ 6.  6.]
 [10.  2.]
 [17. 11.]
 [15. 12.]
 [ 7.  5.]
 [ 6.  6.]
 [10.  2.]
 [17. 11.]
 [16. 12.]
 [ 7.  5.]
 [ 6.  6.]
 [10.  2.]
 [17. 10.]
 [17. 11.]
 [ 7.  5.]
 [ 6.  6.]
 [10.  2.]
 [17.  9.]
 [17. 10.]
 [ 7.  5.]
 [ 6.  6.]
 [10.  2.]
 [17.  8.]
 [17.  9.]
 [ 7.  5.]
 [ 6.  6.]
 [10.  2.]
 [17.  7.]
 [17.  8.]
 [ 7.  5.]
 [ 6.  6.]
 [10.  2.]
 [17.  7.]
 [17.  8.]
 [ 7.  5.]
 [ 6.  6.]
 [10.  2.]
 [17.  6.]
 [17.  7.]
 [ 7.  5.]
 [ 6.  6.]]
