Maze:
##########################
#                        #
#                        #
#                        #
#                        #
#                        #
#     ##############     #
#     #            #     #
#     #            #     #
#     #          B #     #
#     #            #     #
#     #     A      #     #
#     #     S      #     #
#     #           D#     #
#     #            #     #
#     #            #     #
#     #            #     #
#     #    C       #     #
#     #            #     #
#     ##############     #
#                        #
#                        #
#                        #
#                        #
#                        #
##########################
[[ 6.  6.]
 [ 6.  5.]
 [11.  3.]
 [ 5. 11.]
 [12.  7.]
 [ 6.  6.]
 [ 6.  5.]
 [10.  3.]
 [ 5. 11.]
 [11.  7.]
 [ 6.  6.]
 [ 6.  5.]
 [ 9.  3.]
 [ 5. 11.]
 [10.  7.]
 [ 6.  6.]
 [ 6.  5.]
 [ 8.  3.]
 [ 5. 11.]
 [ 9.  7.]
 [ 6.  6.]
 [ 6.  5.]
 [ 7.  4.]
 [ 6. 11.]
 [ 8.  7.]
 [ 6.  6.]
 [ 6.  5.]
 [ 7.  4.]
 [ 7. 10.]
 [ 7.  7.]
 [ 6.  6.]
 [ 6.  5.]
 [ 7.  4.]
 [ 7.  9.]
 [ 7.  7.]
 [ 6.  6.]
 [ 6.  5.]
 [ 7.  4.]
 [ 7.  8.]
 [ 6.  7.]
 [ 6.  6.]
 [ 6.  5.]
 [ 7.  4.]
 [ 6.  7.]
 [ 7.  6.]
 [ 6.  6.]
 [ 5.  6.]
 [ 6.  5.]
 [ 6.  7.]
 [ 7.  6.]
 [ 6.  6.]
 [ 4.  7.]
 [ 5.  5.]
 [ 6.  7.]
 [ 7.  6.]
 [ 6.  6.]
 [ 3.  8.]
 [ 4.  5.]
 [ 6.  7.]
 [ 7.  6.]
 [ 6.  6.]
 [ 2.  9.]
 [ 3.  5.]
 [ 6.  7.]
 [ 7.  6.]
 [ 6.  6.]
 [ 2. 10.]
 [ 2.  5.]
 [ 6.  7.]
 [ 7.  6.]
 [ 6.  6.]
 [ 2. 11.]
 [ 1.  5.]
 [ 6.  7.]
 [ 7.  6.]
 [ 6.  6.]
 [ 2. 12.]
 [ 0.  5.]
 [ 6.  7.]
 [ 7.  6.]
 [ 6.  6.]
 [ 2. 13.]
 [-1.  5.]
 [ 6.  7.]
 [ 7.  6.]
 [ 6.  6.]
 [ 2. 14.]
 [-1.  5.]
 [ 6.  7.]
 [ 7.  6.]
 [ 6.  6.]
 [ 2. 14.]
 [-1.  5.]
 [ 6.  7.]
 [ 7.  6.]]
