Maze:
##########################
#                        #
#                        #
#                        #
#                        #
#                        #
#     ##############     #
#     #            #     #
#     #        B   #     #
#     #     A      #     #
#     #            #     #
#     #            #     #
#     #     C      #     #
#     #            #     #
#     # S          #     #
#     #       D    #     #
#     #            #     #
#     #            #     #
#     #            #     #
#     ##############     #
#                        #
#                        #
#                        #
#                        #
#                        #
##########################
[[ 2.  8.]
 [ 6.  3.]
 [ 9.  2.]
 [ 6.  6.]
 [ 8.  9.]
 [ 1.  8.]
 [ 5.  3.]
 [ 8.  2.]
 [ 6.  6.]
 [ 7.  8.]
 [ 0.  8.]
 [ 4.  3.]
 [ 7.  2.]
 [ 6.  6.]
 [ 7.  7.]
 [-1.  8.]
 [ 3.  3.]
 [ 6.  2.]
 [ 6.  6.]
 [ 7.  7.]
 [-1.  8.]
 [ 2.  3.]
 [ 5.  2.]
 [ 6.  6.]
 [ 7.  7.]
 [-1.  8.]
 [ 1.  3.]
 [ 4.  2.]
 [ 6.  6.]
 [ 7.  7.]
 [-1.  9.]
 [ 0.  3.]
 [ 3.  2.]
 [ 6.  6.]
 [ 7.  7.]
 [-1.  9.]
 [-1.  3.]
 [ 2.  2.]
 [ 6.  6.]
 [ 7.  7.]
 [-1.  9.]
 [-2.  3.]
 [ 1.  2.]
 [ 6.  6.]
 [ 7.  7.]
 [-1.  9.]
 [-3.  3.]
 [ 0.  2.]
 [ 6.  6.]
 [ 7.  7.]
 [-1.  9.]
 [-4.  3.]
 [-1.  2.]
 [ 6.  6.]
 [ 7.  7.]
 [-1.  9.]
 [-5.  3.]
 [-2.  2.]
 [ 6.  6.]
 [ 7.  7.]
 [-1.  9.]
 [-5.  3.]
 [-3.  2.]
 [ 6.  6.]
 [ 7.  7.]
 [-1.  9.]
 [-5.  3.]
 [-4.  2.]
 [ 6.  6.]
 [ 7.  7.]
 [-1.  9.]
 [-5.  4.]
 [-5.  3.]
 [ 6.  6.]
 [ 7.  7.]
 [-1.  9.]
 [-5.  5.]
 [-5.  4.]
 [ 6.  6.]
 [ 7.  7.]
 [-1.  9.]
 [-5.  6.]
 [-5.  5.]
 [ 6.  6.]
 [ 7.  7.]
 [-1.  9.]
 [-5.  7.]
 [-5.  6.]
 [ 6.  6.]
 [ 7.  7.]
 [-1.  9.]
 [-5.  8.]
 [-5.  7.]
 [ 6.  6.]
 [ 7.  7.]
 [-1.  9.]
 [-5.  9.]
 [-5.  8.]
 [ 6.  6.]
 [ 7.  7.]
 [-1.  9.]
 [-5.  9.]
 [-5.  8.]
 [ 6.  6.]
 [ 7.  7.]
 [-1.  9.]
 [-5. 10.]
 [-5.  9.]
 [ 6.  6.]
 [ 7.  7.]]
