Maze:
##########################
#                        #
#                        #
#                        #
#                        #
#                        #
#     ##############     #
#     #   A        #     #
#     #            #     #
#     #S           #     #
#     #        B   #     #
#     #            #     #
#     #     C      #     #
#     #            #     #
#     #            #     #
#     # D          #     #
#     #            #     #
#     #            #     #
#     #            #     #
#     ##############     #
#                        #
#                        #
#                        #
#                        #
#                        #
##########################
[[ 1.  3.]
 [ 4.  1.]
 [ 9.  4.]
 [ 6.  6.]
 [ 2.  9.]
 [ 0.  3.]
 [ 3.  1.]
 [10.  3.]
 [ 6.  6.]
 [ 3.  8.]
 [-1.  3.]
 [ 2.  1.]
 [10.  2.]
 [ 6.  6.]
 [ 4.  7.]
 [-2.  3.]
 [ 1.  1.]
 [10.  1.]
 [ 6.  6.]
 [ 5.  6.]
 [-3.  3.]
 [ 0.  1.]
 [10.  0.]
 [ 6.  6.]
 [ 5.  6.]
 [-4.  3.]
 [-1.  1.]
 [10.  0.]
 [ 6.  6.]
 [ 5.  6.]
 [-5.  4.]
 [-2.  1.]
 [10.  0.]
 [ 6.  6.]
 [ 5.  6.]
 [-5.  5.]
 [-3.  1.]
 [10.  0.]
 [ 6.  6.]
 [ 5.  6.]
 [-5.  6.]
 [-4.  2.]
 [10. -1.]
 [ 6.  6.]
 [ 5.  6.]
 [-5.  7.]
 [-5.  3.]
 [10. -1.]
 [ 6.  6.]
 [ 5.  6.]
 [-5.  8.]
 [-5.  4.]
 [10. -1.]
 [ 6.  6.]
 [ 5.  6.]
 [-5.  9.]
 [-5.  5.]
 [10. -1.]
 [ 6.  6.]
 [ 5.  6.]
 [-5. 10.]
 [-5.  6.]
 [10. -1.]
 [ 6.  6.]
 [ 5.  6.]
 [-5. 11.]
 [-5.  7.]
 [10. -1.]
 [ 6.  6.]
 [ 5.  6.]
 [-5. 12.]
 [-5.  8.]
 [10. -1.]
 [ 6.  6.]
 [ 5.  6.]
 [-5. 13.]
 [-5.  9.]
 [10. -1.]
 [ 6.  6.]
 [ 5.  6.]
 [-5. 14.]
 [-5. 10.]
 [10. -1.]
 [ 6.  6.]
 [ 5.  6.]
 [-5. 15.]
 [-5. 11.]
 [10. -1.]
 [ 6.  6.]
 [ 5.  6.]
 [-5. 16.]
 [-5. 12.]
 [10. -1.]
 [ 6.  6.]
 [ 5.  6.]
 [-5. 17.]
 [-5. 13.]
 [10. -1.]
 [ 6.  6.]
 [ 5.  6.]
 [-5. 17.]
 [-5. 13.]
 [10. -1.]
 [ 6.  6.]
 [ 5.  6.]
 [-5. 17.]
 [-5. 14.]
 [10. -1.]
 [ 6.  6.]
 [ 5.  6.]]
