Maze:
##########################
#                        #
#                        #
#                        #
#                        #
#                        #
#     ##############     #
#     #         B  #     #
#     #            #     #
#     #            #     #
#     #            #     #
#     #            #     #
#     #     S      #     #
#     #            #     #
#     #        C   #     #
#     #            #     #
#     #  A         #     #
#     #     D      #     #
#     #            #     #
#     ##############     #
#                        #
#                        #
#                        #
#                        #
#                        #
##########################
[[ 6.  6.]
 [ 3. 10.]
 [10.  1.]
 [ 9.  8.]
 [ 6. 11.]
 [ 6.  6.]
 [ 4. 10.]
 [10.  1.]
 [ 8.  8.]
 [ 7. 11.]
 [ 6.  6.]
 [ 5. 10.]
 [10.  1.]
 [ 7.  7.]
 [ 8. 11.]
 [ 6.  6.]
 [ 6. 10.]
 [10.  1.]
 [ 7.  7.]
 [ 9. 11.]
 [ 6.  6.]
 [ 7. 10.]
 [10.  1.]
 [ 7.  7.]
 [10. 11.]
 [ 6.  6.]
 [ 8.  9.]
 [10.  1.]
 [ 7.  7.]
 [11. 11.]
 [ 6.  6.]
 [ 8.  8.]
 [10.  1.]
 [ 7.  7.]
 [12. 12.]
 [ 6.  6.]
 [ 8.  8.]
 [10.  2.]
 [ 7.  7.]
 [13. 13.]
 [ 6.  6.]
 [ 8.  8.]
 [ 9.  3.]
 [ 7.  7.]
 [13. 13.]
 [ 6.  6.]
 [ 8.  8.]
 [ 9.  4.]
 [ 7.  7.]
 [13. 13.]
 [ 6.  6.]
 [ 8.  8.]
 [ 8.  5.]
 [ 7.  7.]
 [13. 13.]
 [ 6.  6.]
 [ 8.  8.]
 [ 8.  6.]
 [ 7.  7.]
 [13. 13.]
 [ 6.  6.]
 [ 8.  8.]
 [ 8.  6.]
 [ 6.  7.]
 [13. 13.]
 [ 6.  6.]
 [ 7.  8.]
 [ 7.  7.]
 [ 6.  7.]
 [13. 13.]
 [ 6.  6.]
 [ 7.  8.]
 [ 7.  7.]
 [ 5.  6.]
 [13. 13.]
 [ 6.  6.]
 [ 7.  9.]
 [ 7.  8.]
 [ 5.  6.]
 [13. 13.]
 [ 6.  6.]
 [ 7. 10.]
 [ 7.  9.]
 [ 5.  6.]
 [13. 13.]
 [ 6.  6.]
 [ 7. 11.]
 [ 7. 10.]
 [ 5.  6.]
 [13. 13.]
 [ 6.  6.]
 [ 7. 12.]
 [ 7. 11.]
 [ 5.  6.]
 [13. 13.]
 [ 6.  6.]
 [ 7. 13.]
 [ 7. 12.]
 [ 5.  6.]
 [13. 13.]
 [ 6.  6.]
 [ 7. 13.]
 [ 7. 12.]
 [ 5.  6.]
 [13. 13.]
 [ 6.  6.]
 [ 7. 14.]
 [ 7. 13.]
 [ 5.  6.]
 [13. 13.]]
