Maze:
##########################
#                        #
#                        #
#                        #
#                        #
#                        #
#     ##############     #
#     #            #     #
#     #            #     #
#     #            #     #
#     #   D        #     #
#     # A          #     #
#     #     S     C#     #
#     #      B     #     #
#     #            #     #
#     #            #     #
#     #            #     #
#     #            #     #
#     #            #     #
#     ##############     #
#                        #
#                        #
#                        #
#                        #
#                        #
##########################
[[ 6.  6.]
 [ 2.  5.]
 [ 7.  7.]
 [12.  6.]
 [ 4.  4.]
 [ 6.  6.]
 [ 3.  5.]
 [ 8.  7.]
 [12.  6.]
 [ 5.  3.]
 [ 6.  6.]
 [ 4.  4.]
 [ 9.  7.]
 [13.  6.]
 [ 6.  2.]
 [ 6.  6.]
 [ 5.  3.]
 [10.  7.]
 [14.  6.]
 [ 7.  1.]
 [ 6.  6.]
 [ 6.  2.]
 [11.  7.]
 [15.  6.]
 [ 8.  0.]
 [ 6.  6.]
 [ 7.  1.]
 [12.  7.]
 [16.  6.]
 [ 9. -1.]
 [ 6.  6.]
 [ 8.  0.]
 [13.  7.]
 [17.  6.]
 [10. -2.]
 [ 6.  6.]
 [ 9. -1.]
 [14.  7.]
 [17.  6.]
 [11. -3.]
 [ 6.  6.]
 [10. -2.]
 [15.  7.]
 [17.  6.]
 [12. -4.]
 [ 6.  6.]
 [11. -3.]
 [16.  7.]
 [17.  6.]
 [13. -5.]
 [ 6.  6.]
 [12. -4.]
 [17.  6.]
 [17.  5.]
 [14. -5.]
 [ 6.  6.]
 [13. -4.]
 [17.  5.]
 [17.  4.]
 [15. -5.]
 [ 6.  6.]
 [14. -4.]
 [17.  4.]
 [17.  3.]
 [16. -5.]
 [ 6.  6.]
 [15. -4.]
 [17.  3.]
 [17.  2.]
 [17. -5.]
 [ 6.  6.]
 [16. -4.]
 [17.  2.]
 [17.  1.]
 [17. -5.]
 [ 6.  6.]
 [16. -4.]
 [17.  1.]
 [17.  0.]
 [17. -5.]
 [ 6.  6.]
 [16. -4.]
 [17.  0.]
 [17. -1.]
 [17. -5.]
 [ 6.  6.]
 [16. -4.]
 [17. -1.]
 [17. -2.]
 [17. -5.]
 [ 6.  6.]
 [17. -4.]
 [17. -2.]
 [17. -3.]
 [17. -5.]
 [ 6.  6.]
 [17. -4.]
 [17. -2.]
 [17. -3.]
 [17. -5.]]
