Maze:
##########################
#                        #
#                        #
#                        #
#                        #
#                        #
#     ##############     #
#     #            #     #
#     #            #     #
#     #            #     #
#     #          A #     #
#     #            #     #
#     #D    S      #     #
#     #      C     #     #
#     #            #     #
#     #            #     #
#     #            #     #
#     #            #     #
#     #   B        #     #
#     ##############     #
#                        #
#                        #
#                        #
#                        #
#                        #
##########################
[[ 6.  6.]
 [11.  4.]
 [ 4. 12.]
 [ 7.  7.]
 [ 1.  6.]
 [ 6.  6.]
 [10.  4.]
 [ 5. 12.]
 [ 7.  7.]
 [ 1.  6.]
 [ 6.  6.]
 [ 9.  5.]
 [ 6. 11.]
 [ 7.  7.]
 [ 1.  6.]
 [ 6.  6.]
 [ 8.  6.]
 [ 7. 10.]
 [ 7.  7.]
 [ 0.  6.]
 [ 6.  6.]
 [ 7.  7.]
 [ 7.  9.]
 [ 6.  7.]
 [ 0.  6.]
 [ 6.  6.]
 [ 6.  7.]
 [ 7.  8.]
 [ 5.  6.]
 [-1.  6.]
 [ 6.  6.]
 [ 5.  6.]
 [ 6.  7.]
 [ 6.  5.]
 [-1.  6.]
 [ 6.  6.]
 [ 5.  5.]
 [ 6.  7.]
 [ 7.  6.]
 [-2.  6.]
 [ 6.  6.]
 [ 6.  5.]
 [ 6.  7.]
 [ 7.  6.]
 [-2.  6.]
 [ 6.  6.]
 [ 7.  5.]
 [ 7.  6.]
 [ 6.  7.]
 [-2.  6.]
 [ 6.  6.]
 [ 7.  4.]
 [ 6.  5.]
 [ 5.  6.]
 [-2.  6.]
 [ 6.  6.]
 [ 8.  3.]
 [ 5.  6.]
 [ 6.  7.]
 [-2.  6.]
 [ 6.  6.]
 [ 8.  4.]
 [ 5.  6.]
 [ 6.  7.]
 [-2.  6.]
 [ 6.  6.]
 [ 8.  5.]
 [ 5.  6.]
 [ 6.  7.]
 [-2.  6.]
 [ 6.  6.]
 [ 7.  6.]
 [ 5.  6.]
 [ 6.  7.]
 [-2.  6.]
 [ 6.  6.]
 [ 7.  7.]
 [ 6.  7.]
 [ 5.  6.]
 [-2.  6.]
 [ 6.  6.]
 [ 8.  7.]
 [ 7.  6.]
 [ 6.  5.]
 [-2.  6.]
 [ 6.  6.]
 [ 9.  8.]
 [ 7.  5.]
 [ 5.  6.]
 [-2.  6.]
 [ 6.  6.]
 [ 8.  8.]
 [ 7.  5.]
 [ 5.  6.]
 [-2.  6.]
 [ 6.  6.]
 [ 7.  8.]
 [ 7.  5.]
 [ 5.  6.]
 [-2.  6.]
 [ 6.  6.]
 [ 7.  8.]
 [ 7.  5.]
 [ 5.  6.]
 [-2.  6.]
 [ 6.  6.]
 [ 6.  8.]
 [ 7.  5.]
 [ 5.  6.]
 [-2.  6.]]
