Maze:
##########################
#                        #
#                        #
#                        #
#                        #
#                        #
#     ##############     #
#     #            #     #
#     #            #     #
#     #            #     #
#     # B          #     #
#     #            #     #
#     #   C S      #     #
#     #     D      #     #
#     #            #     #
#     #            #     #
#     #            #     #
#     #            #     #
#     #      A     #     #
#     ##############     #
#                        #
#                        #
#                        #
#                        #
#                        #
##########################
[[ 6.  6.]
 [ 7. 12.]
 [ 2.  4.]
 [ 4.  6.]
 [ 6.  7.]
 [ 6.  6.]
 [ 7. 11.]
 [ 3.  5.]
 [ 5.  6.]
 [ 6.  8.]
 [ 6.  6.]
 [ 7. 10.]
 [ 4.  5.]
 [ 5.  6.]
 [ 5.  7.]
 [ 6.  6.]
 [ 6.  9.]
 [ 4.  5.]
 [ 5.  6.]
 [ 4.  6.]
 [ 6.  6.]
 [ 6.  8.]
 [ 4.  4.]
 [ 5.  6.]
 [ 4.  5.]
 [ 6.  6.]
 [ 6.  7.]
 [ 4.  3.]
 [ 5.  6.]
 [ 4.  4.]
 [ 6.  6.]
 [ 5.  6.]
 [ 4.  2.]
 [ 6.  5.]
 [ 4.  3.]
 [ 6.  6.]
 [ 6.  5.]
 [ 4.  1.]
 [ 7.  6.]
 [ 4.  2.]
 [ 6.  6.]
 [ 7.  6.]
 [ 4.  0.]
 [ 6.  7.]
 [ 4.  1.]
 [ 6.  6.]
 [ 6.  7.]
 [ 4. -1.]
 [ 5.  6.]
 [ 4.  0.]
 [ 6.  6.]
 [ 5.  6.]
 [ 4. -2.]
 [ 6.  5.]
 [ 4. -1.]
 [ 6.  6.]
 [ 6.  5.]
 [ 4. -3.]
 [ 7.  6.]
 [ 4. -2.]
 [ 6.  6.]
 [ 7.  6.]
 [ 4. -4.]
 [ 6.  7.]
 [ 4. -3.]
 [ 6.  6.]
 [ 6.  7.]
 [ 4. -5.]
 [ 5.  6.]
 [ 4. -4.]
 [ 6.  6.]
 [ 5.  6.]
 [ 4. -5.]
 [ 6.  5.]
 [ 4. -4.]
 [ 6.  6.]
 [ 6.  5.]
 [ 4. -5.]
 [ 7.  6.]
 [ 4. -4.]
 [ 6.  6.]
 [ 7.  6.]
 [ 4. -5.]
 [ 6.  7.]
 [ 4. -4.]
 [ 6.  6.]
 [ 6.  7.]
 [ 4. -5.]
 [ 5.  6.]
 [ 4. -4.]
 [ 6.  6.]
 [ 5.  6.]
 [ 4. -5.]
 [ 6.  5.]
 [ 4. -4.]
 [ 6.  6.]
 [ 6.  5.]
 [ 4. -5.]
 [ 7.  6.]
 [ 4. -4.]
 [ 6.  6.]
 [ 6.  5.]
 [ 4. -5.]
 [ 7.  6.]
 [ 4. -4.]
 [ 6.  6.]
 [ 7.  6.]
 [ 4. -5.]
 [ 6.  7.]
 [ 4. -4.]]
