Maze:
##########################
#                        #
#                        #
#                        #
#                        #
#                        #
#     ##############     #
#     #    D       #     #
#     #           C#     #
#     #            #     #
#     #  S         #     #
#     #        A   #     #
#     #     B      #     #
#     #            #     #
#     #            #     #
#     #            #     #
#     #            #     #
#     #            #     #
#     #            #     #
#     ##############     #
#                        #
#                        #
#                        #
#                        #
#                        #
##########################
[[ 3.  4.]
 [ 9.  5.]
 [ 6.  6.]
 [12.  2.]
 [ 5.  1.]
 [ 3.  3.]
 [10.  4.]
 [ 6.  6.]
 [13.  1.]
 [ 5.  0.]
 [ 3.  2.]
 [11.  3.]
 [ 6.  6.]
 [14.  0.]
 [ 5. -1.]
 [ 3.  1.]
 [12.  2.]
 [ 6.  6.]
 [15. -1.]
 [ 5. -2.]
 [ 3.  0.]
 [13.  1.]
 [ 6.  6.]
 [16. -2.]
 [ 5. -3.]
 [ 3. -1.]
 [14.  0.]
 [ 6.  6.]
 [17. -3.]
 [ 5. -4.]
 [ 3. -2.]
 [15. -1.]
 [ 6.  6.]
 [17. -4.]
 [ 5. -5.]
 [ 3. -3.]
 [15. -2.]
 [ 6.  6.]
 [17. -5.]
 [ 5. -5.]
 [ 4. -4.]
 [15. -3.]
 [ 6.  6.]
 [17. -5.]
 [ 6. -5.]
 [ 5. -4.]
 [16. -4.]
 [ 6.  6.]
 [17. -5.]
 [ 7. -5.]
 [ 6. -5.]
 [16. -4.]
 [ 6.  6.]
 [17. -5.]
 [ 8. -5.]
 [ 7. -5.]
 [16. -4.]
 [ 6.  6.]
 [17. -5.]
 [ 9. -5.]
 [ 8. -5.]
 [16. -4.]
 [ 6.  6.]
 [17. -5.]
 [10. -5.]
 [ 9. -5.]
 [16. -4.]
 [ 6.  6.]
 [17. -5.]
 [11. -5.]
 [10. -5.]
 [16. -4.]
 [ 6.  6.]
 [17. -5.]
 [12. -5.]
 [11. -5.]
 [16. -4.]
 [ 6.  6.]
 [17. -5.]
 [13. -5.]
 [12. -5.]
 [16. -4.]
 [ 6.  6.]
 [17. -5.]
 [13. -5.]
 [13. -5.]
 [16. -4.]
 [ 6.  6.]
 [17. -5.]
 [14. -5.]
 [14. -5.]
 [16. -5.]
 [ 6.  6.]
 [17. -5.]
 [15. -5.]
 [15. -5.]
 [16. -5.]
 [ 6.  6.]
 [17. -5.]
 [14. -5.]
 [15. -5.]
 [16. -5.]
 [ 6.  6.]
 [17. -5.]
 [14. -5.]
 [16. -5.]
 [16. -5.]
 [ 6.  6.]
 [17. -5.]
 [13. -5.]]
