Maze:
##########################
#                        #
#                        #
#                        #
#                        #
#                        #
#     ##############     #
#     # D          #     #
#     #            #     #
#     #            #     #
#     #            #     #
#     #            #     #
#     #     S      #     #
#     #            #     #
#     #            #     #
#     #            #     #
#     #  C         #     #
#     #     A      #     #
#     #       B    #     #
#     ##############     #
#                        #
#                        #
#                        #
#                        #
#                        #
##########################
[[ 6.  6.]
 [ 6. 11.]
 [ 8. 12.]
 [ 3. 10.]
 [ 2.  1.]
 [ 6.  6.]
 [ 5. 11.]
 [ 7. 12.]
 [ 2.  9.]
 [ 2.  1.]
 [ 6.  6.]
 [ 4. 10.]
 [ 6. 12.]
 [ 1.  8.]
 [ 2.  1.]
 [ 6.  6.]
 [ 3.  9.]
 [ 5. 11.]
 [ 0.  7.]
 [ 2.  1.]
 [ 6.  6.]
 [ 2.  8.]
 [ 4. 10.]
 [-1.  6.]
 [ 2.  1.]
 [ 6.  6.]
 [ 1.  7.]
 [ 3.  9.]
 [-2.  5.]
 [ 2.  0.]
 [ 6.  6.]
 [ 0.  6.]
 [ 2.  8.]
 [-3.  4.]
 [ 2.  0.]
 [ 6.  6.]
 [-1.  5.]
 [ 1.  7.]
 [-4.  3.]
 [ 2. -1.]
 [ 6.  6.]
 [-2.  4.]
 [ 0.  6.]
 [-5.  2.]
 [ 2. -1.]
 [ 6.  6.]
 [-3.  3.]
 [-1.  5.]
 [-5.  1.]
 [ 2. -1.]
 [ 6.  6.]
 [-4.  2.]
 [-2.  4.]
 [-5.  0.]
 [ 2. -1.]
 [ 6.  6.]
 [-4.  1.]
 [-3.  3.]
 [-5. -1.]
 [ 2. -1.]
 [ 6.  6.]
 [-4.  0.]
 [-4.  2.]
 [-5. -2.]
 [ 2. -1.]
 [ 6.  6.]
 [-4. -1.]
 [-4.  1.]
 [-5. -3.]
 [ 2. -1.]
 [ 6.  6.]
 [-4. -2.]
 [-4.  0.]
 [-5. -4.]
 [ 2. -1.]
 [ 6.  6.]
 [-4. -3.]
 [-4. -1.]
 [-5. -5.]
 [ 2. -1.]
 [ 6.  6.]
 [-4. -4.]
 [-4. -2.]
 [-5. -5.]
 [ 2. -1.]
 [ 6.  6.]
 [-4. -4.]
 [-4. -3.]
 [-5. -5.]
 [ 2. -1.]
 [ 6.  6.]
 [-4. -5.]
 [-4. -4.]
 [-5. -5.]
 [ 2. -1.]
 [ 6.  6.]
 [-4. -5.]
 [-4. -4.]
 [-5. -5.]
 [ 2. -1.]]
