Maze:
##########################
#                        #
#                        #
#                        #
#                        #
#                        #
#     ##############     #
#     #            #     #
#     #            #     #
#     #           A#     #
#     #C           #     #
#     #            #     #
#     #     SD     #     #
#     #            #     #
#     #            #     #
#     #          B #     #
#     #            #     #
#     #            #     #
#     #            #     #
#     ##############     #
#                        #
#                        #
#                        #
#                        #
#                        #
##########################
[[ 6.  6.]
 [12.  3.]
 [11.  9.]
 [ 1.  4.]
 [ 7.  6.]
 [ 6.  6.]
 [11.  3.]
 [12.  9.]
 [ 1.  4.]
 [ 8.  6.]
 [ 6.  6.]
 [10.  3.]
 [13.  9.]
 [ 1.  4.]
 [ 9.  7.]
 [ 6.  6.]
 [ 9.  4.]
 [14.  9.]
 [ 1.  4.]
 [ 9.  8.]
 [ 6.  6.]
 [ 9.  5.]
 [15.  9.]
 [ 1.  4.]
 [ 9.  9.]
 [ 6.  6.]
 [ 9.  6.]
 [15.  9.]
 [ 1.  4.]
 [ 9. 10.]
 [ 6.  6.]
 [ 9.  7.]
 [15.  9.]
 [ 1.  4.]
 [ 9. 11.]
 [ 6.  6.]
 [ 9.  8.]
 [15.  9.]
 [ 1.  4.]
 [ 9. 12.]
 [ 6.  6.]
 [ 9.  9.]
 [15.  9.]
 [ 1.  4.]
 [ 9. 13.]
 [ 6.  6.]
 [ 9. 10.]
 [15.  9.]
 [ 1.  4.]
 [ 9. 14.]
 [ 6.  6.]
 [ 9. 11.]
 [15.  9.]
 [ 1.  4.]
 [ 9. 15.]
 [ 6.  6.]
 [ 9. 12.]
 [15.  9.]
 [ 1.  4.]
 [ 9. 16.]
 [ 6.  6.]
 [ 9. 13.]
 [15.  9.]
 [ 1.  4.]
 [ 9. 17.]
 [ 6.  6.]
 [ 9. 14.]
 [15.  9.]
 [ 1.  4.]
 [ 9. 17.]
 [ 6.  6.]
 [ 9. 15.]
 [15.  9.]
 [ 1.  4.]
 [ 9. 17.]
 [ 6.  6.]
 [ 9. 16.]
 [15.  9.]
 [ 1.  4.]
 [ 9. 17.]
 [ 6.  6.]
 [ 9. 16.]
 [15.  9.]
 [ 2.  4.]
 [ 9. 17.]
 [ 6.  6.]
 [ 9. 16.]
 [15.  9.]
 [ 3.  4.]
 [ 9. 17.]
 [ 6.  6.]
 [ 9. 16.]
 [15.  9.]
 [ 4.  5.]
 [ 9. 17.]
 [ 6.  6.]
 [ 9. 16.]
 [15.  9.]
 [ 5.  5.]
 [ 9. 17.]
 [ 6.  6.]
 [ 9. 16.]
 [15.  9.]
 [ 5.  5.]
 [ 9. 17.]]
