Maze:
##########################
#                        #
#                        #
#                        #
#                        #
#                        #
#     ##############     #
#     #            #     #
#     #         B  #     #
#     #            #     #
#     #            #     #
#     #            #     #
#     #     S      #     #
#     #     C      #     #
#     # D          #     #
#     #            #     #
#     #  A         #     #
#     #            #     #
#     #            #     #
#     ##############     #
#                        #
#                        #
#                        #
#                        #
#                        #
##########################
[[ 6.  6.]
 [ 3. 10.]
 [10.  2.]
 [ 6.  7.]
 [ 2.  8.]
 [ 6.  6.]
 [ 3.  9.]
 [10.  2.]
 [ 6.  7.]
 [ 2.  7.]
 [ 6.  6.]
 [ 3.  8.]
 [10.  2.]
 [ 6.  7.]
 [ 2.  6.]
 [ 6.  6.]
 [ 3.  7.]
 [10.  2.]
 [ 6.  7.]
 [ 2.  5.]
 [ 6.  6.]
 [ 3.  6.]
 [10.  2.]
 [ 6.  7.]
 [ 2.  4.]
 [ 6.  6.]
 [ 3.  5.]
 [10.  2.]
 [ 6.  7.]
 [ 2.  3.]
 [ 6.  6.]
 [ 3.  4.]
 [10.  3.]
 [ 6.  7.]
 [ 2.  2.]
 [ 6.  6.]
 [ 3.  3.]
 [10.  4.]
 [ 6.  7.]
 [ 2.  1.]
 [ 6.  6.]
 [ 3.  2.]
 [ 9.  5.]
 [ 6.  7.]
 [ 2.  0.]
 [ 6.  6.]
 [ 3.  1.]
 [ 8.  6.]
 [ 6.  7.]
 [ 2. -1.]
 [ 6.  6.]
 [ 3.  0.]
 [ 7.  6.]
 [ 6.  7.]
 [ 2. -2.]
 [ 6.  6.]
 [ 3. -1.]
 [ 7.  6.]
 [ 6.  7.]
 [ 2. -3.]
 [ 6.  6.]
 [ 3. -2.]
 [ 7.  6.]
 [ 6.  7.]
 [ 2. -4.]
 [ 6.  6.]
 [ 3. -3.]
 [ 7.  6.]
 [ 6.  7.]
 [ 2. -5.]
 [ 6.  6.]
 [ 3. -4.]
 [ 7.  6.]
 [ 6.  7.]
 [ 2. -5.]
 [ 6.  6.]
 [ 2. -5.]
 [ 7.  6.]
 [ 6.  7.]
 [ 1. -5.]
 [ 6.  6.]
 [ 1. -5.]
 [ 7.  6.]
 [ 6.  7.]
 [ 0. -5.]
 [ 6.  6.]
 [ 0. -5.]
 [ 7.  6.]
 [ 6.  7.]
 [-1. -5.]
 [ 6.  6.]
 [-1. -5.]
 [ 7.  6.]
 [ 6.  7.]
 [-2. -5.]
 [ 6.  6.]
 [-2. -5.]
 [ 7.  6.]
 [ 6.  7.]
 [-3. -5.]
 [ 6.  6.]
 [-2. -5.]
 [ 7.  6.]
 [ 6.  7.]
 [-3. -5.]
 [ 6.  6.]
 [-3. -5.]
 [ 7.  6.]
 [ 6.  7.]
 [-4. -5.]]
