Maze:
##########################
#                        #
#                        #
#                        #
#                        #
#                        #
#     ##############     #
#     #  D         #     #
#     #            #     #
#     #            #     #
#     #C           #     #
#     #        S   #     #
#     # B   A      #     #
#     #            #     #
#     #            #     #
#     #            #     #
#     #            #     #
#     #            #     #
#     #            #     #
#     ##############     #
#                        #
#                        #
#                        #
#                        #
#                        #
##########################
[[ 9.  5.]
 [ 6.  6.]
 [ 2.  6.]
 [ 1.  4.]
 [ 3.  1.]
 [ 8.  5.]
 [ 6.  6.]
 [ 2.  5.]
 [ 1.  3.]
 [ 2.  1.]
 [ 7.  6.]
 [ 6.  6.]
 [ 2.  4.]
 [ 1.  3.]
 [ 2.  1.]
 [ 7.  6.]
 [ 6.  6.]
 [ 1.  3.]
 [ 0.  2.]
 [ 1.  2.]
 [ 7.  6.]
 [ 6.  6.]
 [ 1.  4.]
 [ 0.  1.]
 [ 1.  3.]
 [ 7.  6.]
 [ 6.  6.]
 [ 1.  5.]
 [ 0.  0.]
 [ 1.  4.]
 [ 7.  6.]
 [ 6.  6.]
 [ 1.  6.]
 [ 0.  0.]
 [ 1.  5.]
 [ 7.  6.]
 [ 6.  6.]
 [ 1.  7.]
 [ 0.  0.]
 [ 1.  6.]
 [ 7.  6.]
 [ 6.  6.]
 [ 1.  8.]
 [ 0.  0.]
 [ 1.  7.]
 [ 7.  6.]
 [ 6.  6.]
 [ 1.  9.]
 [ 0.  0.]
 [ 1.  8.]
 [ 7.  6.]
 [ 6.  6.]
 [ 1. 10.]
 [ 0.  0.]
 [ 1.  9.]
 [ 7.  6.]
 [ 6.  6.]
 [ 1. 11.]
 [ 0.  0.]
 [ 1. 10.]
 [ 7.  6.]
 [ 6.  6.]
 [ 1. 12.]
 [ 0.  0.]
 [ 1. 11.]
 [ 7.  6.]
 [ 6.  6.]
 [ 1. 13.]
 [ 0.  0.]
 [ 1. 12.]
 [ 7.  6.]
 [ 6.  6.]
 [ 1. 14.]
 [ 0.  0.]
 [ 1. 13.]
 [ 7.  6.]
 [ 6.  6.]
 [ 1. 15.]
 [ 0.  0.]
 [ 1. 14.]
 [ 7.  6.]
 [ 6.  6.]
 [ 1. 16.]
 [ 0.  0.]
 [ 1. 15.]
 [ 7.  6.]
 [ 6.  6.]
 [ 1. 17.]
 [ 0.  0.]
 [ 1. 16.]
 [ 7.  6.]
 [ 6.  6.]
 [ 1. 17.]
 [ 0.  0.]
 [ 1. 16.]]
