Maze:
##########################
#                        #
#                        #
#                        #
#                        #
#                        #
#     ##############     #
#     #    A       #     #
#     #         C  #     #
#     #            #     #
#     #            #     #
#     #            #     #
#     #  S  D      #     #
#     #            #     #
#     #        B   #     #
#     #            #     #
#     #            #     #
#     #            #     #
#     #            #     #
#     ##############     #
#                        #
#                        #
#                        #
#                        #
#                        #
##########################
[[ 3.  6.]
 [ 5.  1.]
 [ 9.  8.]
 [10.  2.]
 [ 6.  6.]
 [ 3.  6.]
 [ 6.  2.]
 [10.  8.]
 [11.  2.]
 [ 6.  6.]
 [ 4.  6.]
 [ 7.  3.]
 [11.  8.]
 [12.  2.]
 [ 6.  6.]
 [ 5.  6.]
 [ 7.  4.]
 [12.  7.]
 [13.  1.]
 [ 6.  6.]
 [ 5.  6.]
 [ 7.  5.]
 [12.  6.]
 [13.  0.]
 [ 6.  6.]
 [ 5.  6.]
 [ 7.  5.]
 [12.  5.]
 [13. -1.]
 [ 6.  6.]
 [ 5.  6.]
 [ 7.  5.]
 [12.  4.]
 [13. -2.]
 [ 6.  6.]
 [ 5.  6.]
 [ 7.  5.]
 [12.  3.]
 [13. -3.]
 [ 6.  6.]
 [ 5.  6.]
 [ 7.  5.]
 [12.  2.]
 [13. -4.]
 [ 6.  6.]
 [ 5.  6.]
 [ 7.  5.]
 [12.  1.]
 [13. -5.]
 [ 6.  6.]
 [ 5.  6.]
 [ 7.  5.]
 [12.  0.]
 [13. -5.]
 [ 6.  6.]
 [ 5.  6.]
 [ 7.  5.]
 [12. -1.]
 [13. -5.]
 [ 6.  6.]
 [ 5.  6.]
 [ 7.  5.]
 [12. -2.]
 [13. -5.]
 [ 6.  6.]
 [ 5.  6.]
 [ 7.  5.]
 [12. -3.]
 [13. -5.]
 [ 6.  6.]
 [ 5.  6.]
 [ 7.  5.]
 [12. -4.]
 [13. -5.]
 [ 6.  6.]
 [ 5.  6.]
 [ 7.  5.]
 [13. -5.]
 [14. -5.]
 [ 6.  6.]
 [ 5.  6.]
 [ 7.  5.]
 [14. -5.]
 [15. -5.]
 [ 6.  6.]
 [ 5.  6.]
 [ 7.  5.]
 [15. -5.]
 [16. -5.]
 [ 6.  6.]
 [ 5.  6.]
 [ 7.  5.]
 [16. -5.]
 [17. -5.]
 [ 6.  6.]
 [ 5.  6.]
 [ 7.  5.]
 [16. -5.]
 [17. -5.]
 [ 6.  6.]]
