Maze:
##########################
#                        #
#                        #
#                        #
#                        #
#                        #
#     ##############     #
#     #            #     #
#     #            #     #
#     #            #     #
#     #            #     #
#     #       S    #     #
#     #     D      #     #
#     #            #     #
#     #         B  #     #
#     #            #     #
#     #C           #     #
#     #            #     #
#     #    A       #     #
#     ##############     #
#                        #
#                        #
#                        #
#                        #
#                        #
##########################
[[ 8.  5.]
 [ 5. 12.]
 [10.  8.]
 [ 1. 10.]
 [ 6.  6.]
 [ 7.  5.]
 [ 4. 11.]
 [11.  9.]
 [ 0.  9.]
 [ 6.  6.]
 [ 7.  5.]
 [ 3. 10.]
 [11. 10.]
 [-1.  8.]
 [ 6.  6.]
 [ 7.  5.]
 [ 2.  9.]
 [11. 10.]
 [-2.  7.]
 [ 6.  6.]
 [ 7.  5.]
 [ 1.  8.]
 [11. 10.]
 [-3.  6.]
 [ 6.  6.]
 [ 7.  5.]
 [ 0.  7.]
 [11. 10.]
 [-4.  5.]
 [ 6.  6.]
 [ 7.  5.]
 [-1.  6.]
 [11. 10.]
 [-5.  4.]
 [ 6.  6.]
 [ 7.  5.]
 [-2.  5.]
 [11. 10.]
 [-5.  4.]
 [ 6.  6.]
 [ 7.  5.]
 [-3.  5.]
 [11. 10.]
 [-5.  4.]
 [ 6.  6.]
 [ 7.  5.]
 [-4.  5.]
 [11. 10.]
 [-5.  4.]
 [ 6.  6.]
 [ 7.  5.]
 [-5.  4.]
 [11. 10.]
 [-5.  3.]
 [ 6.  6.]
 [ 7.  5.]
 [-5.  3.]
 [11. 10.]
 [-5.  2.]
 [ 6.  6.]
 [ 7.  5.]
 [-5.  2.]
 [11. 10.]
 [-5.  1.]
 [ 6.  6.]
 [ 7.  5.]
 [-5.  1.]
 [11. 10.]
 [-5.  0.]
 [ 6.  6.]
 [ 7.  5.]
 [-5.  0.]
 [11. 10.]
 [-5. -1.]
 [ 6.  6.]
 [ 7.  5.]
 [-5. -1.]
 [11. 10.]
 [-5. -2.]
 [ 6.  6.]
 [ 7.  5.]
 [-5. -2.]
 [11. 10.]
 [-5. -3.]
 [ 6.  6.]
 [ 7.  5.]
 [-5. -3.]
 [11. 10.]
 [-5. -4.]
 [ 6.  6.]
 [ 7.  5.]
 [-5. -4.]
 [11. 10.]
 [-5. -5.]
 [ 6.  6.]
 [ 7.  5.]
 [-5. -4.]
 [11. 10.]
 [-5. -5.]
 [ 6.  6.]]
