Maze:
##########################
#                        #
#                        #
#                        #
#                        #
#                        #
#     ##############     #
#     #            #     #
#     #            #     #
#     #            #     #
#     #            #     #
#     #  D         #     #
#     #     S      #     #
#     # A          #     #
#     #            #     #
#     #    B       #     #
#     #            #     #
#     #         C  #     #
#     #            #     #
#     ##############     #
#                        #
#                        #
#                        #
#                        #
#                        #
##########################
[[ 6.  6.]
 [ 2.  7.]
 [ 5.  9.]
 [10. 11.]
 [ 3.  5.]
 [ 6.  6.]
 [ 2.  6.]
 [ 5. 10.]
 [11. 11.]
 [ 3.  4.]
 [ 6.  6.]
 [ 2.  5.]
 [ 5. 10.]
 [11. 11.]
 [ 3.  3.]
 [ 6.  6.]
 [ 2.  4.]
 [ 6. 10.]
 [11. 11.]
 [ 3.  2.]
 [ 6.  6.]
 [ 2.  3.]
 [ 7. 10.]
 [12. 11.]
 [ 3.  1.]
 [ 6.  6.]
 [ 2.  2.]
 [ 8. 10.]
 [13. 11.]
 [ 3.  0.]
 [ 6.  6.]
 [ 2.  1.]
 [ 9. 10.]
 [14. 11.]
 [ 3. -1.]
 [ 6.  6.]
 [ 2.  0.]
 [10. 10.]
 [15. 11.]
 [ 3. -2.]
 [ 6.  6.]
 [ 2. -1.]
 [11. 10.]
 [16. 11.]
 [ 3. -3.]
 [ 6.  6.]
 [ 2. -2.]
 [12. 10.]
 [17. 11.]
 [ 3. -4.]
 [ 6.  6.]
 [ 2. -3.]
 [13. 10.]
 [17. 11.]
 [ 3. -5.]
 [ 6.  6.]
 [ 2. -4.]
 [14. 10.]
 [17. 11.]
 [ 3. -5.]
 [ 6.  6.]
 [ 3. -5.]
 [15. 10.]
 [17. 11.]
 [ 4. -5.]
 [ 6.  6.]
 [ 4. -5.]
 [16. 10.]
 [17. 11.]
 [ 5. -5.]
 [ 6.  6.]
 [ 5. -5.]
 [17. 11.]
 [17. 12.]
 [ 6. -5.]
 [ 6.  6.]
 [ 6. -5.]
 [17. 12.]
 [17. 13.]
 [ 7. -5.]
 [ 6.  6.]
 [ 7. -5.]
 [17. 13.]
 [17. 14.]
 [ 8. -5.]
 [ 6.  6.]
 [ 8. -5.]
 [17. 14.]
 [17. 15.]
 [ 9. -5.]
 [ 6.  6.]
 [ 9. -5.]
 [17. 15.]
 [17. 16.]
 [10. -5.]
 [ 6.  6.]
 [10. -5.]
 [17. 16.]
 [17. 17.]
 [11. -5.]
 [ 6.  6.]
 [10. -5.]
 [17. 16.]
 [17. 17.]
 [11. -5.]
 [ 6.  6.]
 [11. -5.]
 [17. 16.]
 [17. 17.]
 [12. -5.]]
