Maze:
##########################
#                        #
#                        #
#                        #
#                        #
#                        #
#     ##############     #
#     #       C    #     #
#     #            #     #
#     #            #     #
#     #            #     #
#     #            #     #
#     #     B      #     #
#     #            #     #
#     #        S   #     #
#     #         D  #     #
#     #            #     #
#     #     A      #     #
#     #            #     #
#     ##############     #
#                        #
#                        #
#                        #
#                        #
#                        #
##########################
[[ 9.  8.]
 [ 6. 11.]
 [ 6.  6.]
 [ 8.  1.]
 [10.  9.]
 [10.  9.]
 [ 7. 11.]
 [ 6.  6.]
 [ 8.  1.]
 [11. 10.]
 [11. 10.]
 [ 8. 11.]
 [ 6.  6.]
 [ 8.  0.]
 [12. 11.]
 [11. 11.]
 [ 9. 11.]
 [ 6.  6.]
 [ 8.  0.]
 [13. 12.]
 [11. 11.]
 [ 9. 11.]
 [ 6.  6.]
 [ 8.  0.]
 [14. 12.]
 [11. 11.]
 [ 9. 11.]
 [ 6.  6.]
 [ 8.  0.]
 [15. 12.]
 [10. 11.]
 [ 9. 11.]
 [ 6.  6.]
 [ 8.  0.]
 [16. 12.]
 [10. 11.]
 [ 9. 11.]
 [ 6.  6.]
 [ 8.  0.]
 [17. 12.]
 [ 9. 11.]
 [ 8. 11.]
 [ 6.  6.]
 [ 8.  0.]
 [17. 12.]
 [ 8. 11.]
 [ 7. 11.]
 [ 6.  6.]
 [ 8.  0.]
 [17. 12.]
 [ 7. 11.]
 [ 6. 11.]
 [ 6.  6.]
 [ 8.  0.]
 [17. 12.]
 [ 6. 11.]
 [ 5. 11.]
 [ 6.  6.]
 [ 8.  0.]
 [17. 12.]
 [ 5. 11.]
 [ 4. 11.]
 [ 6.  6.]
 [ 8.  0.]
 [17. 12.]
 [ 4. 11.]
 [ 3. 11.]
 [ 6.  6.]
 [ 8.  0.]
 [17. 12.]
 [ 3. 11.]
 [ 2. 11.]
 [ 6.  6.]
 [ 8.  0.]
 [17. 12.]
 [ 2. 11.]
 [ 1. 11.]
 [ 6.  6.]
 [ 8.  0.]
 [17. 12.]
 [ 1. 11.]
 [ 0. 11.]
 [ 6.  6.]
 [ 8.  0.]
 [17. 12.]
 [ 0. 11.]
 [-1. 11.]
 [ 6.  6.]
 [ 8.  0.]
 [17. 12.]
 [-1. 11.]
 [-2. 11.]
 [ 6.  6.]
 [ 8.  0.]
 [17. 12.]
 [-2. 11.]
 [-3. 11.]
 [ 6.  6.]
 [ 8.  0.]
 [17. 12.]
 [-2. 11.]
 [-3. 11.]
 [ 6.  6.]
 [ 8.  0.]
 [17. 12.]
 [-3. 11.]
 [-4. 11.]
 [ 6.  6.]
 [ 8.  0.]
 [17. 12.]]
