Maze:
##########################
#                        #
#                        #
#                        #
#                        #
#                        #
#     ##############     #
#     #            #     #
#     #            #     #
#     #            #     #
#     # A          #     #
#     #            #     #
#     #     S      #     #
#     #C           #     #
#     #            #     #
#     #            #     #
#     #            #     #
#     #   D        #     #
#     #      B     #     #
#     ##############     #
#                        #
#                        #
#                        #
#                        #
#                        #
##########################
[[ 6.  6.]
 [ 2.  4.]
 [ 7. 12.]
 [ 1.  7.]
 [ 4. 11.]
 [ 6.  6.]
 [ 2.  5.]
 [ 8. 12.]
 [ 1.  8.]
 [ 5. 12.]
 [ 6.  6.]
 [ 2.  6.]
 [ 9. 12.]
 [ 1.  9.]
 [ 6. 12.]
 [ 6.  6.]
 [ 2.  7.]
 [10. 12.]
 [ 1. 10.]
 [ 7. 12.]
 [ 6.  6.]
 [ 2.  8.]
 [11. 12.]
 [ 1. 11.]
 [ 8. 12.]
 [ 6.  6.]
 [ 2.  9.]
 [12. 12.]
 [ 1. 12.]
 [ 9. 12.]
 [ 6.  6.]
 [ 2. 10.]
 [13. 12.]
 [ 1. 13.]
 [10. 12.]
 [ 6.  6.]
 [ 2. 11.]
 [14. 12.]
 [ 1. 14.]
 [11. 12.]
 [ 6.  6.]
 [ 2. 12.]
 [15. 12.]
 [ 1. 15.]
 [12. 12.]
 [ 6.  6.]
 [ 2. 13.]
 [16. 12.]
 [ 1. 16.]
 [13. 12.]
 [ 6.  6.]
 [ 2. 14.]
 [17. 12.]
 [ 1. 17.]
 [14. 12.]
 [ 6.  6.]
 [ 2. 15.]
 [17. 12.]
 [ 1. 17.]
 [15. 12.]
 [ 6.  6.]
 [ 2. 16.]
 [17. 12.]
 [ 1. 17.]
 [16. 12.]
 [ 6.  6.]
 [ 1. 17.]
 [17. 12.]
 [ 0. 17.]
 [16. 12.]
 [ 6.  6.]
 [ 0. 17.]
 [17. 12.]
 [-1. 17.]
 [16. 12.]
 [ 6.  6.]
 [-1. 17.]
 [17. 12.]
 [-2. 17.]
 [16. 12.]
 [ 6.  6.]
 [-2. 17.]
 [17. 12.]
 [-3. 17.]
 [16. 12.]
 [ 6.  6.]
 [-3. 17.]
 [17. 12.]
 [-4. 17.]
 [16. 12.]
 [ 6.  6.]
 [-4. 17.]
 [17. 12.]
 [-5. 17.]
 [16. 12.]
 [ 6.  6.]
 [-4. 17.]
 [17. 12.]
 [-5. 17.]
 [16. 12.]]
