Maze:
##########################
#                        #
#                        #
#                        #
#                        #
#                        #
#     ##############     #
#     #          S #     #
#     #            #     #
#     #           A#     #
#     #            #     #
#     #            #     #
#     #     B      #     #
#     #            #     #
#     #     D      #     #
#     #            #     #
#     #         C  #     #
#     #            #     #
#     #            #     #
#     ##############     #
#                        #
#                        #
#                        #
#                        #
#                        #
##########################
[[11.  1.]
 [12.  3.]
 [ 6.  6.]
 [10. 10.]
 [ 6.  8.]
 [12.  2.]
 [12.  4.]
 [ 6.  6.]
 [10. 11.]
 [ 6.  7.]
 [12.  3.]
 [12.  5.]
 [ 6.  6.]
 [10. 11.]
 [ 6.  7.]
 [12.  4.]
 [12.  6.]
 [ 6.  6.]
 [10. 12.]
 [ 6.  7.]
 [12.  5.]
 [12.  7.]
 [ 6.  6.]
 [10. 13.]
 [ 6.  7.]
 [12.  6.]
 [12.  8.]
 [ 6.  6.]
 [10. 14.]
 [ 6.  7.]
 [12.  7.]
 [12.  9.]
 [ 6.  6.]
 [10. 14.]
 [ 6.  7.]
 [12.  8.]
 [12. 10.]
 [ 6.  6.]
 [10. 15.]
 [ 6.  7.]
 [12.  9.]
 [12. 11.]
 [ 6.  6.]
 [10. 16.]
 [ 6.  7.]
 [12. 10.]
 [12. 12.]
 [ 6.  6.]
 [10. 17.]
 [ 6.  7.]
 [12. 11.]
 [12. 13.]
 [ 6.  6.]
 [10. 17.]
 [ 6.  7.]
 [12. 12.]
 [12. 14.]
 [ 6.  6.]
 [10. 17.]
 [ 6.  7.]
 [12. 13.]
 [11. 15.]
 [ 6.  6.]
 [ 9. 17.]
 [ 6.  7.]
 [12. 14.]
 [10. 16.]
 [ 6.  6.]
 [ 8. 17.]
 [ 6.  7.]
 [11. 15.]
 [ 9. 16.]
 [ 6.  6.]
 [ 7. 17.]
 [ 6.  7.]
 [10. 15.]
 [ 8. 16.]
 [ 6.  6.]
 [ 6. 17.]
 [ 6.  7.]
 [ 9. 15.]
 [ 7. 16.]
 [ 6.  6.]
 [ 5. 17.]
 [ 6.  7.]
 [ 8. 15.]
 [ 6. 16.]
 [ 6.  6.]
 [ 4. 17.]
 [ 6.  7.]
 [ 7. 15.]
 [ 5. 16.]
 [ 6.  6.]
 [ 3. 17.]
 [ 6.  7.]
 [ 6. 15.]
 [ 4. 16.]
 [ 6.  6.]
 [ 2. 17.]
 [ 6.  7.]
 [ 6. 15.]
 [ 4. 16.]
 [ 6.  6.]
 [ 2. 17.]
 [ 6.  7.]
 [ 5. 15.]
 [ 3. 16.]
 [ 6.  6.]
 [ 1. 17.]
 [ 6.  7.]]
