Maze:
##########################
#                        #
#                        #
#                        #
#                        #
#                        #
#     ##############     #
#     #            #     #
#     #            #     #
#     #            #     #
#     #  B         #     #
#     #D           #     #
#     #     S      #     #
#     #            #     #
#     #     C      #     #
#     #         A  #     #
#     #            #     #
#     #            #     #
#     #            #     #
#     ##############     #
#                        #
#                        #
#                        #
#                        #
#                        #
##########################
[[ 6.  6.]
 [10.  9.]
 [ 3.  4.]
 [ 6.  8.]
 [ 1.  5.]
 [ 6.  6.]
 [ 9.  9.]
 [ 4.  4.]
 [ 6.  7.]
 [ 2.  4.]
 [ 6.  6.]
 [ 8.  8.]
 [ 5.  4.]
 [ 6.  7.]
 [ 3.  4.]
 [ 6.  6.]
 [ 7.  8.]
 [ 6.  4.]
 [ 6.  7.]
 [ 4.  4.]
 [ 6.  6.]
 [ 7.  8.]
 [ 7.  4.]
 [ 6.  7.]
 [ 5.  3.]
 [ 6.  6.]
 [ 7.  8.]
 [ 8.  5.]
 [ 6.  7.]
 [ 6.  3.]
 [ 6.  6.]
 [ 7.  8.]
 [ 8.  6.]
 [ 6.  7.]
 [ 7.  2.]
 [ 6.  6.]
 [ 7.  8.]
 [ 7.  7.]
 [ 6.  7.]
 [ 7.  2.]
 [ 6.  6.]
 [ 7.  8.]
 [ 7.  7.]
 [ 5.  6.]
 [ 7.  1.]
 [ 6.  6.]
 [ 7.  9.]
 [ 7.  8.]
 [ 5.  6.]
 [ 7.  1.]
 [ 6.  6.]
 [ 7. 10.]
 [ 7.  9.]
 [ 5.  6.]
 [ 7.  1.]
 [ 6.  6.]
 [ 7. 11.]
 [ 7. 10.]
 [ 5.  6.]
 [ 7.  1.]
 [ 6.  6.]
 [ 7. 12.]
 [ 7. 11.]
 [ 5.  6.]
 [ 7.  1.]
 [ 6.  6.]
 [ 7. 13.]
 [ 7. 12.]
 [ 5.  6.]
 [ 7.  1.]
 [ 6.  6.]
 [ 7. 14.]
 [ 7. 13.]
 [ 5.  6.]
 [ 7.  1.]
 [ 6.  6.]
 [ 7. 15.]
 [ 7. 14.]
 [ 5.  6.]
 [ 7.  1.]
 [ 6.  6.]
 [ 7. 16.]
 [ 7. 15.]
 [ 5.  6.]
 [ 7.  1.]
 [ 6.  6.]
 [ 7. 17.]
 [ 7. 16.]
 [ 5.  6.]
 [ 7.  1.]
 [ 6.  6.]
 [ 7. 17.]
 [ 7. 16.]
 [ 5.  6.]
 [ 7.  1.]]
