Maze:
##########################
#                        #
#                        #
#                        #
#                        #
#                        #
#     ##############     #
#     #         A  #     #
#     #  D         #     #
#     #            #     #
#     #            #     #
#     #            #     #
#     #     B      #     #
#     #            #     #
#     #            #     #
#     #            #     #
#     #    S       #     #
#     #            #     #
#     #       C    #     #
#     ##############     #
#                        #
#                        #
#                        #
#                        #
#                        #
##########################
[[ 5. 10.]
 [10.  1.]
 [ 6.  6.]
 [ 8. 12.]
 [ 3.  2.]
 [ 4. 10.]
 [10.  1.]
 [ 6.  6.]
 [ 7. 12.]
 [ 3.  2.]
 [ 3. 10.]
 [10.  1.]
 [ 6.  6.]
 [ 6. 12.]
 [ 3.  2.]
 [ 2. 10.]
 [10.  1.]
 [ 6.  6.]
 [ 5. 12.]
 [ 3.  2.]
 [ 1. 10.]
 [10.  1.]
 [ 6.  6.]
 [ 4. 12.]
 [ 3.  2.]
 [ 0. 10.]
 [10.  1.]
 [ 6.  6.]
 [ 3. 12.]
 [ 3.  2.]
 [-1. 10.]
 [10.  1.]
 [ 6.  6.]
 [ 2. 12.]
 [ 3.  2.]
 [-2. 10.]
 [10.  1.]
 [ 6.  6.]
 [ 1. 12.]
 [ 3.  2.]
 [-3. 10.]
 [10.  1.]
 [ 6.  6.]
 [ 0. 12.]
 [ 3.  3.]
 [-4. 10.]
 [10.  1.]
 [ 6.  6.]
 [-1. 12.]
 [ 3.  4.]
 [-5. 10.]
 [10.  1.]
 [ 6.  6.]
 [-2. 12.]
 [ 4.  5.]
 [-5. 10.]
 [10.  1.]
 [ 6.  6.]
 [-3. 12.]
 [ 5.  6.]
 [-5.  9.]
 [10.  1.]
 [ 6.  6.]
 [-4. 11.]
 [ 5.  6.]
 [-5.  8.]
 [10.  1.]
 [ 6.  6.]
 [-4. 10.]
 [ 5.  6.]
 [-5.  7.]
 [10.  1.]
 [ 6.  6.]
 [-4.  9.]
 [ 5.  6.]
 [-5.  6.]
 [10.  1.]
 [ 6.  6.]
 [-4.  8.]
 [ 5.  6.]
 [-5.  5.]
 [10.  1.]
 [ 6.  6.]
 [-4.  7.]
 [ 5.  6.]
 [-5.  4.]
 [10.  1.]
 [ 6.  6.]
 [-4.  6.]
 [ 5.  6.]
 [-5.  3.]
 [10.  1.]
 [ 6.  6.]
 [-4.  5.]
 [ 5.  6.]
 [-5.  2.]
 [10.  1.]
 [ 6.  6.]
 [-4.  4.]
 [ 5.  6.]
 [-5.  2.]
 [10.  1.]
 [ 6.  6.]
 [-4.  4.]
 [ 5.  6.]
 [-5.  1.]
 [10.  1.]
 [ 6.  6.]
 [-4.  3.]
 [ 5.  6.]]
