Maze:
##########################
#                        #
#                        #
#                        #
#                        #
#                        #
#     ##############     #
#     #       A    #     #
#     #            #     #
#     #            #     #
#     #            #     #
#     #            #     #
#     #     S      #     #
#     #            #     #
#     # C          #     #
#     #          B #     #
#     #            #     #
#     #     D      #     #
#     #            #     #
#     ##############     #
#                        #
#                        #
#                        #
#                        #
#                        #
##########################
[[ 6.  6.]
 [ 8.  1.]
 [11.  9.]
 [ 2.  8.]
 [ 6. 11.]
 [ 6.  6.]
 [ 8.  1.]
 [11.  8.]
 [ 3.  8.]
 [ 6. 11.]
 [ 6.  6.]
 [ 8.  1.]
 [11.  7.]
 [ 4.  8.]
 [ 6. 11.]
 [ 6.  6.]
 [ 8.  1.]
 [11.  6.]
 [ 5.  7.]
 [ 6. 11.]
 [ 6.  6.]
 [ 8.  1.]
 [10.  5.]
 [ 5.  7.]
 [ 6. 11.]
 [ 6.  6.]
 [ 8.  1.]
 [ 9.  4.]
 [ 5.  7.]
 [ 6. 11.]
 [ 6.  6.]
 [ 7.  1.]
 [ 8.  3.]
 [ 5.  7.]
 [ 6. 11.]
 [ 6.  6.]
 [ 6.  0.]
 [ 7.  2.]
 [ 5.  7.]
 [ 6. 11.]
 [ 6.  6.]
 [ 5. -1.]
 [ 6.  1.]
 [ 5.  7.]
 [ 6. 11.]
 [ 6.  6.]
 [ 4. -2.]
 [ 5.  0.]
 [ 5.  7.]
 [ 6. 11.]
 [ 6.  6.]
 [ 3. -3.]
 [ 5. -1.]
 [ 5.  7.]
 [ 6. 11.]
 [ 6.  6.]
 [ 2. -4.]
 [ 4. -2.]
 [ 5.  7.]
 [ 6. 11.]
 [ 6.  6.]
 [ 1. -5.]
 [ 3. -3.]
 [ 5.  7.]
 [ 6. 11.]
 [ 6.  6.]
 [ 0. -5.]
 [ 2. -4.]
 [ 5.  7.]
 [ 6. 11.]
 [ 6.  6.]
 [-1. -5.]
 [ 1. -4.]
 [ 5.  7.]
 [ 6. 11.]
 [ 6.  6.]
 [-2. -5.]
 [ 0. -4.]
 [ 5.  7.]
 [ 6. 11.]
 [ 6.  6.]
 [-3. -5.]
 [-1. -4.]
 [ 5.  7.]
 [ 6. 11.]
 [ 6.  6.]
 [-4. -5.]
 [-2. -4.]
 [ 5.  7.]
 [ 6. 11.]
 [ 6.  6.]
 [-5. -5.]
 [-3. -4.]
 [ 5.  7.]
 [ 6. 11.]
 [ 6.  6.]
 [-5. -5.]
 [-4. -4.]
 [ 5.  7.]
 [ 6. 11.]
 [ 6.  6.]
 [-5. -5.]
 [-4. -4.]
 [ 5.  7.]
 [ 6. 11.]]
