Maze:
##########################
#                        #
#                        #
#                        #
#                        #
#                        #
#     ##############     #
#     #            #     #
#     # C          #     #
#     #            #     #
#     #     A      #     #
#     #            #     #
#     #     S      #     #
#     #D           #     #
#     #            #     #
#     #      B     #     #
#     #            #     #
#     #            #     #
#     #            #     #
#     ##############     #
#                        #
#                        #
#                        #
#                        #
#                        #
##########################
[[ 6.  6.]
 [ 6.  4.]
 [ 7.  9.]
 [ 2.  2.]
 [ 1.  7.]
 [ 6.  6.]
 [ 5.  3.]
 [ 7.  8.]
 [ 1.  2.]
 [ 0.  7.]
 [ 6.  6.]
 [ 4.  3.]
 [ 7.  7.]
 [ 0.  2.]
 [-1.  7.]
 [ 6.  6.]
 [ 3.  3.]
 [ 7.  7.]
 [-1.  2.]
 [-2.  7.]
 [ 6.  6.]
 [ 2.  3.]
 [ 7.  7.]
 [-2.  2.]
 [-3.  7.]
 [ 6.  6.]
 [ 1.  3.]
 [ 7.  7.]
 [-3.  2.]
 [-4.  7.]
 [ 6.  6.]
 [ 0.  3.]
 [ 7.  7.]
 [-4.  2.]
 [-5.  7.]
 [ 6.  6.]
 [-1.  3.]
 [ 7.  7.]
 [-5.  2.]
 [-5.  7.]
 [ 6.  6.]
 [-2.  3.]
 [ 7.  7.]
 [-5.  2.]
 [-5.  7.]
 [ 6.  6.]
 [-3.  3.]
 [ 7.  7.]
 [-5.  2.]
 [-5.  8.]
 [ 6.  6.]
 [-4.  3.]
 [ 7.  7.]
 [-5.  2.]
 [-5.  9.]
 [ 6.  6.]
 [-5.  2.]
 [ 7.  7.]
 [-5.  1.]
 [-5. 10.]
 [ 6.  6.]
 [-5.  1.]
 [ 7.  7.]
 [-5.  0.]
 [-5. 10.]
 [ 6.  6.]
 [-5.  0.]
 [ 7.  7.]
 [-5. -1.]
 [-5. 10.]
 [ 6.  6.]
 [-5. -1.]
 [ 7.  7.]
 [-5. -2.]
 [-5. 10.]
 [ 6.  6.]
 [-5. -2.]
 [ 7.  7.]
 [-5. -3.]
 [-5. 10.]
 [ 6.  6.]
 [-5. -3.]
 [ 7.  7.]
 [-5. -4.]
 [-5. 10.]
 [ 6.  6.]
 [-5. -4.]
 [ 7.  7.]
 [-5. -5.]
 [-5. 10.]
 [ 6.  6.]
 [-5. -4.]
 [ 7.  7.]
 [-5. -5.]
 [-5. 10.]]
