Maze:
##########################
#                        #
#                        #
#                        #
#                        #
#                        #
#     ##############     #
#     #           D#     #
#     #      C     #     #
#     #            #     #
#     #            #     #
#     #   S        #     #
#     #     B      #     #
#     #A           #     #
#     #            #     #
#     #            #     #
#     #            #     #
#     #            #     #
#     #            #     #
#     ##############     #
#                        #
#                        #
#                        #
#                        #
#                        #
##########################
[[ 4.  5.]
 [ 1.  7.]
 [ 6.  6.]
 [ 7.  2.]
 [12.  1.]
 [ 4.  6.]
 [ 2.  7.]
 [ 6.  6.]
 [ 6.  2.]
 [11.  1.]
 [ 4.  7.]
 [ 3.  7.]
 [ 6.  6.]
 [ 5.  2.]
 [10.  1.]
 [ 3.  7.]
 [ 2.  7.]
 [ 6.  6.]
 [ 4.  2.]
 [ 9.  1.]
 [ 2.  7.]
 [ 1.  7.]
 [ 6.  6.]
 [ 3.  2.]
 [ 8.  1.]
 [ 1.  7.]
 [ 0.  7.]
 [ 6.  6.]
 [ 2.  2.]
 [ 7.  1.]
 [ 0.  7.]
 [-1.  7.]
 [ 6.  6.]
 [ 1.  2.]
 [ 6.  1.]
 [-1.  7.]
 [-2.  7.]
 [ 6.  6.]
 [ 0.  2.]
 [ 5.  1.]
 [-2.  7.]
 [-3.  7.]
 [ 6.  6.]
 [-1.  2.]
 [ 4.  1.]
 [-3.  7.]
 [-4.  7.]
 [ 6.  6.]
 [-2.  3.]
 [ 3.  1.]
 [-4.  7.]
 [-5.  7.]
 [ 6.  6.]
 [-3.  4.]
 [ 2.  1.]
 [-4.  7.]
 [-5.  7.]
 [ 6.  6.]
 [-4.  5.]
 [ 1.  1.]
 [-5.  8.]
 [-5.  7.]
 [ 6.  6.]
 [-4.  6.]
 [ 1.  1.]
 [-5.  8.]
 [-5.  6.]
 [ 6.  6.]
 [-5.  7.]
 [ 1.  1.]
 [-5.  9.]
 [-5.  7.]
 [ 6.  6.]
 [-5.  6.]
 [ 1.  1.]
 [-5. 10.]
 [-5.  6.]
 [ 6.  6.]
 [-5.  7.]
 [ 1.  1.]
 [-5. 11.]
 [-5.  7.]
 [ 6.  6.]
 [-5.  6.]
 [ 1.  1.]
 [-5. 12.]
 [-5.  6.]
 [ 6.  6.]
 [-5.  7.]
 [ 1.  1.]
 [-5. 13.]
 [-5.  7.]
 [ 6.  6.]
 [-5.  6.]
 [ 1.  1.]
 [-5. 13.]
 [-5.  6.]
 [ 6.  6.]
 [-5.  7.]
 [ 1.  1.]
 [-5. 13.]
 [-5.  6.]
 [ 6.  6.]
 [-5.  7.]
 [ 1.  1.]
 [-5. 14.]
 [-5.  7.]
 [ 6.  6.]
 [-5.  6.]
 [ 1.  1.]]
