Maze:
##########################
#                        #
#                        #
#                        #
#                        #
#                        #
#     ##############     #
#     #   A        #     #
#     #            #     #
#     #            #     #
#     #            #     #
#     #            #     #
#     #     D      #     #
#     #    S       #     #
#     #            #     #
#     #            #     #
#     #  B         #     #
#     #        C   #     #
#     #            #     #
#     ##############     #
#                        #
#                        #
#                        #
#                        #
#                        #
##########################
[[ 5.  7.]
 [ 4.  1.]
 [ 3. 10.]
 [ 9. 11.]
 [ 6.  6.]
 [ 4.  8.]
 [ 4.  2.]
 [ 3. 11.]
 [10. 11.]
 [ 6.  6.]
 [ 3.  9.]
 [ 4.  3.]
 [ 3. 12.]
 [11. 11.]
 [ 6.  6.]
 [ 2. 10.]
 [ 5.  4.]
 [ 3. 13.]
 [11. 11.]
 [ 6.  6.]
 [ 2. 11.]
 [ 5.  5.]
 [ 3. 14.]
 [11. 11.]
 [ 6.  6.]
 [ 2. 12.]
 [ 5.  5.]
 [ 3. 15.]
 [11. 11.]
 [ 6.  6.]
 [ 2. 13.]
 [ 5.  5.]
 [ 3. 16.]
 [11. 11.]
 [ 6.  6.]
 [ 2. 14.]
 [ 5.  5.]
 [ 3. 17.]
 [11. 11.]
 [ 6.  6.]
 [ 2. 15.]
 [ 5.  5.]
 [ 3. 17.]
 [11. 11.]
 [ 6.  6.]
 [ 2. 16.]
 [ 5.  5.]
 [ 3. 17.]
 [11. 11.]
 [ 6.  6.]
 [ 3. 17.]
 [ 5.  5.]
 [ 4. 17.]
 [11. 11.]
 [ 6.  6.]
 [ 4. 17.]
 [ 5.  5.]
 [ 5. 17.]
 [11. 11.]
 [ 6.  6.]
 [ 5. 17.]
 [ 5.  5.]
 [ 6. 17.]
 [11. 11.]
 [ 6.  6.]
 [ 6. 17.]
 [ 5.  5.]
 [ 7. 17.]
 [11. 11.]
 [ 6.  6.]
 [ 7. 17.]
 [ 5.  5.]
 [ 8. 17.]
 [11. 11.]
 [ 6.  6.]
 [ 8. 17.]
 [ 5.  5.]
 [ 9. 17.]
 [11. 11.]
 [ 6.  6.]
 [ 9. 17.]
 [ 5.  5.]
 [10. 17.]
 [11. 11.]
 [ 6.  6.]
 [10. 17.]
 [ 5.  5.]
 [11. 17.]
 [11. 11.]
 [ 6.  6.]
 [11. 17.]
 [ 5.  5.]
 [12. 17.]
 [11. 11.]
 [ 6.  6.]
 [12. 17.]
 [ 5.  5.]
 [13. 17.]
 [11. 11.]
 [ 6.  6.]
 [12. 17.]
 [ 5.  5.]
 [13. 17.]
 [11. 11.]
 [ 6.  6.]
 [13. 17.]
 [ 5.  5.]
 [14. 17.]
 [11. 11.]
 [ 6.  6.]]
