Maze:
##########################
#                        #
#                        #
#                        #
#                        #
#                        #
#     ##############     #
#     # D          #     #
#     #     C      #     #
#     #            #     #
#     #            #     #
#     #            #     #
#     #     S      #     #
#     #            #     #
#     #            #     #
#     #         B  #     #
#     #            #     #
#     #  A         #     #
#     #            #     #
#     ##############     #
#                        #
#                        #
#                        #
#                        #
#                        #
##########################
[[ 6.  6.]
 [ 3. 11.]
 [10.  9.]
 [ 6.  2.]
 [ 2.  1.]
 [ 6.  6.]
 [ 3. 11.]
 [11.  9.]
 [ 7.  2.]
 [ 3.  1.]
 [ 6.  6.]
 [ 3. 11.]
 [11.  9.]
 [ 8.  2.]
 [ 4.  1.]
 [ 6.  6.]
 [ 3. 11.]
 [11.  9.]
 [ 9.  2.]
 [ 5.  1.]
 [ 6.  6.]
 [ 3. 11.]
 [11.  9.]
 [10.  2.]
 [ 6.  1.]
 [ 6.  6.]
 [ 3. 11.]
 [11.  9.]
 [11.  2.]
 [ 7.  1.]
 [ 6.  6.]
 [ 3. 11.]
 [12.  9.]
 [12.  2.]
 [ 8.  1.]
 [ 6.  6.]
 [ 3. 11.]
 [12.  9.]
 [13.  2.]
 [ 9.  1.]
 [ 6.  6.]
 [ 3. 11.]
 [12.  9.]
 [14.  2.]
 [10.  1.]
 [ 6.  6.]
 [ 3. 11.]
 [12.  9.]
 [15.  2.]
 [11.  1.]
 [ 6.  6.]
 [ 3. 11.]
 [13.  9.]
 [16.  2.]
 [12.  1.]
 [ 6.  6.]
 [ 3. 11.]
 [13.  9.]
 [17.  2.]
 [13.  1.]
 [ 6.  6.]
 [ 3. 11.]
 [13.  9.]
 [17.  2.]
 [14.  1.]
 [ 6.  6.]
 [ 3. 11.]
 [13.  9.]
 [17.  2.]
 [15.  1.]
 [ 6.  6.]
 [ 3. 11.]
 [14.  9.]
 [17.  2.]
 [16.  1.]
 [ 6.  6.]
 [ 3. 11.]
 [14.  9.]
 [17.  3.]
 [17.  2.]
 [ 6.  6.]
 [ 3. 11.]
 [14.  9.]
 [17.  4.]
 [17.  3.]
 [ 6.  6.]
 [ 3. 11.]
 [15.  9.]
 [17.  5.]
 [17.  4.]
 [ 6.  6.]
 [ 3. 11.]
 [16.  8.]
 [17.  6.]
 [17.  5.]
 [ 6.  6.]
 [ 3. 11.]
 [16.  7.]
 [17.  7.]
 [17.  6.]
 [ 6.  6.]
 [ 3. 11.]
 [16.  7.]
 [17.  7.]
 [17.  6.]
 [ 6.  6.]
 [ 3. 11.]
 [16.  7.]
 [17.  8.]
 [17.  6.]]
