Maze:
##########################
#                        #
#                        #
#                        #
#                        #
#                        #
#     ##############     #
#     #            #     #
#     #           A#     #
#     #            #     #
#     #            #     #
#     #            #     #
#     #   C S      #     #
#     #            #     #
#     #  D         #     #
#     #B           #     #
#     #            #     #
#     #            #     #
#     #            #     #
#     ##############     #
#                        #
#                        #
#                        #
#                        #
#                        #
##########################
[[ 6.  6.]
 [12.  2.]
 [ 1.  9.]
 [ 4.  6.]
 [ 3.  8.]
 [ 6.  6.]
 [12.  2.]
 [ 2.  8.]
 [ 5.  5.]
 [ 3.  7.]
 [ 6.  6.]
 [12.  2.]
 [ 3.  7.]
 [ 6.  5.]
 [ 4.  6.]
 [ 6.  6.]
 [12.  2.]
 [ 4.  6.]
 [ 7.  5.]
 [ 4.  5.]
 [ 6.  6.]
 [11.  2.]
 [ 4.  5.]
 [ 8.  5.]
 [ 4.  4.]
 [ 6.  6.]
 [10.  2.]
 [ 4.  4.]
 [ 9.  5.]
 [ 4.  3.]
 [ 6.  6.]
 [ 9.  2.]
 [ 4.  3.]
 [10.  4.]
 [ 4.  2.]
 [ 6.  6.]
 [ 8.  3.]
 [ 4.  2.]
 [10.  3.]
 [ 4.  1.]
 [ 6.  6.]
 [ 7.  2.]
 [ 4.  1.]
 [ 9.  3.]
 [ 4.  0.]
 [ 6.  6.]
 [ 6.  2.]
 [ 4.  0.]
 [ 8.  3.]
 [ 4. -1.]
 [ 6.  6.]
 [ 5.  1.]
 [ 4. -1.]
 [ 7.  3.]
 [ 4. -2.]
 [ 6.  6.]
 [ 5.  0.]
 [ 4. -2.]
 [ 6.  3.]
 [ 4. -3.]
 [ 6.  6.]
 [ 5. -1.]
 [ 4. -3.]
 [ 6.  2.]
 [ 4. -4.]
 [ 6.  6.]
 [ 5. -2.]
 [ 4. -4.]
 [ 6.  1.]
 [ 4. -5.]
 [ 6.  6.]
 [ 5. -3.]
 [ 4. -4.]
 [ 6.  0.]
 [ 4. -5.]
 [ 6.  6.]
 [ 4. -4.]
 [ 4. -4.]
 [ 6. -1.]
 [ 4. -5.]
 [ 6.  6.]
 [ 4. -4.]
 [ 4. -4.]
 [ 6.  0.]
 [ 4. -5.]
 [ 6.  6.]
 [ 4. -4.]
 [ 4. -4.]
 [ 6.  1.]
 [ 4. -5.]
 [ 6.  6.]
 [ 4. -4.]
 [ 4. -4.]
 [ 6.  2.]
 [ 4. -5.]
 [ 6.  6.]
 [ 4. -4.]
 [ 4. -4.]
 [ 6.  3.]
 [ 4. -5.]
 [ 6.  6.]
 [ 4. -4.]
 [ 4. -4.]
 [ 6.  3.]
 [ 4. -5.]
 [ 6.  6.]
 [ 4. -4.]
 [ 4. -4.]
 [ 6.  4.]
 [ 4. -5.]]
