Maze:
##########################
#                        #
#                        #
#                        #
#                        #
#                        #
#     ##############     #
#     #            #     #
#     #  A         #     #
#     #            #     #
#     #            #     #
#     #B           #     #
#     #     S      #     #
#     #            #     #
#     #            #     #
#     #   C        #     #
#     #            #     #
#     #          D #     #
#     #            #     #
#     ##############     #
#                        #
#                        #
#                        #
#                        #
#                        #
##########################
[[ 6.  6.]
 [ 3.  2.]
 [ 1.  5.]
 [ 4.  9.]
 [11. 11.]
 [ 6.  6.]
 [ 3.  3.]
 [ 1.  5.]
 [ 5. 10.]
 [11. 11.]
 [ 6.  6.]
 [ 2.  4.]
 [ 1.  6.]
 [ 6. 10.]
 [12. 11.]
 [ 6.  6.]
 [ 2.  5.]
 [ 1.  7.]
 [ 7. 10.]
 [13. 11.]
 [ 6.  6.]
 [ 2.  6.]
 [ 1.  8.]
 [ 8. 10.]
 [14. 11.]
 [ 6.  6.]
 [ 2.  7.]
 [ 1.  9.]
 [ 9. 10.]
 [14. 11.]
 [ 6.  6.]
 [ 2.  8.]
 [ 1. 10.]
 [10. 10.]
 [15. 11.]
 [ 6.  6.]
 [ 2.  9.]
 [ 1. 11.]
 [11. 10.]
 [16. 11.]
 [ 6.  6.]
 [ 2. 10.]
 [ 1. 12.]
 [11. 10.]
 [17. 11.]
 [ 6.  6.]
 [ 2. 11.]
 [ 1. 13.]
 [11. 10.]
 [17. 11.]
 [ 6.  6.]
 [ 2. 12.]
 [ 1. 14.]
 [11. 10.]
 [17. 11.]
 [ 6.  6.]
 [ 2. 13.]
 [ 1. 15.]
 [11. 10.]
 [17. 11.]
 [ 6.  6.]
 [ 2. 14.]
 [ 1. 16.]
 [11. 10.]
 [17. 11.]
 [ 6.  6.]
 [ 2. 15.]
 [ 1. 17.]
 [11. 10.]
 [17. 11.]
 [ 6.  6.]
 [ 2. 16.]
 [ 1. 17.]
 [11. 10.]
 [17. 11.]
 [ 6.  6.]
 [ 1. 17.]
 [ 0. 17.]
 [11. 10.]
 [17. 11.]
 [ 6.  6.]
 [ 0. 17.]
 [-1. 17.]
 [11. 10.]
 [17. 11.]
 [ 6.  6.]
 [-1. 17.]
 [-2. 17.]
 [11. 10.]
 [17. 11.]
 [ 6.  6.]
 [-2. 17.]
 [-3. 17.]
 [11. 10.]
 [17. 11.]
 [ 6.  6.]
 [-3. 17.]
 [-4. 17.]
 [11. 10.]
 [17. 11.]
 [ 6.  6.]
 [-3. 17.]
 [-4. 17.]
 [11. 10.]
 [17. 11.]
 [ 6.  6.]
 [-4. 17.]
 [-5. 17.]
 [11. 10.]
 [17. 11.]]
