Maze:
##########################
#                        #
#                        #
#                        #
#                        #
#                        #
#     ##############     #
#     #   S        #     #
#     # D          #     #
#     #      C     #     #
#     #            #     #
#     #            #     #
#     #     B      #     #
#     #            #     #
#     #            #     #
#     #            #     #
#     #            #     #
#     #            #     #
#     #A           #     #
#     ##############     #
#                        #
#                        #
#                        #
#                        #
#                        #
##########################
[[ 4.  1.]
 [ 1. 12.]
 [ 6.  6.]
 [ 7.  3.]
 [ 2.  2.]
 [ 3.  1.]
 [ 1. 12.]
 [ 6.  6.]
 [ 7.  2.]
 [ 1.  2.]
 [ 2.  1.]
 [ 1. 12.]
 [ 6.  6.]
 [ 7.  1.]
 [ 0.  2.]
 [ 1.  1.]
 [ 1. 12.]
 [ 6.  6.]
 [ 7.  0.]
 [-1.  2.]
 [ 0.  1.]
 [ 1. 12.]
 [ 6.  6.]
 [ 7. -1.]
 [-2.  2.]
 [-1.  1.]
 [ 1. 12.]
 [ 6.  6.]
 [ 7. -1.]
 [-3.  2.]
 [-2.  1.]
 [ 1. 12.]
 [ 6.  6.]
 [ 7. -2.]
 [-4.  2.]
 [-3.  1.]
 [ 1. 12.]
 [ 6.  6.]
 [ 7. -2.]
 [-5.  2.]
 [-4.  1.]
 [ 1. 12.]
 [ 6.  6.]
 [ 7. -2.]
 [-5.  2.]
 [-5.  2.]
 [ 1. 12.]
 [ 6.  6.]
 [ 7. -2.]
 [-5.  3.]
 [-5.  3.]
 [ 1. 12.]
 [ 6.  6.]
 [ 7. -2.]
 [-5.  4.]
 [-5.  4.]
 [ 1. 12.]
 [ 6.  6.]
 [ 7. -2.]
 [-5.  5.]
 [-5.  5.]
 [ 1. 12.]
 [ 6.  6.]
 [ 7. -2.]
 [-5.  6.]
 [-5.  6.]
 [ 1. 12.]
 [ 6.  6.]
 [ 7. -2.]
 [-5.  7.]
 [-5.  7.]
 [ 1. 12.]
 [ 6.  6.]
 [ 7. -2.]
 [-5.  8.]
 [-5.  8.]
 [ 1. 12.]
 [ 6.  6.]
 [ 7. -2.]
 [-5.  9.]
 [-5.  9.]
 [ 1. 12.]
 [ 6.  6.]
 [ 7. -2.]
 [-5. 10.]
 [-5. 10.]
 [ 1. 12.]
 [ 6.  6.]
 [ 7. -2.]
 [-5. 11.]
 [-5. 11.]
 [ 0. 12.]
 [ 6.  6.]
 [ 7. -2.]
 [-5. 12.]
 [-5. 12.]
 [-1. 12.]
 [ 6.  6.]
 [ 7. -2.]
 [-5. 13.]
 [-5. 12.]
 [-1. 12.]
 [ 6.  6.]
 [ 7. -2.]
 [-5. 13.]
 [-5. 13.]
 [-2. 12.]
 [ 6.  6.]
 [ 7. -2.]
 [-5. 14.]]
