Maze:
##########################
#                        #
#                        #
#                        #
#                        #
#                        #
#     ##############     #
#     #            #     #
#     #            #     #
#     #            #     #
#     #            #     #
#     #            #     #
#     #     C     D#     #
#     #            #     #
#     #            #     #
#     #         B  #     #
#     #        A   #     #
#     #          S #     #
#     #            #     #
#     ##############     #
#                        #
#                        #
#                        #
#                        #
#                        #
##########################
[[11. 11.]
 [ 9. 10.]
 [10.  9.]
 [ 6.  6.]
 [12.  6.]
 [11. 11.]
 [ 9. 10.]
 [ 9.  9.]
 [ 6.  6.]
 [13.  5.]
 [10. 10.]
 [ 9.  9.]
 [ 9. 10.]
 [ 6.  6.]
 [14.  5.]
 [10. 10.]
 [ 9.  9.]
 [ 8.  9.]
 [ 6.  6.]
 [14.  5.]
 [10. 10.]
 [ 8. 10.]
 [ 8.  9.]
 [ 6.  6.]
 [14.  5.]
 [ 9. 10.]
 [ 8.  9.]
 [ 8. 10.]
 [ 6.  6.]
 [14.  5.]
 [ 9. 10.]
 [ 8.  9.]
 [ 7.  9.]
 [ 6.  6.]
 [14.  5.]
 [ 9. 10.]
 [ 7. 10.]
 [ 7.  9.]
 [ 6.  6.]
 [14.  5.]
 [ 8. 10.]
 [ 7.  9.]
 [ 7. 10.]
 [ 6.  6.]
 [14.  5.]
 [ 8. 10.]
 [ 7.  9.]
 [ 6.  9.]
 [ 6.  6.]
 [14.  5.]
 [ 8. 10.]
 [ 6. 10.]
 [ 6.  9.]
 [ 6.  6.]
 [14.  5.]
 [ 7. 10.]
 [ 6.  9.]
 [ 6. 10.]
 [ 6.  6.]
 [14.  5.]
 [ 7. 10.]
 [ 6.  9.]
 [ 5.  9.]
 [ 6.  6.]
 [14.  5.]
 [ 7. 10.]
 [ 5. 10.]
 [ 5.  9.]
 [ 6.  6.]
 [14.  5.]
 [ 6. 10.]
 [ 5.  9.]
 [ 5. 10.]
 [ 6.  6.]
 [14.  5.]
 [ 6. 10.]
 [ 5.  9.]
 [ 4.  9.]
 [ 6.  6.]
 [14.  5.]
 [ 6. 10.]
 [ 4. 10.]
 [ 4.  9.]
 [ 6.  6.]
 [14.  5.]
 [ 5. 10.]
 [ 4.  9.]
 [ 4. 10.]
 [ 6.  6.]
 [14.  5.]
 [ 5. 10.]
 [ 4.  9.]
 [ 3.  9.]
 [ 6.  6.]
 [14.  5.]
 [ 5. 10.]
 [ 3. 10.]
 [ 3.  9.]
 [ 6.  6.]
 [14.  5.]
 [ 5. 10.]
 [ 3. 10.]
 [ 3.  9.]
 [ 6.  6.]
 [14.  5.]
 [ 4. 10.]
 [ 3.  9.]
 [ 3. 10.]
 [ 6.  6.]
 [14.  5.]]
