Maze:
##########################
#                        #
#                        #
#                        #
#                        #
#                        #
#     ##############     #
#     #            #     #
#     #            #     #
#     #            #     #
#     #            #     #
#     #          D #     #
#     #C    A      #     #
#     #            #     #
#     #            #     #
#     #            #     #
#     #      S     #     #
#     #            #     #
#     #    B       #     #
#     ##############     #
#                        #
#                        #
#                        #
#                        #
#                        #
##########################
[[ 7. 10.]
 [ 6.  6.]
 [ 5. 12.]
 [ 1.  6.]
 [11.  5.]
 [ 6. 10.]
 [ 6.  6.]
 [ 5. 12.]
 [ 1.  6.]
 [11.  5.]
 [ 6. 11.]
 [ 6.  6.]
 [ 5. 13.]
 [ 1.  6.]
 [11.  5.]
 [ 6. 12.]
 [ 6.  6.]
 [ 5. 14.]
 [ 1.  6.]
 [11.  5.]
 [ 6. 13.]
 [ 6.  6.]
 [ 5. 15.]
 [ 1.  6.]
 [11.  5.]
 [ 6. 14.]
 [ 6.  6.]
 [ 5. 16.]
 [ 1.  6.]
 [11.  5.]
 [ 6. 15.]
 [ 6.  6.]
 [ 5. 17.]
 [ 1.  6.]
 [11.  5.]
 [ 6. 16.]
 [ 6.  6.]
 [ 5. 17.]
 [ 0.  6.]
 [11.  5.]
 [ 5. 17.]
 [ 6.  6.]
 [ 4. 17.]
 [ 0.  6.]
 [11.  5.]
 [ 4. 17.]
 [ 6.  6.]
 [ 3. 17.]
 [ 0.  6.]
 [11.  5.]
 [ 3. 17.]
 [ 6.  6.]
 [ 2. 17.]
 [ 0.  6.]
 [11.  5.]
 [ 2. 17.]
 [ 6.  6.]
 [ 1. 17.]
 [ 0.  6.]
 [11.  5.]
 [ 1. 17.]
 [ 6.  6.]
 [ 0. 17.]
 [ 0.  6.]
 [11.  5.]
 [ 0. 17.]
 [ 6.  6.]
 [-1. 17.]
 [ 0.  6.]
 [11.  5.]
 [-1. 17.]
 [ 6.  6.]
 [-2. 17.]
 [ 0.  6.]
 [11.  5.]
 [-2. 17.]
 [ 6.  6.]
 [-3. 17.]
 [ 0.  6.]
 [11.  5.]
 [-3. 17.]
 [ 6.  6.]
 [-4. 17.]
 [ 0.  6.]
 [11.  5.]
 [-4. 17.]
 [ 6.  6.]
 [-5. 17.]
 [ 0.  6.]
 [11.  5.]
 [-4. 17.]
 [ 6.  6.]
 [-5. 17.]
 [ 0.  6.]
 [11.  5.]]
