Maze:
##########################
#                        #
#                        #
#                        #
#                        #
#                        #
#     ##############     #
#     #   S        #     #
#     #            #     #
#     #            #     #
#     #            #     #
#     #A           #     #
#     #     C      #     #
#     #            #     #
#     #  D         #     #
#     #            #     #
#     #            #     #
#     #            #     #
#     # B          #     #
#     ##############     #
#                        #
#                        #
#                        #
#                        #
#                        #
##########################
[[ 4.  1.]
 [ 1.  5.]
 [ 2. 12.]
 [ 6.  6.]
 [ 3.  8.]
 [ 4.  1.]
 [ 1.  4.]
 [ 2. 11.]
 [ 6.  6.]
 [ 3.  7.]
 [ 4.  1.]
 [ 1.  3.]
 [ 2. 10.]
 [ 6.  6.]
 [ 3.  6.]
 [ 4.  1.]
 [ 1.  2.]
 [ 2.  9.]
 [ 6.  6.]
 [ 3.  5.]
 [ 3.  1.]
 [ 2.  1.]
 [ 2.  8.]
 [ 6.  6.]
 [ 3.  4.]
 [ 2.  1.]
 [ 3.  1.]
 [ 1.  7.]
 [ 6.  6.]
 [ 3.  3.]
 [ 3.  1.]
 [ 2.  1.]
 [ 1.  6.]
 [ 6.  6.]
 [ 3.  2.]
 [ 2.  1.]
 [ 2.  1.]
 [ 1.  5.]
 [ 6.  6.]
 [ 3.  2.]
 [ 2.  1.]
 [ 2.  1.]
 [ 1.  4.]
 [ 6.  6.]
 [ 3.  2.]
 [ 2.  1.]
 [ 2.  1.]
 [ 1.  3.]
 [ 6.  6.]
 [ 3.  1.]
 [ 2.  1.]
 [ 2.  1.]
 [ 2.  2.]
 [ 6.  6.]
 [ 3.  1.]
 [ 2.  1.]
 [ 2.  1.]
 [ 3.  1.]
 [ 6.  6.]
 [ 2.  0.]
 [ 2.  1.]
 [ 2.  1.]
 [ 2.  0.]
 [ 6.  6.]
 [ 1.  1.]
 [ 2.  1.]
 [ 2.  1.]
 [ 1.  1.]
 [ 6.  6.]
 [ 2.  2.]
 [ 2.  1.]
 [ 2.  1.]
 [ 2.  2.]
 [ 6.  6.]
 [ 3.  1.]
 [ 2.  1.]
 [ 2.  1.]
 [ 3.  1.]
 [ 6.  6.]
 [ 2.  0.]
 [ 2.  1.]
 [ 2.  1.]
 [ 2.  0.]
 [ 6.  6.]
 [ 1.  1.]
 [ 2.  1.]
 [ 2.  1.]
 [ 1.  1.]
 [ 6.  6.]
 [ 2.  2.]
 [ 2.  1.]
 [ 2.  1.]
 [ 2.  2.]
 [ 6.  6.]
 [ 3.  1.]
 [ 2.  1.]
 [ 2.  1.]
 [ 3.  1.]
 [ 6.  6.]
 [ 2.  0.]
 [ 2.  1.]
 [ 2.  1.]
 [ 3.  1.]
 [ 6.  6.]
 [ 2.  0.]
 [ 2.  1.]
 [ 2.  1.]
 [ 2.  0.]
 [ 6.  6.]
 [ 1.  1.]]
