Maze:
##########################
#                        #
#                        #
#                        #
#                        #
#                        #
#     ##############     #
#     #            #     #
#     #            #     #
#     #   D        #     #
#     # B          #     #
#     #            #     #
#     #     A      #     #
#     #            #     #
#     #S           #     #
#     #            #     #
#     #            #     #
#     #            #     #
#     #    C       #     #
#     ##############     #
#                        #
#                        #
#                        #
#                        #
#                        #
##########################
[[ 1.  8.]
 [ 6.  6.]
 [ 2.  4.]
 [ 5. 12.]
 [ 4.  3.]
 [ 1.  8.]
 [ 6.  6.]
 [ 3.  3.]
 [ 5. 12.]
 [ 5.  3.]
 [ 1.  8.]
 [ 6.  6.]
 [ 4.  3.]
 [ 5. 12.]
 [ 6.  3.]
 [ 1.  8.]
 [ 6.  6.]
 [ 5.  3.]
 [ 5. 12.]
 [ 7.  3.]
 [ 1.  8.]
 [ 6.  6.]
 [ 6.  3.]
 [ 5. 12.]
 [ 8.  3.]
 [ 1.  8.]
 [ 6.  6.]
 [ 7.  3.]
 [ 4. 12.]
 [ 9.  3.]
 [ 1.  8.]
 [ 6.  6.]
 [ 8.  3.]
 [ 3. 12.]
 [10.  3.]
 [ 1.  8.]
 [ 6.  6.]
 [ 9.  3.]
 [ 2. 11.]
 [11.  3.]
 [ 1.  8.]
 [ 6.  6.]
 [10.  3.]
 [ 2. 10.]
 [12.  3.]
 [ 1.  7.]
 [ 6.  6.]
 [11.  3.]
 [ 1.  9.]
 [13.  3.]
 [ 1.  6.]
 [ 6.  6.]
 [12.  3.]
 [ 1.  8.]
 [14.  3.]
 [ 1.  5.]
 [ 6.  6.]
 [13.  3.]
 [ 1.  7.]
 [15.  3.]
 [ 1.  4.]
 [ 6.  6.]
 [14.  3.]
 [ 1.  6.]
 [16.  3.]
 [ 1.  3.]
 [ 6.  6.]
 [15.  3.]
 [ 1.  5.]
 [17.  3.]
 [ 1.  2.]
 [ 6.  6.]
 [16.  3.]
 [ 1.  4.]
 [17.  3.]
 [ 1.  1.]
 [ 6.  6.]
 [16.  3.]
 [ 1.  3.]
 [17.  3.]
 [ 1.  0.]
 [ 6.  6.]
 [16.  3.]
 [ 1.  2.]
 [17.  3.]
 [ 1. -1.]
 [ 6.  6.]
 [16.  3.]
 [ 1.  1.]
 [17.  3.]
 [ 1. -2.]
 [ 6.  6.]
 [16.  3.]
 [ 1.  0.]
 [17.  3.]
 [ 1. -3.]
 [ 6.  6.]
 [16.  3.]
 [ 1. -1.]
 [17.  3.]
 [ 1. -3.]
 [ 6.  6.]
 [16.  3.]
 [ 1. -1.]
 [17.  3.]
 [ 1. -4.]
 [ 6.  6.]
 [16.  3.]
 [ 1. -2.]
 [17.  3.]]
