Maze:
##########################
#                        #
#                        #
#                        #
#                        #
#                        #
#     ##############     #
#     #            #     #
#     # S          #     #
#     #            #     #
#     #            #     #
#     #            #     #
#     #     C      #     #
#     #            #     #
#     #      D     #     #
#     #            #     #
#     #A           #     #
#     #        B   #     #
#     #            #     #
#     ##############     #
#                        #
#                        #
#                        #
#                        #
#                        #
##########################
[[ 2.  2.]
 [ 1. 10.]
 [ 9. 11.]
 [ 6.  6.]
 [ 7.  8.]
 [ 2.  2.]
 [ 1. 10.]
 [ 8. 10.]
 [ 6.  6.]
 [ 6.  8.]
 [ 2.  2.]
 [ 0. 10.]
 [ 7.  9.]
 [ 6.  6.]
 [ 5.  8.]
 [ 2.  2.]
 [ 0. 10.]
 [ 6.  9.]
 [ 6.  6.]
 [ 4.  8.]
 [ 2.  2.]
 [-1. 10.]
 [ 5.  9.]
 [ 6.  6.]
 [ 3.  8.]
 [ 2.  2.]
 [-1. 10.]
 [ 4.  9.]
 [ 6.  6.]
 [ 2.  8.]
 [ 2.  2.]
 [-2. 11.]
 [ 3.  9.]
 [ 6.  6.]
 [ 1.  8.]
 [ 2.  2.]
 [-2. 11.]
 [ 2.  9.]
 [ 6.  6.]
 [ 0.  8.]
 [ 2.  2.]
 [-2. 12.]
 [ 1.  9.]
 [ 6.  6.]
 [-1.  8.]
 [ 2.  2.]
 [-1. 12.]
 [ 0.  9.]
 [ 6.  6.]
 [-2.  8.]
 [ 2.  2.]
 [ 0. 11.]
 [-1.  9.]
 [ 6.  6.]
 [-3.  8.]
 [ 2.  2.]
 [ 0. 10.]
 [-2.  9.]
 [ 6.  6.]
 [-4.  8.]
 [ 2.  2.]
 [-1. 10.]
 [-3.  9.]
 [ 6.  6.]
 [-5.  8.]
 [ 2.  2.]
 [-2. 10.]
 [-4.  9.]
 [ 6.  6.]
 [-5.  8.]
 [ 2.  2.]
 [-3. 10.]
 [-5.  8.]
 [ 6.  6.]
 [-5.  7.]
 [ 2.  2.]
 [-4.  9.]
 [-5.  7.]
 [ 6.  6.]
 [-5.  6.]
 [ 2.  2.]
 [-5.  8.]
 [-5.  6.]
 [ 6.  6.]
 [-5.  5.]
 [ 2.  2.]
 [-5.  7.]
 [-5.  5.]
 [ 6.  6.]
 [-5.  4.]
 [ 2.  2.]
 [-5.  6.]
 [-5.  4.]
 [ 6.  6.]
 [-5.  3.]
 [ 2.  2.]
 [-5.  5.]
 [-5.  3.]
 [ 6.  6.]
 [-5.  2.]
 [ 2.  2.]
 [-5.  5.]
 [-5.  3.]
 [ 6.  6.]
 [-5.  2.]
 [ 2.  2.]
 [-5.  4.]
 [-5.  2.]
 [ 6.  6.]
 [-5.  1.]]
