Maze:
##########################
#                        #
#                        #
#                        #
#                        #
#                        #
#     ##############     #
#     #        D   #     #
#     #            #     #
#     #            #     #
#     #            #     #
#     #         S  #     #
#     #     C      #     #
#     #            #     #
#     #           A#     #
#     #   B        #     #
#     #            #     #
#     #            #     #
#     #            #     #
#     ##############     #
#                        #
#                        #
#                        #
#                        #
#                        #
##########################
[[10.  5.]
 [12.  8.]
 [ 4.  9.]
 [ 6.  6.]
 [ 9.  1.]
 [10.  5.]
 [11.  7.]
 [ 3. 10.]
 [ 6.  6.]
 [10.  2.]
 [10.  5.]
 [11.  7.]
 [ 3. 11.]
 [ 6.  6.]
 [10.  3.]
 [10.  5.]
 [11.  7.]
 [ 3. 11.]
 [ 6.  6.]
 [10.  4.]
 [11.  6.]
 [10.  6.]
 [ 3. 11.]
 [ 6.  6.]
 [10.  5.]
 [10.  6.]
 [11.  7.]
 [ 3. 11.]
 [ 6.  6.]
 [11.  6.]
 [11.  7.]
 [10.  8.]
 [ 3. 11.]
 [ 6.  6.]
 [10.  6.]
 [10.  8.]
 [11.  8.]
 [ 3. 11.]
 [ 6.  6.]
 [11.  7.]
 [11.  8.]
 [10.  9.]
 [ 3. 11.]
 [ 6.  6.]
 [10.  8.]
 [10.  9.]
 [11. 10.]
 [ 3. 11.]
 [ 6.  6.]
 [11.  8.]
 [11. 10.]
 [10. 10.]
 [ 3. 11.]
 [ 6.  6.]
 [10.  9.]
 [10. 10.]
 [11. 11.]
 [ 3. 11.]
 [ 6.  6.]
 [11. 10.]
 [11. 11.]
 [10. 12.]
 [ 3. 12.]
 [ 6.  6.]
 [10. 10.]
 [10. 12.]
 [11. 12.]
 [ 3. 12.]
 [ 6.  6.]
 [11. 11.]
 [11. 12.]
 [10. 13.]
 [ 3. 12.]
 [ 6.  6.]
 [10. 12.]
 [10. 13.]
 [11. 14.]
 [ 3. 12.]
 [ 6.  6.]
 [11. 12.]
 [11. 14.]
 [10. 14.]
 [ 3. 12.]
 [ 6.  6.]
 [10. 13.]
 [10. 14.]
 [11. 15.]
 [ 3. 13.]
 [ 6.  6.]
 [11. 14.]
 [11. 15.]
 [10. 16.]
 [ 3. 13.]
 [ 6.  6.]
 [10. 14.]
 [10. 16.]
 [11. 16.]
 [ 3. 13.]
 [ 6.  6.]
 [11. 15.]
 [10. 16.]
 [11. 16.]
 [ 3. 13.]
 [ 6.  6.]
 [11. 15.]
 [11. 16.]
 [10. 17.]
 [ 3. 13.]
 [ 6.  6.]
 [10. 16.]]
