Maze:
##########################
#                        #
#                        #
#                        #
#                        #
#                        #
#     ##############     #
#     #            #     #
#     #  B         #     #
#     #            #     #
#     #            #     #
#     #            #     #
#     #     D      #     #
#     #            #     #
#     #      S     #     #
#     #   C        #     #
#     #            #     #
#     #            #     #
#     #A           #     #
#     ##############     #
#                        #
#                        #
#                        #
#                        #
#                        #
##########################
[[ 7.  8.]
 [ 1. 12.]
 [ 3.  2.]
 [ 4.  9.]
 [ 6.  6.]
 [ 7.  8.]
 [ 1. 12.]
 [ 3.  2.]
 [ 5.  9.]
 [ 6.  6.]
 [ 7.  8.]
 [ 1. 12.]
 [ 3.  2.]
 [ 6.  9.]
 [ 6.  6.]
 [ 8.  7.]
 [ 1. 12.]
 [ 3.  2.]
 [ 7.  8.]
 [ 6.  6.]
 [ 9.  6.]
 [ 1. 12.]
 [ 3.  2.]
 [ 8.  8.]
 [ 6.  6.]
 [ 9.  5.]
 [ 1. 12.]
 [ 3.  2.]
 [ 9.  8.]
 [ 6.  6.]
 [ 9.  5.]
 [ 1. 12.]
 [ 3.  2.]
 [10.  7.]
 [ 6.  6.]
 [ 9.  4.]
 [ 1. 12.]
 [ 3.  3.]
 [10.  6.]
 [ 6.  6.]
 [ 9.  3.]
 [ 1. 12.]
 [ 3.  4.]
 [10.  5.]
 [ 6.  6.]
 [ 9.  3.]
 [ 1. 12.]
 [ 4.  5.]
 [10.  4.]
 [ 6.  6.]
 [ 8.  2.]
 [ 1. 12.]
 [ 5.  6.]
 [ 9.  3.]
 [ 6.  6.]
 [ 7.  1.]
 [ 1. 12.]
 [ 5.  6.]
 [ 8.  2.]
 [ 6.  6.]
 [ 6.  0.]
 [ 1. 12.]
 [ 5.  6.]
 [ 7.  1.]
 [ 6.  6.]
 [ 5. -1.]
 [ 1. 12.]
 [ 5.  6.]
 [ 6.  0.]
 [ 6.  6.]
 [ 4. -2.]
 [ 1. 12.]
 [ 5.  6.]
 [ 5. -1.]
 [ 6.  6.]
 [ 3. -3.]
 [ 1. 12.]
 [ 5.  6.]
 [ 4. -2.]
 [ 6.  6.]
 [ 2. -4.]
 [ 1. 12.]
 [ 5.  6.]
 [ 3. -3.]
 [ 6.  6.]
 [ 1. -5.]
 [ 1. 12.]
 [ 5.  6.]
 [ 2. -4.]
 [ 6.  6.]
 [ 0. -5.]
 [ 1. 12.]
 [ 5.  6.]
 [ 1. -5.]
 [ 6.  6.]
 [-1. -5.]
 [ 1. 12.]
 [ 5.  6.]
 [ 0. -5.]
 [ 6.  6.]
 [-1. -5.]
 [ 1. 12.]
 [ 5.  6.]
 [ 0. -5.]
 [ 6.  6.]
 [-2. -5.]
 [ 1. 12.]
 [ 5.  6.]
 [-1. -5.]
 [ 6.  6.]]
