Maze:
##########################
#                        #
#                        #
#                        #
#                        #
#                        #
#     ##############     #
#     #            #     #
#     #            #     #
#     #          D #     #
#     #      A     #     #
#     #            #     #
#     #     C      #     #
#     #            #     #
#     #            #     #
#     #            #     #
#     #   B        #     #
#     #            #     #
#     #    S       #     #
#     ##############     #
#                        #
#                        #
#                        #
#                        #
#                        #
##########################
[[ 5. 12.]
 [ 7.  4.]
 [ 4. 10.]
 [ 6.  6.]
 [11.  3.]
 [ 5. 13.]
 [ 7.  3.]
 [ 4. 11.]
 [ 6.  6.]
 [11.  3.]
 [ 5. 14.]
 [ 7.  2.]
 [ 4. 12.]
 [ 6.  6.]
 [11.  3.]
 [ 5. 15.]
 [ 6.  1.]
 [ 4. 13.]
 [ 6.  6.]
 [11.  3.]
 [ 5. 16.]
 [ 5.  0.]
 [ 4. 14.]
 [ 6.  6.]
 [11.  3.]
 [ 5. 17.]
 [ 4. -1.]
 [ 4. 15.]
 [ 6.  6.]
 [11.  3.]
 [ 5. 17.]
 [ 4. -2.]
 [ 4. 16.]
 [ 6.  6.]
 [11.  3.]
 [ 6. 17.]
 [ 4. -2.]
 [ 5. 17.]
 [ 6.  6.]
 [11.  3.]
 [ 7. 17.]
 [ 4. -2.]
 [ 6. 17.]
 [ 6.  6.]
 [11.  3.]
 [ 8. 17.]
 [ 4. -2.]
 [ 7. 17.]
 [ 6.  6.]
 [11.  3.]
 [ 9. 17.]
 [ 4. -2.]
 [ 8. 17.]
 [ 6.  6.]
 [11.  3.]
 [10. 17.]
 [ 4. -2.]
 [ 9. 17.]
 [ 6.  6.]
 [11.  3.]
 [11. 17.]
 [ 4. -2.]
 [10. 17.]
 [ 6.  6.]
 [11.  3.]
 [12. 17.]
 [ 4. -2.]
 [11. 17.]
 [ 6.  6.]
 [11.  3.]
 [13. 17.]
 [ 4. -2.]
 [12. 17.]
 [ 6.  6.]
 [11.  3.]
 [14. 17.]
 [ 4. -2.]
 [13. 17.]
 [ 6.  6.]
 [11.  3.]
 [15. 17.]
 [ 4. -2.]
 [14. 17.]
 [ 6.  6.]
 [11.  3.]
 [16. 17.]
 [ 4. -2.]
 [15. 17.]
 [ 6.  6.]
 [11.  3.]
 [17. 17.]
 [ 4. -2.]
 [16. 17.]
 [ 6.  6.]
 [11.  3.]
 [17. 17.]
 [ 4. -2.]
 [16. 17.]
 [ 6.  6.]
 [11.  3.]]
