Maze:
##########################
#                        #
#                        #
#                        #
#                        #
#                        #
#     ##############     #
#     #       D    #     #
#     #            #     #
#     #            #     #
#     #           C#     #
#     #            #     #
#     #     A      #     #
#     #     B      #     #
#     #            #     #
#     #            #     #
#     #            #     #
#     #      S     #     #
#     #            #     #
#     ##############     #
#                        #
#                        #
#                        #
#                        #
#                        #
##########################
[[ 7. 11.]
 [ 6.  6.]
 [ 6.  7.]
 [12.  4.]
 [ 8.  1.]
 [ 7. 12.]
 [ 6.  6.]
 [ 6.  8.]
 [12.  4.]
 [ 8.  1.]
 [ 7. 13.]
 [ 6.  6.]
 [ 6.  9.]
 [12.  4.]
 [ 8.  1.]
 [ 7. 14.]
 [ 6.  6.]
 [ 6. 10.]
 [12.  4.]
 [ 8.  1.]
 [ 7. 15.]
 [ 6.  6.]
 [ 6. 11.]
 [12.  4.]
 [ 8.  1.]
 [ 7. 16.]
 [ 6.  6.]
 [ 6. 12.]
 [12.  4.]
 [ 8.  1.]
 [ 7. 17.]
 [ 6.  6.]
 [ 6. 13.]
 [12.  4.]
 [ 8.  1.]
 [ 7. 17.]
 [ 6.  6.]
 [ 6. 14.]
 [12.  4.]
 [ 8.  1.]
 [ 7. 17.]
 [ 6.  6.]
 [ 6. 15.]
 [12.  4.]
 [ 8.  1.]
 [ 7. 17.]
 [ 6.  6.]
 [ 6. 16.]
 [12.  4.]
 [ 8.  1.]
 [ 8. 17.]
 [ 6.  6.]
 [ 7. 17.]
 [12.  4.]
 [ 8.  1.]
 [ 9. 17.]
 [ 6.  6.]
 [ 8. 17.]
 [12.  4.]
 [ 8.  1.]
 [10. 17.]
 [ 6.  6.]
 [ 9. 17.]
 [12.  4.]
 [ 8.  1.]
 [11. 17.]
 [ 6.  6.]
 [10. 17.]
 [12.  4.]
 [ 8.  1.]
 [12. 17.]
 [ 6.  6.]
 [11. 17.]
 [12.  4.]
 [ 8.  1.]
 [13. 17.]
 [ 6.  6.]
 [12. 17.]
 [12.  4.]
 [ 8.  1.]
 [14. 17.]
 [ 6.  6.]
 [13. 17.]
 [12.  4.]
 [ 8.  1.]
 [15. 17.]
 [ 6.  6.]
 [14. 17.]
 [12.  4.]
 [ 8.  1.]
 [16. 17.]
 [ 6.  6.]
 [15. 17.]
 [12.  4.]
 [ 8.  1.]
 [17. 17.]
 [ 6.  6.]
 [16. 17.]
 [12.  4.]
 [ 8.  1.]
 [17. 17.]
 [ 6.  6.]
 [16. 17.]
 [12.  4.]
 [ 8.  1.]]
