Maze:
##########################
#                        #
#                        #
#                        #
#                        #
#                        #
#     ##############     #
#     #            #     #
#     # B          #     #
#     #            #     #
#     #            #     #
#     #            #     #
#     #     D      #     #
#     #            #     #
#     #  S         #     #
#     #       A    #     #
#     #    C       #     #
#     #            #     #
#     #            #     #
#     ##############     #
#                        #
#                        #
#                        #
#                        #
#                        #
##########################
[[ 3.  8.]
 [ 8.  9.]
 [ 2.  2.]
 [ 5. 10.]
 [ 6.  6.]
 [ 3.  8.]
 [ 9.  9.]
 [ 2.  2.]
 [ 4. 10.]
 [ 6.  6.]
 [ 3.  7.]
 [10.  9.]
 [ 2.  2.]
 [ 3.  9.]
 [ 6.  6.]
 [ 3.  6.]
 [11.  9.]
 [ 2.  2.]
 [ 3.  8.]
 [ 6.  6.]
 [ 3.  5.]
 [12.  9.]
 [ 2.  2.]
 [ 3.  7.]
 [ 6.  6.]
 [ 4.  4.]
 [13.  9.]
 [ 3.  2.]
 [ 3.  6.]
 [ 6.  6.]
 [ 5.  4.]
 [13.  9.]
 [ 4.  3.]
 [ 4.  5.]
 [ 6.  6.]
 [ 6.  4.]
 [13.  9.]
 [ 5.  3.]
 [ 5.  4.]
 [ 6.  6.]
 [ 7.  4.]
 [13.  9.]
 [ 5.  2.]
 [ 6.  3.]
 [ 6.  6.]
 [ 8.  5.]
 [13.  9.]
 [ 4.  1.]
 [ 5.  3.]
 [ 6.  6.]
 [ 9.  6.]
 [13.  9.]
 [ 4.  0.]
 [ 5.  2.]
 [ 6.  6.]
 [10.  7.]
 [13.  9.]
 [ 4. -1.]
 [ 5.  1.]
 [ 6.  6.]
 [11.  8.]
 [13.  9.]
 [ 4. -2.]
 [ 5.  0.]
 [ 6.  6.]
 [12.  8.]
 [13.  9.]
 [ 4. -3.]
 [ 5. -1.]
 [ 6.  6.]
 [13.  9.]
 [12.  8.]
 [ 4. -4.]
 [ 5. -2.]
 [ 6.  6.]
 [12.  8.]
 [13.  9.]
 [ 4. -5.]
 [ 5. -3.]
 [ 6.  6.]
 [13.  9.]
 [12.  8.]
 [ 4. -5.]
 [ 5. -4.]
 [ 6.  6.]
 [12.  8.]
 [13.  9.]
 [ 3. -5.]
 [ 4. -5.]
 [ 6.  6.]
 [13.  9.]
 [12.  8.]
 [ 2. -5.]
 [ 3. -5.]
 [ 6.  6.]
 [12.  8.]
 [13.  9.]
 [ 1. -5.]
 [ 2. -5.]
 [ 6.  6.]
 [12.  8.]
 [13.  9.]
 [ 1. -5.]
 [ 2. -5.]
 [ 6.  6.]
 [13.  9.]
 [12.  8.]
 [ 0. -5.]
 [ 1. -5.]
 [ 6.  6.]]
