Maze:
##########################
#                        #
#                        #
#                        #
#                        #
#                        #
#     ##############     #
#     #            #     #
#     #            #     #
#     #            #     #
#     #            #     #
#     #            #     #
#     #     B A    #     #
#     #            #     #
#     #           C#     #
#     #  S         #     #
#     #            #     #
#     #         D  #     #
#     #            #     #
#     ##############     #
#                        #
#                        #
#                        #
#                        #
#                        #
##########################
[[ 3.  9.]
 [ 8.  6.]
 [ 6.  6.]
 [12.  8.]
 [10. 11.]
 [ 3. 10.]
 [ 7.  6.]
 [ 6.  6.]
 [12.  9.]
 [ 9. 11.]
 [ 3. 10.]
 [ 7.  6.]
 [ 6.  6.]
 [11. 10.]
 [ 8. 11.]
 [ 3. 10.]
 [ 7.  6.]
 [ 6.  6.]
 [10. 10.]
 [ 7. 11.]
 [ 3. 10.]
 [ 7.  6.]
 [ 6.  6.]
 [ 9. 10.]
 [ 6. 11.]
 [ 3. 10.]
 [ 7.  6.]
 [ 6.  6.]
 [ 8. 10.]
 [ 5. 11.]
 [ 3. 10.]
 [ 7.  6.]
 [ 6.  6.]
 [ 7. 10.]
 [ 4. 11.]
 [ 3. 11.]
 [ 7.  6.]
 [ 6.  6.]
 [ 6. 10.]
 [ 3. 10.]
 [ 2. 10.]
 [ 7.  6.]
 [ 6.  6.]
 [ 5. 10.]
 [ 3. 11.]
 [ 1. 11.]
 [ 7.  6.]
 [ 6.  6.]
 [ 4. 10.]
 [ 2. 10.]
 [ 1. 11.]
 [ 7.  6.]
 [ 6.  6.]
 [ 3. 10.]
 [ 2. 10.]
 [ 0. 11.]
 [ 7.  6.]
 [ 6.  6.]
 [ 2. 10.]
 [ 1. 10.]
 [-1. 11.]
 [ 7.  6.]
 [ 6.  6.]
 [ 1. 10.]
 [ 0. 10.]
 [-2. 11.]
 [ 7.  6.]
 [ 6.  6.]
 [ 0. 10.]
 [-1. 10.]
 [-3. 11.]
 [ 7.  6.]
 [ 6.  6.]
 [-1. 10.]
 [-2. 10.]
 [-4. 11.]
 [ 7.  6.]
 [ 6.  6.]
 [-2. 10.]
 [-3. 10.]
 [-5. 11.]
 [ 7.  6.]
 [ 6.  6.]
 [-3. 10.]
 [-4. 10.]
 [-5. 11.]
 [ 7.  6.]
 [ 6.  6.]
 [-4. 10.]
 [-5. 10.]
 [-5. 11.]
 [ 7.  6.]
 [ 6.  6.]
 [-4. 10.]
 [-5. 10.]]
