Maze:
##########################
#                        #
#                        #
#                        #
#                        #
#                        #
#     ##############     #
#     #      A     #     #
#     #            #     #
#     #            #     #
#     #            #     #
#     #            #     #
#     #  B  S      #     #
#     #            #     #
#     #            #     #
#     #           D#     #
#     #            #     #
#     #          C #     #
#     #            #     #
#     ##############     #
#                        #
#                        #
#                        #
#                        #
#                        #
##########################
[[ 6.  6.]
 [ 7.  1.]
 [ 3.  6.]
 [11. 11.]
 [12.  9.]
 [ 6.  6.]
 [ 7.  1.]
 [ 4.  6.]
 [11. 10.]
 [12.  8.]
 [ 6.  6.]
 [ 6.  1.]
 [ 5.  6.]
 [11.  9.]
 [12.  7.]
 [ 6.  6.]
 [ 6.  1.]
 [ 5.  6.]
 [11.  8.]
 [12.  6.]
 [ 6.  6.]
 [ 5.  1.]
 [ 5.  6.]
 [11.  7.]
 [12.  5.]
 [ 6.  6.]
 [ 4.  1.]
 [ 5.  6.]
 [11.  6.]
 [12.  4.]
 [ 6.  6.]
 [ 4.  1.]
 [ 5.  6.]
 [11.  5.]
 [12.  3.]
 [ 6.  6.]
 [ 3.  1.]
 [ 5.  6.]
 [11.  4.]
 [12.  2.]
 [ 6.  6.]
 [ 3.  1.]
 [ 5.  6.]
 [11.  3.]
 [12.  1.]
 [ 6.  6.]
 [ 3.  1.]
 [ 5.  6.]
 [11.  2.]
 [12.  0.]
 [ 6.  6.]
 [ 3.  2.]
 [ 5.  6.]
 [11.  1.]
 [12. -1.]
 [ 6.  6.]
 [ 3.  3.]
 [ 5.  6.]
 [11.  0.]
 [12. -2.]
 [ 6.  6.]
 [ 3.  4.]
 [ 5.  6.]
 [11. -1.]
 [12. -3.]
 [ 6.  6.]
 [ 4.  5.]
 [ 5.  6.]
 [11. -2.]
 [12. -4.]
 [ 6.  6.]
 [ 4.  5.]
 [ 5.  6.]
 [11. -3.]
 [12. -5.]
 [ 6.  6.]
 [ 4.  5.]
 [ 5.  6.]
 [11. -4.]
 [12. -5.]
 [ 6.  6.]
 [ 4.  5.]
 [ 5.  6.]
 [12. -5.]
 [13. -5.]
 [ 6.  6.]
 [ 4.  5.]
 [ 5.  6.]
 [13. -5.]
 [14. -5.]
 [ 6.  6.]
 [ 4.  5.]
 [ 5.  6.]
 [14. -5.]
 [15. -5.]
 [ 6.  6.]
 [ 4.  5.]
 [ 5.  6.]
 [15. -5.]
 [16. -5.]
 [ 6.  6.]
 [ 4.  5.]
 [ 5.  6.]
 [15. -5.]
 [16. -5.]
 [ 6.  6.]
 [ 4.  5.]
 [ 5.  6.]
 [16. -5.]
 [17. -5.]]
