Maze:
##########################
#                        #
#                        #
#                        #
#                        #
#                        #
#     ##############     #
#     #            #     #
#     #    B       #     #
#     #            #     #
#     #            #     #
#     #          D #     #
#     #     S      #     #
#     #            #     #
#     #            #     #
#     #            #     #
#     #            #     #
#     #A           #     #
#     #         C  #     #
#     ##############     #
#                        #
#                        #
#                        #
#                        #
#                        #
##########################
[[ 6.  6.]
 [ 1. 11.]
 [ 5.  2.]
 [10. 12.]
 [11.  5.]
 [ 6.  6.]
 [ 1. 11.]
 [ 6.  3.]
 [10. 11.]
 [10.  5.]
 [ 6.  6.]
 [ 1. 11.]
 [ 7.  4.]
 [10. 10.]
 [ 9.  5.]
 [ 6.  6.]
 [ 1. 11.]
 [ 7.  4.]
 [10.  9.]
 [ 9.  5.]
 [ 6.  6.]
 [ 1. 11.]
 [ 7.  4.]
 [10.  8.]
 [ 9.  5.]
 [ 6.  6.]
 [ 1. 11.]
 [ 7.  4.]
 [10.  7.]
 [ 9.  5.]
 [ 6.  6.]
 [ 1. 11.]
 [ 7.  4.]
 [ 9.  6.]
 [ 9.  5.]
 [ 6.  6.]
 [ 1. 11.]
 [ 7.  5.]
 [ 9.  5.]
 [ 9.  4.]
 [ 6.  6.]
 [ 1. 11.]
 [ 6.  5.]
 [ 9.  4.]
 [ 8.  3.]
 [ 6.  6.]
 [ 1. 11.]
 [ 6.  5.]
 [ 8.  4.]
 [ 7.  3.]
 [ 6.  6.]
 [ 1. 11.]
 [ 6.  5.]
 [ 7.  4.]
 [ 6.  3.]
 [ 6.  6.]
 [ 1. 11.]
 [ 5.  6.]
 [ 6.  4.]
 [ 5.  4.]
 [ 6.  6.]
 [ 1. 11.]
 [ 5.  6.]
 [ 5.  4.]
 [ 4.  5.]
 [ 6.  6.]
 [ 1. 11.]
 [ 5.  6.]
 [ 5.  5.]
 [ 4.  5.]
 [ 6.  6.]
 [ 1. 12.]
 [ 5.  7.]
 [ 5.  6.]
 [ 4.  6.]
 [ 6.  6.]
 [ 1. 13.]
 [ 5.  8.]
 [ 5.  7.]
 [ 4.  7.]
 [ 6.  6.]
 [ 1. 14.]
 [ 5.  9.]
 [ 5.  7.]
 [ 4.  7.]
 [ 6.  6.]
 [ 1. 14.]
 [ 4. 10.]
 [ 4.  7.]
 [ 3.  7.]
 [ 6.  6.]
 [ 1. 14.]
 [ 4. 10.]
 [ 3.  7.]
 [ 2.  7.]
 [ 6.  6.]
 [ 1. 14.]
 [ 5. 10.]
 [ 2.  7.]
 [ 1.  7.]
 [ 6.  6.]
 [ 1. 14.]
 [ 5. 10.]
 [ 2.  7.]
 [ 1.  7.]
 [ 6.  6.]
 [ 1. 15.]
 [ 6. 10.]
 [ 1.  7.]
 [ 0.  7.]]
