Maze:
##########################
#                        #
#                        #
#                        #
#                        #
#                        #
#     ##############     #
#     #            #     #
#     #            #     #
#     #            #     #
#     #            #     #
#     #            #     #
#     #     B      #     #
#     # C          #     #
#     #  D         #     #
#     #     A      #     #
#     #            #     #
#     #       S    #     #
#     #            #     #
#     ##############     #
#                        #
#                        #
#                        #
#                        #
#                        #
##########################
[[ 8. 11.]
 [ 6.  9.]
 [ 6.  6.]
 [ 2.  7.]
 [ 3.  8.]
 [ 7. 11.]
 [ 7.  9.]
 [ 6.  6.]
 [ 3.  8.]
 [ 4.  9.]
 [ 7. 10.]
 [ 8.  9.]
 [ 6.  6.]
 [ 4.  9.]
 [ 5. 10.]
 [ 8.  9.]
 [ 9.  9.]
 [ 6.  6.]
 [ 5. 10.]
 [ 6. 10.]
 [ 9.  9.]
 [ 9.  8.]
 [ 6.  6.]
 [ 6. 10.]
 [ 7. 10.]
 [ 9.  8.]
 [10.  8.]
 [ 6.  6.]
 [ 7. 10.]
 [ 8. 10.]
 [10.  8.]
 [10.  7.]
 [ 6.  6.]
 [ 8. 10.]
 [ 9. 10.]
 [10.  7.]
 [11.  6.]
 [ 6.  6.]
 [ 9. 10.]
 [10. 10.]
 [11.  6.]
 [11.  5.]
 [ 6.  6.]
 [10. 10.]
 [11. 10.]
 [11.  5.]
 [11.  6.]
 [ 6.  6.]
 [11. 10.]
 [12. 10.]
 [11.  6.]
 [11.  5.]
 [ 6.  6.]
 [12. 10.]
 [13. 10.]
 [11.  5.]
 [10.  6.]
 [ 6.  6.]
 [13. 10.]
 [14. 10.]
 [10.  6.]
 [10.  5.]
 [ 6.  6.]
 [14. 10.]
 [15. 10.]
 [10.  5.]
 [ 9.  6.]
 [ 6.  6.]
 [15. 10.]
 [16. 10.]
 [ 9.  6.]
 [ 8.  5.]
 [ 6.  6.]
 [16. 10.]
 [17. 10.]
 [ 9.  5.]
 [ 7.  6.]
 [ 6.  6.]
 [16. 10.]
 [17. 10.]
 [ 8.  5.]
 [ 7.  6.]
 [ 6.  6.]
 [16. 10.]
 [17. 10.]
 [ 8.  6.]
 [ 7.  6.]
 [ 6.  6.]
 [16. 10.]
 [17. 10.]
 [ 7.  6.]
 [ 7.  6.]
 [ 6.  6.]
 [16. 10.]
 [17. 10.]
 [ 7.  6.]
 [ 7.  6.]
 [ 6.  6.]
 [16. 10.]
 [17. 10.]]
