Maze:
##########################
#                        #
#                        #
#                        #
#                        #
#                        #
#     ##############     #
#     #            #     #
#     #            #     #
#     #   B        #     #
#     #         A  #     #
#     #            #     #
#     #     S      #     #
#     #            #     #
#     #            #     #
#     #            #     #
#     #           C#     #
#     #            #     #
#     #          D #     #
#     ##############     #
#                        #
#                        #
#                        #
#                        #
#                        #
##########################
[[ 6.  6.]
 [10.  4.]
 [ 4.  3.]
 [12. 10.]
 [11. 12.]
 [ 6.  6.]
 [ 9.  3.]
 [ 4.  4.]
 [12. 11.]
 [10. 13.]
 [ 6.  6.]
 [ 8.  3.]
 [ 4.  5.]
 [11. 12.]
 [ 9. 13.]
 [ 6.  6.]
 [ 7.  3.]
 [ 5.  6.]
 [10. 12.]
 [ 8. 13.]
 [ 6.  6.]
 [ 6.  4.]
 [ 5.  6.]
 [ 9. 12.]
 [ 7. 13.]
 [ 6.  6.]
 [ 6.  5.]
 [ 5.  6.]
 [ 8. 12.]
 [ 6. 13.]
 [ 6.  6.]
 [ 5.  6.]
 [ 6.  7.]
 [ 7. 12.]
 [ 5. 13.]
 [ 6.  6.]
 [ 5.  6.]
 [ 7.  6.]
 [ 6. 12.]
 [ 4. 13.]
 [ 6.  6.]
 [ 5.  6.]
 [ 7.  6.]
 [ 5. 12.]
 [ 3. 13.]
 [ 6.  6.]
 [ 5.  6.]
 [ 7.  6.]
 [ 4. 12.]
 [ 2. 13.]
 [ 6.  6.]
 [ 5.  6.]
 [ 7.  6.]
 [ 3. 12.]
 [ 1. 13.]
 [ 6.  6.]
 [ 5.  6.]
 [ 7.  6.]
 [ 2. 12.]
 [ 0. 13.]
 [ 6.  6.]
 [ 5.  6.]
 [ 7.  6.]
 [ 1. 12.]
 [-1. 13.]
 [ 6.  6.]
 [ 5.  6.]
 [ 7.  6.]
 [ 0. 12.]
 [-2. 13.]
 [ 6.  6.]
 [ 5.  6.]
 [ 7.  6.]
 [-1. 12.]
 [-3. 13.]
 [ 6.  6.]
 [ 5.  6.]
 [ 7.  6.]
 [-2. 12.]
 [-4. 13.]
 [ 6.  6.]
 [ 5.  6.]
 [ 7.  6.]
 [-3. 12.]
 [-5. 13.]
 [ 6.  6.]
 [ 5.  6.]
 [ 7.  6.]
 [-4. 12.]
 [-5. 13.]
 [ 6.  6.]
 [ 5.  6.]
 [ 7.  6.]
 [-5. 13.]
 [-5. 14.]
 [ 6.  6.]
 [ 5.  6.]
 [ 7.  6.]
 [-5. 14.]
 [-5. 15.]
 [ 6.  6.]
 [ 5.  6.]
 [ 7.  6.]
 [-5. 14.]
 [-5. 15.]
 [ 6.  6.]
 [ 5.  6.]
 [ 7.  6.]
 [-5. 15.]
 [-5. 16.]]
