Maze:
##########################
#                        #
#                        #
#                        #
#                        #
#                        #
#     ##############     #
#     #            #     #
#     #         A  #     #
#     #            #     #
#     #            #     #
#     #            #     #
#     #     S      #     #
#     #D           #     #
#     #   C        #     #
#     #            #     #
#     #            #     #
#     # B          #     #
#     #            #     #
#     ##############     #
#                        #
#                        #
#                        #
#                        #
#                        #
##########################
[[ 6.  6.]
 [10.  2.]
 [ 2. 11.]
 [ 4.  8.]
 [ 1.  7.]
 [ 6.  6.]
 [10.  2.]
 [ 1. 11.]
 [ 3.  8.]
 [ 1.  7.]
 [ 6.  6.]
 [10.  2.]
 [ 0. 11.]
 [ 2.  8.]
 [ 0.  7.]
 [ 6.  6.]
 [10.  2.]
 [-1. 11.]
 [ 1.  8.]
 [-1.  7.]
 [ 6.  6.]
 [10.  2.]
 [-2. 11.]
 [ 0.  8.]
 [-2.  7.]
 [ 6.  6.]
 [10.  2.]
 [-3. 11.]
 [-1.  8.]
 [-3.  7.]
 [ 6.  6.]
 [10.  2.]
 [-4. 11.]
 [-2.  8.]
 [-4.  7.]
 [ 6.  6.]
 [10.  2.]
 [-5. 11.]
 [-3.  8.]
 [-5.  7.]
 [ 6.  6.]
 [10.  2.]
 [-5. 11.]
 [-4.  8.]
 [-5.  7.]
 [ 6.  6.]
 [10.  2.]
 [-5. 12.]
 [-5.  8.]
 [-5.  6.]
 [ 6.  6.]
 [10.  2.]
 [-5. 13.]
 [-5.  7.]
 [-5.  5.]
 [ 6.  6.]
 [10.  2.]
 [-5. 13.]
 [-5.  6.]
 [-5.  4.]
 [ 6.  6.]
 [10.  2.]
 [-5. 13.]
 [-5.  5.]
 [-5.  3.]
 [ 6.  6.]
 [10.  2.]
 [-5. 13.]
 [-5.  4.]
 [-5.  2.]
 [ 6.  6.]
 [10.  2.]
 [-5. 13.]
 [-5.  3.]
 [-5.  1.]
 [ 6.  6.]
 [10.  2.]
 [-5. 13.]
 [-5.  2.]
 [-5.  0.]
 [ 6.  6.]
 [10.  2.]
 [-5. 13.]
 [-5.  1.]
 [-5. -1.]
 [ 6.  6.]
 [10.  2.]
 [-5. 13.]
 [-5.  0.]
 [-5. -2.]
 [ 6.  6.]
 [10.  2.]
 [-5. 13.]
 [-5. -1.]
 [-5. -3.]
 [ 6.  6.]
 [10.  2.]
 [-5. 13.]
 [-5. -2.]
 [-5. -4.]
 [ 6.  6.]
 [10.  2.]
 [-5. 13.]
 [-5. -2.]
 [-5. -4.]
 [ 6.  6.]
 [10.  2.]
 [-5. 13.]
 [-5. -3.]
 [-5. -5.]]
