Maze:
##########################
#                        #
#                        #
#                        #
#                        #
#                        #
#     ##############     #
#     #            #     #
#     #          C #     #
#     #            #     #
#     #            #     #
#     #  B         #     #
#     #     S      #     #
#     #            #     #
#     #            #     #
#     # A          #     #
#     #    D       #     #
#     #            #     #
#     #            #     #
#     ##############     #
#                        #
#                        #
#                        #
#                        #
#                        #
##########################
[[ 6.  6.]
 [ 2.  9.]
 [ 3.  5.]
 [11.  2.]
 [ 5. 10.]
 [ 6.  6.]
 [ 2.  9.]
 [ 3.  6.]
 [12.  2.]
 [ 5.  9.]
 [ 6.  6.]
 [ 2. 10.]
 [ 3.  7.]
 [13.  2.]
 [ 5.  8.]
 [ 6.  6.]
 [ 2. 11.]
 [ 3.  8.]
 [13.  2.]
 [ 5.  7.]
 [ 6.  6.]
 [ 2. 12.]
 [ 3.  9.]
 [13.  2.]
 [ 5.  7.]
 [ 6.  6.]
 [ 2. 13.]
 [ 3. 10.]
 [13.  2.]
 [ 5.  7.]
 [ 6.  6.]
 [ 2. 14.]
 [ 3. 11.]
 [13.  2.]
 [ 5.  7.]
 [ 6.  6.]
 [ 2. 15.]
 [ 3. 12.]
 [13.  2.]
 [ 5.  7.]
 [ 6.  6.]
 [ 2. 16.]
 [ 3. 13.]
 [13.  2.]
 [ 5.  7.]
 [ 6.  6.]
 [ 2. 17.]
 [ 3. 14.]
 [13.  2.]
 [ 5.  7.]
 [ 6.  6.]
 [ 2. 17.]
 [ 3. 15.]
 [13.  2.]
 [ 5.  7.]
 [ 6.  6.]
 [ 2. 17.]
 [ 3. 16.]
 [13.  2.]
 [ 5.  7.]
 [ 6.  6.]
 [ 1. 17.]
 [ 2. 17.]
 [13.  2.]
 [ 5.  7.]
 [ 6.  6.]
 [ 0. 17.]
 [ 1. 17.]
 [13.  2.]
 [ 5.  7.]
 [ 6.  6.]
 [-1. 17.]
 [ 0. 17.]
 [13.  2.]
 [ 5.  7.]
 [ 6.  6.]
 [-2. 17.]
 [-1. 17.]
 [13.  2.]
 [ 5.  7.]
 [ 6.  6.]
 [-3. 17.]
 [-2. 17.]
 [13.  2.]
 [ 5.  7.]
 [ 6.  6.]
 [-4. 17.]
 [-3. 17.]
 [13.  2.]
 [ 5.  7.]
 [ 6.  6.]
 [-5. 17.]
 [-4. 17.]
 [13.  2.]
 [ 5.  7.]
 [ 6.  6.]
 [-5. 17.]
 [-4. 17.]
 [13.  2.]
 [ 5.  7.]]
