Maze:
##########################
#                        #
#                        #
#                        #
#                        #
#                        #
#     ##############     #
#     #   D        #     #
#     #            #     #
#     #            #     #
#     #           A#     #
#     #     S      #     #
#     #     C      #     #
#     #  B         #     #
#     #            #     #
#     #            #     #
#     #            #     #
#     #            #     #
#     #            #     #
#     ##############     #
#                        #
#                        #
#                        #
#                        #
#                        #
##########################
[[ 6.  5.]
 [12.  4.]
 [ 3.  7.]
 [ 6.  6.]
 [ 4.  1.]
 [ 5.  4.]
 [11.  4.]
 [ 4.  6.]
 [ 6.  6.]
 [ 4.  2.]
 [ 5.  4.]
 [10.  4.]
 [ 4.  6.]
 [ 6.  6.]
 [ 4.  3.]
 [ 5.  4.]
 [ 9.  4.]
 [ 4.  6.]
 [ 6.  6.]
 [ 4.  3.]
 [ 5.  4.]
 [ 8.  4.]
 [ 4.  6.]
 [ 6.  6.]
 [ 4.  3.]
 [ 5.  4.]
 [ 7.  4.]
 [ 4.  6.]
 [ 6.  6.]
 [ 4.  3.]
 [ 5.  4.]
 [ 6.  4.]
 [ 4.  6.]
 [ 6.  6.]
 [ 4.  3.]
 [ 4.  4.]
 [ 6.  4.]
 [ 5.  5.]
 [ 6.  6.]
 [ 4.  3.]
 [ 4.  5.]
 [ 7.  4.]
 [ 6.  4.]
 [ 6.  6.]
 [ 4.  4.]
 [ 4.  6.]
 [ 8.  4.]
 [ 7.  4.]
 [ 6.  6.]
 [ 4.  5.]
 [ 4.  7.]
 [ 9.  4.]
 [ 8.  4.]
 [ 6.  6.]
 [ 4.  6.]
 [ 4.  8.]
 [10.  4.]
 [ 9.  4.]
 [ 6.  6.]
 [ 4.  7.]
 [ 4.  9.]
 [11.  4.]
 [10.  4.]
 [ 6.  6.]
 [ 4.  8.]
 [ 4. 10.]
 [12.  4.]
 [11.  4.]
 [ 6.  6.]
 [ 4.  9.]
 [ 4. 11.]
 [13.  4.]
 [12.  4.]
 [ 6.  6.]
 [ 4. 10.]
 [ 4. 12.]
 [14.  4.]
 [13.  4.]
 [ 6.  6.]
 [ 4. 11.]
 [ 4. 13.]
 [15.  4.]
 [14.  4.]
 [ 6.  6.]
 [ 4. 12.]
 [ 4. 14.]
 [16.  4.]
 [15.  4.]
 [ 6.  6.]
 [ 4. 13.]
 [ 4. 15.]
 [17.  4.]
 [16.  4.]
 [ 6.  6.]
 [ 4. 14.]
 [ 4. 16.]
 [17.  4.]
 [16.  4.]
 [ 6.  6.]
 [ 4. 15.]
 [ 4. 16.]
 [17.  4.]
 [16.  4.]
 [ 6.  6.]
 [ 4. 15.]
 [ 4. 17.]
 [17.  4.]
 [16.  4.]
 [ 6.  6.]
 [ 4. 16.]]
