Maze:
##########################
#                        #
#                        #
#                        #
#                        #
#                        #
#     ##############     #
#     #            #     #
#     #    S       #     #
#     # A          #     #
#     #            #     #
#     #            #     #
#     #     B   D  #     #
#     #            #     #
#     #            #     #
#     #            #     #
#     #            #     #
#     #     C      #     #
#     #            #     #
#     ##############     #
#                        #
#                        #
#                        #
#                        #
#                        #
##########################
[[ 5.  2.]
 [ 2.  3.]
 [ 6.  6.]
 [ 6. 11.]
 [10.  6.]
 [ 6.  2.]
 [ 3.  3.]
 [ 6.  6.]
 [ 6. 12.]
 [ 9.  5.]
 [ 7.  2.]
 [ 4.  2.]
 [ 6.  6.]
 [ 6. 13.]
 [ 8.  4.]
 [ 7.  1.]
 [ 5.  2.]
 [ 6.  6.]
 [ 6. 14.]
 [ 7.  3.]
 [ 8.  0.]
 [ 6.  1.]
 [ 6.  6.]
 [ 6. 15.]
 [ 7.  2.]
 [ 9. -1.]
 [ 6.  0.]
 [ 6.  6.]
 [ 6. 15.]
 [ 7.  1.]
 [10. -1.]
 [ 6. -1.]
 [ 6.  6.]
 [ 6. 15.]
 [ 7.  0.]
 [11. -1.]
 [ 6. -2.]
 [ 6.  6.]
 [ 6. 15.]
 [ 7. -1.]
 [12. -1.]
 [ 5. -3.]
 [ 6.  6.]
 [ 6. 15.]
 [ 7. -2.]
 [13. -1.]
 [ 4. -4.]
 [ 6.  6.]
 [ 6. 15.]
 [ 6. -3.]
 [13. -1.]
 [ 3. -5.]
 [ 6.  6.]
 [ 6. 15.]
 [ 5. -3.]
 [13. -1.]
 [ 3. -5.]
 [ 6.  6.]
 [ 6. 15.]
 [ 5. -4.]
 [13. -1.]
 [ 2. -5.]
 [ 6.  6.]
 [ 6. 15.]
 [ 4. -4.]
 [13. -1.]
 [ 1. -5.]
 [ 6.  6.]
 [ 6. 15.]
 [ 3. -4.]
 [13. -1.]
 [ 0. -5.]
 [ 6.  6.]
 [ 6. 15.]
 [ 2. -4.]
 [13. -1.]
 [-1. -5.]
 [ 6.  6.]
 [ 6. 15.]
 [ 1. -4.]
 [13. -1.]
 [-2. -5.]
 [ 6.  6.]
 [ 6. 15.]
 [ 0. -4.]
 [13. -1.]
 [-3. -5.]
 [ 6.  6.]
 [ 6. 15.]
 [-1. -4.]
 [13. -1.]
 [-4. -5.]
 [ 6.  6.]
 [ 6. 15.]
 [-2. -4.]
 [13. -1.]
 [-5. -5.]
 [ 6.  6.]
 [ 6. 15.]
 [-3. -4.]
 [13. -1.]
 [-5. -5.]
 [ 6.  6.]
 [ 6. 15.]
 [-3. -4.]
 [13. -1.]
 [-5. -5.]
 [ 6.  6.]
 [ 6. 15.]
 [-4. -4.]]
