Maze:
##########################
#                        #
#                        #
#                        #
#                        #
#                        #
#     ##############     #
#     #            #     #
#     #            #     #
#     #            #     #
#     #       S    #     #
#     #   A        #     #
#     #     B      #     #
#     #            #     #
#     #  C         #     #
#     #      D     #     #
#     #            #     #
#     #            #     #
#     #            #     #
#     ##############     #
#                        #
#                        #
#                        #
#                        #
#                        #
##########################
[[ 8.  4.]
 [ 4.  5.]
 [ 6.  6.]
 [ 3.  8.]
 [ 7.  9.]
 [ 8.  5.]
 [ 3.  5.]
 [ 6.  6.]
 [ 2.  9.]
 [ 8.  8.]
 [ 7.  5.]
 [ 2.  5.]
 [ 6.  6.]
 [ 1. 10.]
 [ 8.  7.]
 [ 7.  5.]
 [ 2.  5.]
 [ 6.  6.]
 [ 0. 11.]
 [ 7.  6.]
 [ 6.  4.]
 [ 2.  5.]
 [ 6.  6.]
 [-1. 12.]
 [ 7.  5.]
 [ 5.  4.]
 [ 2.  5.]
 [ 6.  6.]
 [-1. 13.]
 [ 6.  5.]
 [ 4.  3.]
 [ 3.  4.]
 [ 6.  6.]
 [-1. 14.]
 [ 5.  5.]
 [ 5.  2.]
 [ 4.  3.]
 [ 6.  6.]
 [-1. 14.]
 [ 5.  4.]
 [ 6.  1.]
 [ 4.  2.]
 [ 6.  6.]
 [-1. 14.]
 [ 5.  3.]
 [ 7.  0.]
 [ 4.  1.]
 [ 6.  6.]
 [-1. 14.]
 [ 5.  2.]
 [ 8.  0.]
 [ 4.  0.]
 [ 6.  6.]
 [-1. 14.]
 [ 5.  1.]
 [ 9.  0.]
 [ 4. -1.]
 [ 6.  6.]
 [-1. 14.]
 [ 5.  0.]
 [10.  0.]
 [ 3. -2.]
 [ 6.  6.]
 [-1. 14.]
 [ 5. -1.]
 [11.  1.]
 [ 2. -3.]
 [ 6.  6.]
 [-1. 14.]
 [ 4. -2.]
 [11.  2.]
 [ 1. -3.]
 [ 6.  6.]
 [-1. 14.]
 [ 3. -2.]
 [11.  3.]
 [ 0. -3.]
 [ 6.  6.]
 [-1. 14.]
 [ 2. -2.]
 [11.  4.]
 [-1. -3.]
 [ 6.  6.]
 [-1. 14.]
 [ 1. -2.]
 [10.  4.]
 [-2. -3.]
 [ 6.  6.]
 [-1. 14.]
 [ 0. -2.]
 [ 9.  5.]
 [-3. -3.]
 [ 6.  6.]
 [-1. 14.]
 [-1. -2.]
 [ 8.  5.]
 [-4. -3.]
 [ 6.  6.]
 [-1. 14.]
 [-2. -2.]
 [ 8.  5.]
 [-4. -3.]
 [ 6.  6.]
 [-1. 14.]
 [-2. -2.]
 [ 7.  5.]
 [-5. -3.]
 [ 6.  6.]
 [-1. 14.]
 [-3. -2.]]
