Maze:
##########################
#                        #
#                        #
#                        #
#                        #
#                        #
#     ##############     #
#     #      A     #     #
#     #            #     #
#     #     C      #     #
#     #            #     #
#     #            #     #
#     #     D      #     #
#     #           S#     #
#     #            #     #
#     #            #     #
#     #            #     #
#     #B           #     #
#     #            #     #
#     ##############     #
#                        #
#                        #
#                        #
#                        #
#                        #
##########################
[[12.  7.]
 [ 7.  1.]
 [ 1. 11.]
 [ 6.  3.]
 [ 6.  6.]
 [13.  8.]
 [ 7.  2.]
 [ 1. 11.]
 [ 5.  4.]
 [ 6.  6.]
 [13.  8.]
 [ 6.  3.]
 [ 1. 11.]
 [ 4.  4.]
 [ 6.  6.]
 [13.  8.]
 [ 5.  3.]
 [ 1. 11.]
 [ 3.  4.]
 [ 6.  6.]
 [13.  8.]
 [ 4.  3.]
 [ 1. 10.]
 [ 2.  4.]
 [ 6.  6.]
 [13.  8.]
 [ 3.  3.]
 [ 1.  9.]
 [ 1.  4.]
 [ 6.  6.]
 [13.  8.]
 [ 2.  3.]
 [ 1.  8.]
 [ 0.  4.]
 [ 6.  6.]
 [13.  8.]
 [ 1.  3.]
 [ 1.  7.]
 [-1.  4.]
 [ 6.  6.]
 [13.  8.]
 [ 0.  3.]
 [ 1.  6.]
 [-2.  4.]
 [ 6.  6.]
 [13.  8.]
 [-1.  3.]
 [ 1.  5.]
 [-3.  4.]
 [ 6.  6.]
 [13.  8.]
 [-2.  3.]
 [ 0.  4.]
 [-4.  4.]
 [ 6.  6.]
 [13.  8.]
 [-3.  3.]
 [-1.  4.]
 [-5.  4.]
 [ 6.  6.]
 [13.  8.]
 [-4.  3.]
 [-2.  4.]
 [-5.  4.]
 [ 6.  6.]
 [13.  8.]
 [-5.  3.]
 [-3.  4.]
 [-5.  5.]
 [ 6.  6.]
 [13.  8.]
 [-5.  4.]
 [-4.  4.]
 [-5.  6.]
 [ 6.  6.]
 [13.  8.]
 [-5.  4.]
 [-4.  4.]
 [-5.  7.]
 [ 6.  6.]
 [13.  8.]
 [-5.  4.]
 [-4.  4.]
 [-5.  8.]
 [ 6.  6.]
 [13.  8.]
 [-5.  4.]
 [-4.  4.]
 [-5.  9.]
 [ 6.  6.]
 [13.  8.]
 [-5.  4.]
 [-4.  4.]
 [-5. 10.]
 [ 6.  6.]
 [13.  8.]
 [-5.  4.]
 [-4.  4.]
 [-5. 11.]
 [ 6.  6.]
 [13.  8.]
 [-5.  4.]
 [-4.  4.]
 [-5. 11.]
 [ 6.  6.]
 [13.  8.]
 [-5.  4.]
 [-4.  4.]
 [-5. 12.]
 [ 6.  6.]]
