Maze:
##########################
#                        #
#                        #
#                        #
#                        #
#                        #
#     ##############     #
#     #            #     #
#     #            #     #
#     #            #     #
#     #A           #     #
#     #            #     #
#     #     D      #     #
#     #  C         #     #
#     #            #     #
#     #          B #     #
#     #            #     #
#     #         S  #     #
#     #            #     #
#     ##############     #
#                        #
#                        #
#                        #
#                        #
#                        #
##########################
[[10. 11.]
 [ 1.  4.]
 [11.  9.]
 [ 3.  7.]
 [ 6.  6.]
 [11. 10.]
 [ 1.  5.]
 [10.  9.]
 [ 3.  8.]
 [ 6.  6.]
 [11. 10.]
 [ 1.  6.]
 [10.  9.]
 [ 3.  9.]
 [ 6.  6.]
 [11. 10.]
 [ 1.  7.]
 [10.  9.]
 [ 3. 10.]
 [ 6.  6.]
 [11. 10.]
 [ 1.  8.]
 [10.  9.]
 [ 3. 11.]
 [ 6.  6.]
 [11. 10.]
 [ 1.  9.]
 [10.  9.]
 [ 3. 12.]
 [ 6.  6.]
 [10.  9.]
 [ 1. 10.]
 [10. 10.]
 [ 3. 13.]
 [ 6.  6.]
 [10. 10.]
 [ 2. 11.]
 [10.  9.]
 [ 3. 14.]
 [ 6.  6.]
 [10.  9.]
 [ 2. 12.]
 [10. 10.]
 [ 3. 15.]
 [ 6.  6.]
 [10. 10.]
 [ 2. 13.]
 [10.  9.]
 [ 3. 16.]
 [ 6.  6.]
 [10.  9.]
 [ 2. 14.]
 [10. 10.]
 [ 3. 17.]
 [ 6.  6.]
 [10. 10.]
 [ 2. 15.]
 [10.  9.]
 [ 3. 17.]
 [ 6.  6.]
 [10.  9.]
 [ 2. 16.]
 [10. 10.]
 [ 3. 17.]
 [ 6.  6.]
 [10. 10.]
 [ 3. 17.]
 [10.  9.]
 [ 4. 17.]
 [ 6.  6.]
 [10.  9.]
 [ 4. 17.]
 [10. 10.]
 [ 5. 17.]
 [ 6.  6.]
 [10. 10.]
 [ 5. 17.]
 [10.  9.]
 [ 6. 17.]
 [ 6.  6.]
 [10.  9.]
 [ 6. 17.]
 [10. 10.]
 [ 7. 17.]
 [ 6.  6.]
 [10. 10.]
 [ 7. 17.]
 [10.  9.]
 [ 8. 17.]
 [ 6.  6.]
 [10.  9.]
 [ 8. 17.]
 [10. 10.]
 [ 9. 17.]
 [ 6.  6.]
 [10. 10.]
 [ 9. 17.]
 [10.  9.]
 [10. 17.]
 [ 6.  6.]
 [10. 10.]
 [ 9. 17.]
 [10.  9.]
 [10. 17.]
 [ 6.  6.]
 [10.  9.]
 [10. 17.]
 [10. 10.]
 [11. 17.]
 [ 6.  6.]]
