Maze:
##########################
#                        #
#                        #
#                        #
#                        #
#                        #
#     ##############     #
#     #   D        #     #
#     #            #     #
#     #            #     #
#     #            #     #
#     #    S       #     #
#     #     BC     #     #
#     #            #     #
#     #            #     #
#     #     A      #     #
#     #            #     #
#     #            #     #
#     #            #     #
#     ##############     #
#                        #
#                        #
#                        #
#                        #
#                        #
##########################
[[ 5.  5.]
 [ 6.  9.]
 [ 6.  6.]
 [ 7.  6.]
 [ 4.  1.]
 [ 5.  5.]
 [ 6. 10.]
 [ 6.  6.]
 [ 8.  6.]
 [ 4.  2.]
 [ 5.  5.]
 [ 6. 11.]
 [ 6.  6.]
 [ 9.  7.]
 [ 4.  3.]
 [ 5.  5.]
 [ 6. 12.]
 [ 6.  6.]
 [ 9.  8.]
 [ 4.  4.]
 [ 5.  5.]
 [ 6. 12.]
 [ 6.  6.]
 [ 9.  9.]
 [ 4.  4.]
 [ 5.  5.]
 [ 6. 12.]
 [ 6.  6.]
 [ 8. 10.]
 [ 4.  4.]
 [ 5.  5.]
 [ 6. 13.]
 [ 6.  6.]
 [ 7. 11.]
 [ 4.  4.]
 [ 5.  5.]
 [ 6. 14.]
 [ 6.  6.]
 [ 7. 12.]
 [ 4.  4.]
 [ 5.  5.]
 [ 6. 15.]
 [ 6.  6.]
 [ 7. 13.]
 [ 4.  4.]
 [ 5.  5.]
 [ 6. 16.]
 [ 6.  6.]
 [ 7. 14.]
 [ 4.  4.]
 [ 5.  5.]
 [ 6. 17.]
 [ 6.  6.]
 [ 7. 15.]
 [ 4.  4.]
 [ 5.  5.]
 [ 6. 17.]
 [ 6.  6.]
 [ 7. 16.]
 [ 4.  4.]
 [ 5.  5.]
 [ 5. 17.]
 [ 6.  6.]
 [ 6. 17.]
 [ 4.  4.]
 [ 5.  5.]
 [ 4. 17.]
 [ 6.  6.]
 [ 5. 17.]
 [ 4.  4.]
 [ 5.  5.]
 [ 3. 17.]
 [ 6.  6.]
 [ 4. 17.]
 [ 4.  4.]
 [ 5.  5.]
 [ 2. 17.]
 [ 6.  6.]
 [ 3. 17.]
 [ 4.  4.]
 [ 5.  5.]
 [ 1. 17.]
 [ 6.  6.]
 [ 2. 17.]
 [ 4.  4.]
 [ 5.  5.]
 [ 0. 17.]
 [ 6.  6.]
 [ 1. 17.]
 [ 4.  4.]
 [ 5.  5.]
 [-1. 17.]
 [ 6.  6.]
 [ 0. 17.]
 [ 4.  4.]
 [ 5.  5.]
 [-2. 17.]
 [ 6.  6.]
 [-1. 17.]
 [ 4.  4.]
 [ 5.  5.]
 [-2. 17.]
 [ 6.  6.]
 [-1. 17.]
 [ 4.  4.]
 [ 5.  5.]
 [-3. 17.]
 [ 6.  6.]
 [-2. 17.]
 [ 4.  4.]]
