Maze:
##########################
#                        #
#                        #
#                        #
#                        #
#                        #
#     ##############     #
#     #       A    #     #
#     #            #     #
#     #         C  #     #
#     #            #     #
#     #            #     #
#     #     B      #     #
#     #      S     #     #
#     #            #     #
#     #            #     #
#     #D           #     #
#     #            #     #
#     #            #     #
#     ##############     #
#                        #
#                        #
#                        #
#                        #
#                        #
##########################
[[ 7.  7.]
 [ 8.  1.]
 [ 6.  6.]
 [10.  3.]
 [ 1. 10.]
 [ 7.  7.]
 [ 8.  0.]
 [ 6.  6.]
 [ 9.  2.]
 [ 1. 10.]
 [ 7.  7.]
 [ 8. -1.]
 [ 6.  6.]
 [ 9.  1.]
 [ 1. 10.]
 [ 7.  7.]
 [ 8. -2.]
 [ 6.  6.]
 [ 9.  0.]
 [ 1. 10.]
 [ 7.  7.]
 [ 8. -3.]
 [ 6.  6.]
 [ 9. -1.]
 [ 1. 10.]
 [ 7.  7.]
 [ 8. -4.]
 [ 6.  6.]
 [ 9. -2.]
 [ 1. 10.]
 [ 7.  7.]
 [ 8. -5.]
 [ 6.  6.]
 [ 9. -3.]
 [ 1. 10.]
 [ 7.  7.]
 [ 8. -5.]
 [ 6.  6.]
 [ 9. -4.]
 [ 1. 10.]
 [ 7.  7.]
 [ 7. -5.]
 [ 6.  6.]
 [ 8. -5.]
 [ 1. 10.]
 [ 7.  7.]
 [ 6. -5.]
 [ 6.  6.]
 [ 7. -5.]
 [ 1. 10.]
 [ 7.  7.]
 [ 5. -5.]
 [ 6.  6.]
 [ 6. -5.]
 [ 1. 10.]
 [ 7.  7.]
 [ 4. -5.]
 [ 6.  6.]
 [ 5. -5.]
 [ 1. 10.]
 [ 7.  7.]
 [ 3. -5.]
 [ 6.  6.]
 [ 4. -5.]
 [ 1. 10.]
 [ 7.  7.]
 [ 2. -5.]
 [ 6.  6.]
 [ 3. -5.]
 [ 1. 10.]
 [ 7.  7.]
 [ 1. -5.]
 [ 6.  6.]
 [ 2. -5.]
 [ 1. 10.]
 [ 7.  7.]
 [ 0. -5.]
 [ 6.  6.]
 [ 1. -5.]
 [ 1. 10.]
 [ 7.  7.]
 [-1. -5.]
 [ 6.  6.]
 [ 0. -5.]
 [ 1. 10.]
 [ 7.  7.]
 [-2. -5.]
 [ 6.  6.]
 [-1. -5.]
 [ 1. 10.]
 [ 7.  7.]
 [-3. -5.]
 [ 6.  6.]
 [-2. -5.]
 [ 1. 10.]
 [ 7.  7.]
 [-4. -5.]
 [ 6.  6.]
 [-3. -5.]
 [ 1. 10.]
 [ 7.  7.]
 [-4. -5.]
 [ 6.  6.]
 [-3. -5.]
 [ 1. 10.]
 [ 7.  7.]
 [-5. -5.]
 [ 6.  6.]
 [-4. -5.]
 [ 1. 10.]]
