Maze:
##########################
#                        #
#                        #
#                        #
#                        #
#                        #
#     ##############     #
#     #           A#     #
#     #            #     #
#     #            #     #
#     #            #     #
#     #            #     #
#     #     C      #     #
#     #   S        #     #
#     #            #     #
#     #      D     #     #
#     #            #     #
#     #  B         #     #
#     #            #     #
#     ##############     #
#                        #
#                        #
#                        #
#                        #
#                        #
##########################
[[ 4.  7.]
 [12.  1.]
 [ 3. 11.]
 [ 6.  6.]
 [ 7.  9.]
 [ 5.  6.]
 [12.  1.]
 [ 3. 10.]
 [ 6.  6.]
 [ 6.  9.]
 [ 5.  6.]
 [12.  1.]
 [ 2. 10.]
 [ 6.  6.]
 [ 5.  9.]
 [ 5.  6.]
 [12.  1.]
 [ 1. 10.]
 [ 6.  6.]
 [ 4.  9.]
 [ 5.  6.]
 [12.  1.]
 [ 0. 10.]
 [ 6.  6.]
 [ 3.  9.]
 [ 5.  6.]
 [12.  1.]
 [-1. 10.]
 [ 6.  6.]
 [ 2.  9.]
 [ 5.  6.]
 [12.  1.]
 [-2. 10.]
 [ 6.  6.]
 [ 1.  9.]
 [ 5.  6.]
 [12.  1.]
 [-3. 10.]
 [ 6.  6.]
 [ 0.  9.]
 [ 5.  6.]
 [12.  1.]
 [-4. 10.]
 [ 6.  6.]
 [-1.  9.]
 [ 5.  6.]
 [12.  1.]
 [-5. 10.]
 [ 6.  6.]
 [-2.  9.]
 [ 5.  6.]
 [12.  1.]
 [-5. 10.]
 [ 6.  6.]
 [-3.  9.]
 [ 5.  6.]
 [12.  1.]
 [-5. 10.]
 [ 6.  6.]
 [-4.  9.]
 [ 5.  6.]
 [12.  1.]
 [-5. 11.]
 [ 6.  6.]
 [-5. 10.]
 [ 5.  6.]
 [12.  1.]
 [-5. 12.]
 [ 6.  6.]
 [-5. 11.]
 [ 5.  6.]
 [12.  1.]
 [-5. 13.]
 [ 6.  6.]
 [-5. 12.]
 [ 5.  6.]
 [12.  1.]
 [-5. 14.]
 [ 6.  6.]
 [-5. 13.]
 [ 5.  6.]
 [12.  1.]
 [-5. 15.]
 [ 6.  6.]
 [-5. 14.]
 [ 5.  6.]
 [12.  1.]
 [-5. 16.]
 [ 6.  6.]
 [-5. 15.]
 [ 5.  6.]
 [12.  1.]
 [-5. 17.]
 [ 6.  6.]
 [-5. 16.]
 [ 5.  6.]
 [12.  1.]
 [-5. 17.]
 [ 6.  6.]
 [-5. 16.]]
