Maze:
##########################
#                        #
#                        #
#                        #
#                        #
#                        #
#     ##############     #
#     #      B     #     #
#     #            #     #
#     #       D    #     #
#     #            #     #
#     #            #     #
#     #     C  A   #     #
#     #         S  #     #
#     #            #     #
#     #            #     #
#     #            #     #
#     #            #     #
#     #            #     #
#     ##############     #
#                        #
#                        #
#                        #
#                        #
#                        #
##########################
[[10.  7.]
 [ 9.  6.]
 [ 7.  1.]
 [ 6.  6.]
 [ 8.  3.]
 [11.  8.]
 [ 9.  6.]
 [ 7.  0.]
 [ 6.  6.]
 [ 8.  2.]
 [11.  9.]
 [10.  6.]
 [ 7. -1.]
 [ 6.  6.]
 [ 8.  1.]
 [11. 10.]
 [10.  6.]
 [ 7. -2.]
 [ 6.  6.]
 [ 8.  0.]
 [11. 11.]
 [10.  6.]
 [ 7. -3.]
 [ 6.  6.]
 [ 8. -1.]
 [11. 11.]
 [10.  6.]
 [ 7. -4.]
 [ 6.  6.]
 [ 8. -2.]
 [11. 11.]
 [10.  6.]
 [ 7. -5.]
 [ 6.  6.]
 [ 8. -3.]
 [11. 11.]
 [10.  6.]
 [ 7. -5.]
 [ 6.  6.]
 [ 8. -4.]
 [11. 11.]
 [10.  6.]
 [ 6. -5.]
 [ 6.  6.]
 [ 7. -5.]
 [11. 11.]
 [10.  6.]
 [ 5. -5.]
 [ 6.  6.]
 [ 6. -5.]
 [11. 11.]
 [10.  6.]
 [ 4. -5.]
 [ 6.  6.]
 [ 5. -5.]
 [11. 11.]
 [10.  6.]
 [ 3. -5.]
 [ 6.  6.]
 [ 4. -5.]
 [11. 11.]
 [10.  6.]
 [ 2. -5.]
 [ 6.  6.]
 [ 3. -5.]
 [11. 11.]
 [10.  6.]
 [ 1. -5.]
 [ 6.  6.]
 [ 2. -5.]
 [11. 11.]
 [10.  6.]
 [ 0. -5.]
 [ 6.  6.]
 [ 1. -5.]
 [11. 11.]
 [10.  6.]
 [-1. -5.]
 [ 6.  6.]
 [ 0. -5.]
 [11. 11.]
 [10.  6.]
 [-2. -5.]
 [ 6.  6.]
 [-1. -5.]
 [11. 11.]
 [10.  6.]
 [-3. -5.]
 [ 6.  6.]
 [-2. -5.]
 [11. 11.]
 [10.  6.]
 [-4. -5.]
 [ 6.  6.]
 [-3. -5.]
 [11. 11.]
 [10.  6.]
 [-5. -5.]
 [ 6.  6.]
 [-4. -5.]
 [11. 11.]
 [10.  6.]
 [-5. -5.]
 [ 6.  6.]
 [-4. -5.]]
