Maze:
##########################
#                        #
#                        #
#                        #
#                        #
#                        #
#     ##############     #
#     #            #     #
#     #  C         #     #
#     #            #     #
#     #            #     #
#     #            #     #
#     #     S D    #     #
#     #   A        #     #
#     #         B  #     #
#     #            #     #
#     #            #     #
#     #            #     #
#     #            #     #
#     ##############     #
#                        #
#                        #
#                        #
#                        #
#                        #
##########################
[[ 6.  6.]
 [ 4.  7.]
 [10.  8.]
 [ 3.  2.]
 [ 8.  6.]
 [ 6.  6.]
 [ 3.  7.]
 [10.  8.]
 [ 3.  3.]
 [ 7.  7.]
 [ 6.  6.]
 [ 2.  7.]
 [10.  8.]
 [ 3.  4.]
 [ 7.  7.]
 [ 6.  6.]
 [ 1.  7.]
 [10.  8.]
 [ 3.  5.]
 [ 7.  7.]
 [ 6.  6.]
 [ 0.  7.]
 [10.  8.]
 [ 3.  6.]
 [ 7.  7.]
 [ 6.  6.]
 [-1.  7.]
 [10.  8.]
 [ 2.  6.]
 [ 7.  7.]
 [ 6.  6.]
 [-2.  7.]
 [10.  8.]
 [ 1.  6.]
 [ 7.  7.]
 [ 6.  6.]
 [-3.  7.]
 [10.  8.]
 [ 0.  6.]
 [ 7.  7.]
 [ 6.  6.]
 [-4.  7.]
 [10.  8.]
 [-1.  6.]
 [ 7.  7.]
 [ 6.  6.]
 [-5.  7.]
 [10.  8.]
 [-2.  6.]
 [ 7.  7.]
 [ 6.  6.]
 [-5.  7.]
 [10.  8.]
 [-3.  6.]
 [ 7.  7.]
 [ 6.  6.]
 [-5.  7.]
 [10.  8.]
 [-4.  6.]
 [ 7.  7.]
 [ 6.  6.]
 [-5.  8.]
 [10.  8.]
 [-5.  7.]
 [ 7.  7.]
 [ 6.  6.]
 [-5.  9.]
 [10.  8.]
 [-5.  8.]
 [ 7.  7.]
 [ 6.  6.]
 [-5. 10.]
 [10.  8.]
 [-5.  9.]
 [ 7.  7.]
 [ 6.  6.]
 [-5. 11.]
 [10.  8.]
 [-5. 10.]
 [ 7.  7.]
 [ 6.  6.]
 [-5. 12.]
 [10.  8.]
 [-5. 11.]
 [ 7.  7.]
 [ 6.  6.]
 [-5. 13.]
 [10.  8.]
 [-5. 12.]
 [ 7.  7.]
 [ 6.  6.]
 [-5. 14.]
 [10.  8.]
 [-5. 13.]
 [ 7.  7.]
 [ 6.  6.]
 [-5. 15.]
 [10.  8.]
 [-5. 14.]
 [ 7.  7.]
 [ 6.  6.]
 [-5. 15.]
 [10.  8.]
 [-5. 14.]
 [ 7.  7.]
 [ 6.  6.]
 [-5. 16.]
 [10.  8.]
 [-5. 15.]
 [ 7.  7.]]
