Maze:
##########################
#                        #
#                        #
#                        #
#                        #
#                        #
#     ##############     #
#     #            #     #
#     #         D  #     #
#     #            #     #
#     #    S       #     #
#     #            #     #
#     #     B      #     #
#     #            #     #
#     #            #     #
#     #        C   #     #
#     #     A      #     #
#     #            #     #
#     #            #     #
#     ##############     #
#                        #
#                        #
#                        #
#                        #
#                        #
##########################
[[ 5.  4.]
 [ 6. 10.]
 [ 6.  6.]
 [ 9.  9.]
 [10.  2.]
 [ 5.  5.]
 [ 6. 11.]
 [ 6.  6.]
 [ 8.  9.]
 [ 9.  2.]
 [ 5.  5.]
 [ 6. 12.]
 [ 6.  6.]
 [ 7. 10.]
 [ 8.  2.]
 [ 5.  5.]
 [ 6. 13.]
 [ 6.  6.]
 [ 7. 11.]
 [ 7.  3.]
 [ 5.  6.]
 [ 6. 14.]
 [ 6.  6.]
 [ 7. 12.]
 [ 6.  4.]
 [ 5.  6.]
 [ 6. 15.]
 [ 6.  6.]
 [ 7. 13.]
 [ 6.  5.]
 [ 6.  7.]
 [ 6. 16.]
 [ 6.  6.]
 [ 7. 14.]
 [ 6.  5.]
 [ 6.  7.]
 [ 6. 17.]
 [ 6.  6.]
 [ 7. 15.]
 [ 6.  5.]
 [ 6.  7.]
 [ 6. 17.]
 [ 6.  6.]
 [ 7. 16.]
 [ 6.  5.]
 [ 6.  7.]
 [ 5. 17.]
 [ 6.  6.]
 [ 6. 17.]
 [ 6.  5.]
 [ 6.  7.]
 [ 4. 17.]
 [ 6.  6.]
 [ 5. 17.]
 [ 6.  5.]
 [ 6.  7.]
 [ 3. 17.]
 [ 6.  6.]
 [ 4. 17.]
 [ 6.  5.]
 [ 6.  7.]
 [ 2. 17.]
 [ 6.  6.]
 [ 3. 17.]
 [ 6.  5.]
 [ 6.  7.]
 [ 1. 17.]
 [ 6.  6.]
 [ 2. 17.]
 [ 6.  5.]
 [ 6.  7.]
 [ 0. 17.]
 [ 6.  6.]
 [ 1. 17.]
 [ 6.  5.]
 [ 6.  7.]
 [-1. 17.]
 [ 6.  6.]
 [ 0. 17.]
 [ 6.  5.]
 [ 6.  7.]
 [-2. 17.]
 [ 6.  6.]
 [-1. 17.]
 [ 6.  5.]
 [ 6.  7.]
 [-3. 17.]
 [ 6.  6.]
 [-2. 17.]
 [ 6.  5.]
 [ 6.  7.]
 [-4. 17.]
 [ 6.  6.]
 [-3. 17.]
 [ 6.  5.]
 [ 6.  7.]
 [-5. 17.]
 [ 6.  6.]
 [-4. 17.]
 [ 6.  5.]
 [ 6.  7.]
 [-5. 17.]
 [ 6.  6.]
 [-4. 17.]
 [ 6.  5.]]
