Maze:
##########################
#                        #
#                        #
#                        #
#                        #
#                        #
#     ##############     #
#     #        C   #     #
#     #            #     #
#     #           A#     #
#     #            #     #
#     #            #     #
#     #     B      #     #
#     #            #     #
#     #            #     #
#     #            #     #
#     #      S     #     #
#     # D          #     #
#     #            #     #
#     ##############     #
#                        #
#                        #
#                        #
#                        #
#                        #
##########################
[[ 7. 10.]
 [12.  3.]
 [ 6.  6.]
 [ 9.  1.]
 [ 2. 11.]
 [ 7.  9.]
 [12.  3.]
 [ 6.  6.]
 [10.  1.]
 [ 2. 11.]
 [ 7.  8.]
 [13.  3.]
 [ 6.  6.]
 [11.  2.]
 [ 2. 11.]
 [ 7.  7.]
 [14.  3.]
 [ 6.  6.]
 [12.  2.]
 [ 2. 11.]
 [ 7.  7.]
 [15.  3.]
 [ 6.  6.]
 [13.  2.]
 [ 2. 11.]
 [ 7.  7.]
 [16.  3.]
 [ 6.  6.]
 [14.  2.]
 [ 2. 11.]
 [ 7.  7.]
 [17.  3.]
 [ 6.  6.]
 [15.  2.]
 [ 2. 11.]
 [ 7.  7.]
 [17.  3.]
 [ 6.  6.]
 [16.  2.]
 [ 2. 11.]
 [ 7.  7.]
 [17.  4.]
 [ 6.  6.]
 [17.  3.]
 [ 2. 11.]
 [ 7.  7.]
 [17.  5.]
 [ 6.  6.]
 [17.  4.]
 [ 2. 11.]
 [ 7.  7.]
 [17.  6.]
 [ 6.  6.]
 [17.  5.]
 [ 2. 11.]
 [ 7.  7.]
 [17.  7.]
 [ 6.  6.]
 [17.  6.]
 [ 2. 11.]
 [ 7.  7.]
 [17.  8.]
 [ 6.  6.]
 [17.  7.]
 [ 2. 11.]
 [ 7.  7.]
 [17.  9.]
 [ 6.  6.]
 [17.  8.]
 [ 2. 11.]
 [ 7.  7.]
 [17. 10.]
 [ 6.  6.]
 [17.  9.]
 [ 2. 11.]
 [ 7.  7.]
 [17. 11.]
 [ 6.  6.]
 [17. 10.]
 [ 2. 11.]
 [ 7.  7.]
 [17. 12.]
 [ 6.  6.]
 [17. 11.]
 [ 2. 11.]
 [ 7.  7.]
 [17. 13.]
 [ 6.  6.]
 [17. 12.]
 [ 2. 11.]
 [ 7.  7.]
 [17. 14.]
 [ 6.  6.]
 [17. 13.]
 [ 2. 11.]
 [ 7.  7.]
 [17. 15.]
 [ 6.  6.]
 [17. 14.]
 [ 2. 11.]
 [ 7.  7.]
 [17. 15.]
 [ 6.  6.]
 [17. 14.]
 [ 2. 11.]
 [ 7.  7.]
 [17. 16.]
 [ 6.  6.]
 [17. 15.]
 [ 2. 11.]]
