Maze:
##########################
#                        #
#                        #
#                        #
#                        #
#                        #
#     ##############     #
#     #     A      #     #
#     #            #     #
#     #            #     #
#     #            #     #
#     #            #     #
#     #     B  C   #     #
#     #            #     #
#     #         D  #     #
#     #            #     #
#     #            #     #
#     #            #     #
#     #           S#     #
#     ##############     #
#                        #
#                        #
#                        #
#                        #
#                        #
##########################
[[12. 12.]
 [ 6.  1.]
 [ 6.  6.]
 [ 9.  6.]
 [10.  8.]
 [12. 12.]
 [ 6.  1.]
 [ 6.  6.]
 [ 9.  5.]
 [10.  9.]
 [13. 13.]
 [ 6.  1.]
 [ 6.  6.]
 [ 9.  4.]
 [10.  9.]
 [13. 13.]
 [ 6.  0.]
 [ 6.  6.]
 [ 9.  3.]
 [10.  9.]
 [13. 13.]
 [ 6.  0.]
 [ 6.  6.]
 [ 9.  2.]
 [10.  9.]
 [13. 13.]
 [ 6.  0.]
 [ 6.  6.]
 [ 8.  1.]
 [10.  9.]
 [13. 13.]
 [ 5. -1.]
 [ 6.  6.]
 [ 7.  0.]
 [10.  9.]
 [13. 13.]
 [ 4. -2.]
 [ 6.  6.]
 [ 6. -1.]
 [10.  9.]
 [13. 13.]
 [ 3. -3.]
 [ 6.  6.]
 [ 5. -1.]
 [10.  9.]
 [13. 13.]
 [ 3. -4.]
 [ 6.  6.]
 [ 4. -2.]
 [10.  9.]
 [13. 13.]
 [ 3. -5.]
 [ 6.  6.]
 [ 4. -3.]
 [10.  9.]
 [13. 13.]
 [ 3. -5.]
 [ 6.  6.]
 [ 4. -4.]
 [10.  9.]
 [13. 13.]
 [ 2. -5.]
 [ 6.  6.]
 [ 3. -5.]
 [10.  9.]
 [13. 13.]
 [ 1. -5.]
 [ 6.  6.]
 [ 2. -5.]
 [10.  9.]
 [13. 13.]
 [ 0. -5.]
 [ 6.  6.]
 [ 1. -5.]
 [10.  9.]
 [13. 13.]
 [-1. -5.]
 [ 6.  6.]
 [ 0. -5.]
 [10.  9.]
 [13. 13.]
 [-2. -5.]
 [ 6.  6.]
 [-1. -5.]
 [10.  9.]
 [13. 13.]
 [-3. -5.]
 [ 6.  6.]
 [-2. -5.]
 [10.  9.]
 [13. 13.]
 [-4. -5.]
 [ 6.  6.]
 [-3. -5.]
 [10.  9.]
 [13. 13.]
 [-5. -5.]
 [ 6.  6.]
 [-4. -5.]
 [10.  9.]
 [13. 13.]
 [-5. -5.]
 [ 6.  6.]
 [-4. -5.]
 [10.  9.]]
