Maze:
##########################
#                        #
#                        #
#                        #
#                        #
#                        #
#     ##############     #
#     #         S  #     #
#     #            #     #
#     #            #     #
#     #            #     #
#     # A          #     #
#     #     C      #     #
#     #          D #     #
#     #            #     #
#     #            #     #
#     #            #     #
#     #        B   #     #
#     #            #     #
#     ##############     #
#                        #
#                        #
#                        #
#                        #
#                        #
##########################
[[10.  1.]
 [ 2.  5.]
 [ 9. 11.]
 [ 6.  6.]
 [11.  7.]
 [10.  1.]
 [ 1.  5.]
 [ 9. 11.]
 [ 6.  6.]
 [12.  6.]
 [10.  1.]
 [ 0.  5.]
 [ 9. 11.]
 [ 6.  6.]
 [13.  5.]
 [10.  1.]
 [ 0.  5.]
 [ 9. 11.]
 [ 6.  6.]
 [13.  4.]
 [10.  1.]
 [ 0.  5.]
 [ 9. 11.]
 [ 6.  6.]
 [13.  3.]
 [10.  1.]
 [ 0.  5.]
 [ 9. 11.]
 [ 6.  6.]
 [12.  2.]
 [ 9.  0.]
 [ 0.  5.]
 [ 9. 11.]
 [ 6.  6.]
 [11.  1.]
 [ 8. -1.]
 [ 0.  5.]
 [ 9. 11.]
 [ 6.  6.]
 [10.  0.]
 [ 7. -2.]
 [ 0.  5.]
 [ 9. 11.]
 [ 6.  6.]
 [ 9. -1.]
 [ 6. -2.]
 [ 0.  5.]
 [ 9. 11.]
 [ 6.  6.]
 [ 8. -2.]
 [ 5. -2.]
 [ 0.  5.]
 [ 9. 11.]
 [ 6.  6.]
 [ 7. -2.]
 [ 4. -2.]
 [ 0.  5.]
 [ 9. 11.]
 [ 6.  6.]
 [ 6. -2.]
 [ 3. -2.]
 [ 0.  5.]
 [ 9. 11.]
 [ 6.  6.]
 [ 5. -2.]
 [ 2. -2.]
 [ 0.  5.]
 [ 9. 11.]
 [ 6.  6.]
 [ 4. -2.]
 [ 1. -2.]
 [ 0.  5.]
 [ 9. 11.]
 [ 6.  6.]
 [ 3. -2.]
 [ 0. -2.]
 [ 0.  5.]
 [ 9. 11.]
 [ 6.  6.]
 [ 2. -2.]
 [-1. -2.]
 [ 0.  5.]
 [ 9. 11.]
 [ 6.  6.]
 [ 1. -2.]
 [-2. -2.]
 [ 0.  5.]
 [ 9. 11.]
 [ 6.  6.]
 [ 0. -2.]
 [-3. -2.]
 [ 0.  5.]
 [ 9. 11.]
 [ 6.  6.]
 [-1. -2.]
 [-4. -2.]
 [ 0.  5.]
 [ 9. 11.]
 [ 6.  6.]
 [-2. -2.]
 [-4. -2.]
 [ 0.  5.]
 [ 9. 11.]
 [ 6.  6.]
 [-2. -2.]
 [-5. -2.]
 [ 0.  5.]
 [ 9. 11.]
 [ 6.  6.]
 [-3. -2.]]
