Maze:
##########################
#                        #
#                        #
#                        #
#                        #
#                        #
#     ##############     #
#     #        S   #     #
#     #            #     #
#     #            #     #
#     #  A         #     #
#     #            #     #
#     #     D      #     #
#     #   C        #     #
#     #B           #     #
#     #            #     #
#     #            #     #
#     #            #     #
#     #            #     #
#     ##############     #
#                        #
#                        #
#                        #
#                        #
#                        #
##########################
[[ 9.  1.]
 [ 3.  4.]
 [ 1.  8.]
 [ 4.  7.]
 [ 6.  6.]
 [ 9.  1.]
 [ 3.  3.]
 [ 0.  7.]
 [ 4.  8.]
 [ 6.  6.]
 [ 9.  1.]
 [ 3.  2.]
 [ 0.  6.]
 [ 4.  7.]
 [ 6.  6.]
 [ 9.  1.]
 [ 3.  1.]
 [ 0.  5.]
 [ 4.  6.]
 [ 6.  6.]
 [ 9.  1.]
 [ 3.  0.]
 [ 0.  4.]
 [ 5.  6.]
 [ 6.  6.]
 [ 9.  1.]
 [ 3. -1.]
 [ 0.  3.]
 [ 5.  6.]
 [ 6.  6.]
 [ 9.  1.]
 [ 3. -2.]
 [ 0.  2.]
 [ 5.  6.]
 [ 6.  6.]
 [ 9.  1.]
 [ 3. -3.]
 [ 0.  1.]
 [ 5.  6.]
 [ 6.  6.]
 [ 9.  1.]
 [ 3. -4.]
 [ 0.  0.]
 [ 5.  6.]
 [ 6.  6.]
 [ 9.  1.]
 [ 3. -4.]
 [ 1. -1.]
 [ 5.  6.]
 [ 6.  6.]
 [ 9.  1.]
 [ 3. -5.]
 [ 2. -2.]
 [ 5.  6.]
 [ 6.  6.]
 [ 9.  0.]
 [ 3. -5.]
 [ 2. -3.]
 [ 5.  6.]
 [ 6.  6.]
 [ 9.  0.]
 [ 3. -5.]
 [ 2. -4.]
 [ 5.  6.]
 [ 6.  6.]
 [ 9.  0.]
 [ 4. -5.]
 [ 3. -5.]
 [ 5.  6.]
 [ 6.  6.]
 [ 9.  0.]
 [ 5. -5.]
 [ 4. -5.]
 [ 5.  6.]
 [ 6.  6.]
 [ 9. -1.]
 [ 6. -5.]
 [ 5. -5.]
 [ 5.  6.]
 [ 6.  6.]
 [ 9. -2.]
 [ 7. -5.]
 [ 6. -5.]
 [ 5.  6.]
 [ 6.  6.]
 [ 9. -3.]
 [ 8. -5.]
 [ 7. -5.]
 [ 5.  6.]
 [ 6.  6.]
 [ 8. -4.]
 [ 9. -5.]
 [ 8. -5.]
 [ 5.  6.]
 [ 6.  6.]
 [ 8. -5.]
 [10. -5.]
 [ 9. -4.]
 [ 5.  6.]
 [ 6.  6.]
 [ 8. -5.]
 [10. -5.]
 [ 9. -4.]
 [ 5.  6.]
 [ 6.  6.]
 [ 9. -4.]
 [11. -5.]
 [ 9. -5.]
 [ 5.  6.]
 [ 6.  6.]]
