Maze:
##########################
#                        #
#                        #
#                        #
#                        #
#                        #
#     ##############     #
#     #            #     #
#     #            #     #
#     #   B        #     #
#     #            #     #
#     #            #     #
#     #     DA     #     #
#     #            #     #
#     #     C      #     #
#     #            #     #
#     #            #     #
#     #  S         #     #
#     #            #     #
#     ##############     #
#                        #
#                        #
#                        #
#                        #
#                        #
##########################
[[ 3. 11.]
 [ 7.  6.]
 [ 4.  3.]
 [ 6.  8.]
 [ 6.  6.]
 [ 3. 11.]
 [ 8.  6.]
 [ 5.  4.]
 [ 5.  7.]
 [ 6.  6.]
 [ 3. 11.]
 [ 9.  6.]
 [ 6.  4.]
 [ 5.  6.]
 [ 6.  6.]
 [ 3. 11.]
 [10.  6.]
 [ 7.  4.]
 [ 5.  6.]
 [ 6.  6.]
 [ 3. 11.]
 [11.  6.]
 [ 8.  4.]
 [ 5.  6.]
 [ 6.  6.]
 [ 3. 11.]
 [12.  6.]
 [ 9.  4.]
 [ 5.  6.]
 [ 6.  6.]
 [ 3. 11.]
 [13.  6.]
 [10.  4.]
 [ 5.  6.]
 [ 6.  6.]
 [ 3. 11.]
 [14.  6.]
 [11.  4.]
 [ 5.  6.]
 [ 6.  6.]
 [ 3. 11.]
 [15.  6.]
 [12.  4.]
 [ 5.  6.]
 [ 6.  6.]
 [ 3. 12.]
 [16.  6.]
 [13.  5.]
 [ 5.  6.]
 [ 6.  6.]
 [ 3. 12.]
 [17.  6.]
 [14.  5.]
 [ 5.  6.]
 [ 6.  6.]
 [ 3. 12.]
 [17.  6.]
 [15.  5.]
 [ 5.  6.]
 [ 6.  6.]
 [ 3. 12.]
 [17.  6.]
 [16.  5.]
 [ 5.  6.]
 [ 6.  6.]
 [ 3. 12.]
 [17.  7.]
 [17.  6.]
 [ 5.  6.]
 [ 6.  6.]
 [ 3. 12.]
 [17.  8.]
 [17.  7.]
 [ 5.  6.]
 [ 6.  6.]
 [ 3. 12.]
 [17.  9.]
 [17.  8.]
 [ 5.  6.]
 [ 6.  6.]
 [ 3. 12.]
 [17. 10.]
 [17.  9.]
 [ 5.  6.]
 [ 6.  6.]
 [ 3. 12.]
 [17. 11.]
 [17. 10.]
 [ 5.  6.]
 [ 6.  6.]
 [ 3. 12.]
 [17. 12.]
 [17. 11.]
 [ 5.  6.]
 [ 6.  6.]
 [ 3. 12.]
 [17. 13.]
 [17. 12.]
 [ 5.  6.]
 [ 6.  6.]
 [ 3. 12.]
 [17. 13.]
 [17. 12.]
 [ 5.  6.]
 [ 6.  6.]
 [ 3. 12.]
 [17. 14.]
 [17. 13.]
 [ 5.  6.]
 [ 6.  6.]]
