Maze:
##########################
#                        #
#                        #
#                        #
#                        #
#                        #
#     ##############     #
#     #            #     #
#     #            #     #
#     #       A    #     #
#     #    D       #     #
#     #     C      #     #
#     # S   B      #     #
#     #            #     #
#     #            #     #
#     #            #     #
#     #            #     #
#     #            #     #
#     #            #     #
#     ##############     #
#                        #
#                        #
#                        #
#                        #
#                        #
##########################
[[ 2.  6.]
 [ 8.  3.]
 [ 6.  6.]
 [ 6.  5.]
 [ 5.  4.]
 [ 1.  6.]
 [ 9.  2.]
 [ 6.  6.]
 [ 6.  5.]
 [ 4.  3.]
 [ 1.  6.]
 [10.  1.]
 [ 6.  6.]
 [ 6.  5.]
 [ 3.  2.]
 [ 1.  6.]
 [11.  1.]
 [ 6.  6.]
 [ 6.  5.]
 [ 2.  2.]
 [ 1.  6.]
 [11.  1.]
 [ 6.  6.]
 [ 6.  5.]
 [ 1.  2.]
 [ 1.  7.]
 [11.  1.]
 [ 6.  6.]
 [ 6.  5.]
 [ 0.  3.]
 [ 1.  7.]
 [11.  1.]
 [ 6.  6.]
 [ 6.  5.]
 [-1.  4.]
 [ 1.  8.]
 [11.  1.]
 [ 6.  6.]
 [ 6.  5.]
 [-1.  5.]
 [ 1.  9.]
 [11.  1.]
 [ 6.  6.]
 [ 6.  5.]
 [-1.  6.]
 [ 1.  9.]
 [11.  1.]
 [ 6.  6.]
 [ 6.  5.]
 [-1.  7.]
 [ 2. 10.]
 [11.  1.]
 [ 6.  6.]
 [ 6.  5.]
 [-1.  8.]
 [ 2. 10.]
 [11.  1.]
 [ 6.  6.]
 [ 6.  5.]
 [-1.  9.]
 [ 3. 10.]
 [11.  1.]
 [ 6.  6.]
 [ 6.  5.]
 [ 0. 10.]
 [ 4. 10.]
 [11.  1.]
 [ 6.  6.]
 [ 6.  5.]
 [ 1. 10.]
 [ 5. 10.]
 [11.  1.]
 [ 6.  6.]
 [ 6.  5.]
 [ 2. 10.]
 [ 6. 10.]
 [11.  1.]
 [ 6.  6.]
 [ 6.  5.]
 [ 3. 10.]
 [ 7. 10.]
 [11.  1.]
 [ 6.  6.]
 [ 6.  5.]
 [ 4. 11.]
 [ 8. 10.]
 [11.  1.]
 [ 6.  6.]
 [ 6.  5.]
 [ 5. 11.]
 [ 9. 10.]
 [11.  1.]
 [ 6.  6.]
 [ 6.  5.]
 [ 6. 11.]
 [10. 10.]
 [11.  1.]
 [ 6.  6.]
 [ 6.  5.]
 [ 7. 11.]
 [10. 10.]
 [11.  1.]
 [ 6.  6.]
 [ 6.  5.]
 [ 7. 11.]
 [11. 10.]
 [11.  1.]
 [ 6.  6.]
 [ 6.  5.]
 [ 8. 11.]]
