Maze:
##########################
#                        #
#                        #
#                        #
#                        #
#                        #
#     ##############     #
#     #        B   #     #
#     #      D     #     #
#     #            #     #
#     #            #     #
#     #            #     #
#     # C   A      #     #
#     #            #     #
#     #            #     #
#     #            #     #
#     #            #     #
#     #    S       #     #
#     #            #     #
#     ##############     #
#                        #
#                        #
#                        #
#                        #
#                        #
##########################
[[ 5. 11.]
 [ 6.  6.]
 [ 9.  1.]
 [ 2.  6.]
 [ 7.  2.]
 [ 5. 11.]
 [ 6.  6.]
 [ 8.  2.]
 [ 2.  6.]
 [ 6.  2.]
 [ 5. 11.]
 [ 6.  6.]
 [ 7.  3.]
 [ 2.  6.]
 [ 5.  2.]
 [ 5. 11.]
 [ 6.  6.]
 [ 7.  4.]
 [ 2.  5.]
 [ 4.  1.]
 [ 5. 11.]
 [ 6.  6.]
 [ 7.  5.]
 [ 3.  4.]
 [ 4.  0.]
 [ 5. 11.]
 [ 6.  6.]
 [ 7.  5.]
 [ 4.  4.]
 [ 4. -1.]
 [ 5. 11.]
 [ 6.  6.]
 [ 7.  5.]
 [ 5.  4.]
 [ 4. -2.]
 [ 5. 11.]
 [ 6.  6.]
 [ 7.  6.]
 [ 6.  4.]
 [ 4. -3.]
 [ 5. 11.]
 [ 6.  6.]
 [ 7.  6.]
 [ 7.  5.]
 [ 4. -3.]
 [ 5. 11.]
 [ 6.  6.]
 [ 6.  7.]
 [ 7.  6.]
 [ 4. -3.]
 [ 5. 11.]
 [ 6.  6.]
 [ 6.  7.]
 [ 7.  7.]
 [ 4. -3.]
 [ 5. 11.]
 [ 6.  6.]
 [ 5.  6.]
 [ 6.  7.]
 [ 4. -3.]
 [ 5. 11.]
 [ 6.  6.]
 [ 5.  6.]
 [ 5.  7.]
 [ 4. -3.]
 [ 5. 11.]
 [ 6.  6.]
 [ 6.  5.]
 [ 5.  6.]
 [ 4. -3.]
 [ 5. 11.]
 [ 6.  6.]
 [ 6.  5.]
 [ 5.  5.]
 [ 4. -3.]
 [ 5. 11.]
 [ 6.  6.]
 [ 7.  6.]
 [ 6.  5.]
 [ 4. -3.]
 [ 5. 11.]
 [ 6.  6.]
 [ 7.  6.]
 [ 7.  5.]
 [ 4. -3.]
 [ 5. 11.]
 [ 6.  6.]
 [ 6.  7.]
 [ 7.  6.]
 [ 4. -3.]
 [ 5. 11.]
 [ 6.  6.]
 [ 6.  7.]
 [ 7.  7.]
 [ 4. -3.]
 [ 5. 11.]
 [ 6.  6.]
 [ 5.  6.]
 [ 6.  7.]
 [ 4. -3.]
 [ 5. 11.]
 [ 6.  6.]
 [ 5.  6.]
 [ 6.  7.]
 [ 4. -3.]
 [ 5. 11.]
 [ 6.  6.]
 [ 5.  6.]
 [ 5.  7.]
 [ 4. -3.]]
