Maze:
##########################
#                        #
#                        #
#                        #
#                        #
#                        #
#     ##############     #
#     #      C     #     #
#     #B           #     #
#     #        S   #     #
#     #            #     #
#     #       A    #     #
#     #     D      #     #
#     #            #     #
#     #            #     #
#     #            #     #
#     #            #     #
#     #            #     #
#     #            #     #
#     ##############     #
#                        #
#                        #
#                        #
#                        #
#                        #
##########################
[[ 9.  3.]
 [ 8.  5.]
 [ 1.  2.]
 [ 7.  1.]
 [ 6.  6.]
 [ 9.  4.]
 [ 8.  6.]
 [ 1.  2.]
 [ 6.  1.]
 [ 6.  6.]
 [ 9.  5.]
 [ 8.  7.]
 [ 1.  2.]
 [ 5.  1.]
 [ 6.  6.]
 [ 9.  6.]
 [ 8.  8.]
 [ 0.  3.]
 [ 4.  1.]
 [ 6.  6.]
 [ 9.  7.]
 [ 8.  9.]
 [ 0.  4.]
 [ 3.  2.]
 [ 6.  6.]
 [ 9.  8.]
 [ 8. 10.]
 [-1.  5.]
 [ 2.  3.]
 [ 6.  6.]
 [ 9.  9.]
 [ 8. 11.]
 [-2.  6.]
 [ 1.  4.]
 [ 6.  6.]
 [ 9. 10.]
 [ 8. 12.]
 [-3.  7.]
 [ 0.  5.]
 [ 6.  6.]
 [ 9. 11.]
 [ 8. 13.]
 [-4.  8.]
 [-1.  6.]
 [ 6.  6.]
 [ 9. 12.]
 [ 8. 14.]
 [-5.  9.]
 [-2.  7.]
 [ 6.  6.]
 [ 9. 13.]
 [ 8. 15.]
 [-5. 10.]
 [-3.  8.]
 [ 6.  6.]
 [ 9. 14.]
 [ 8. 16.]
 [-5. 11.]
 [-4.  9.]
 [ 6.  6.]
 [ 9. 15.]
 [ 8. 17.]
 [-5. 12.]
 [-4. 10.]
 [ 6.  6.]
 [ 9. 16.]
 [ 8. 17.]
 [-5. 13.]
 [-4. 11.]
 [ 6.  6.]
 [ 8. 17.]
 [ 7. 17.]
 [-5. 14.]
 [-4. 12.]
 [ 6.  6.]
 [ 7. 17.]
 [ 6. 17.]
 [-5. 15.]
 [-4. 13.]
 [ 6.  6.]
 [ 6. 17.]
 [ 5. 17.]
 [-5. 16.]
 [-4. 14.]
 [ 6.  6.]
 [ 5. 17.]
 [ 4. 17.]
 [-5. 17.]
 [-4. 15.]
 [ 6.  6.]
 [ 4. 17.]
 [ 3. 17.]
 [-5. 17.]
 [-4. 16.]
 [ 6.  6.]
 [ 3. 17.]
 [ 2. 17.]
 [-5. 17.]
 [-4. 16.]
 [ 6.  6.]
 [ 3. 17.]
 [ 2. 17.]
 [-5. 17.]
 [-4. 16.]
 [ 6.  6.]
 [ 2. 17.]
 [ 1. 17.]
 [-5. 17.]
 [-4. 16.]
 [ 6.  6.]]
