Maze:
##########################
#                        #
#                        #
#                        #
#                        #
#                        #
#     ##############     #
#     #            #     #
#     # D          #     #
#     #            #     #
#     #            #     #
#     #            #     #
#     #     A      #     #
#     #    C       #     #
#     #            #     #
#     #            #     #
#     #            #     #
#     #       B    #     #
#     #S           #     #
#     ##############     #
#                        #
#                        #
#                        #
#                        #
#                        #
##########################
[[ 1. 12.]
 [ 6.  6.]
 [ 8. 11.]
 [ 5.  7.]
 [ 2.  2.]
 [ 1. 12.]
 [ 6.  6.]
 [ 8. 11.]
 [ 4.  8.]
 [ 2.  2.]
 [ 1. 12.]
 [ 6.  6.]
 [ 8. 11.]
 [ 4.  9.]
 [ 2.  2.]
 [ 1. 12.]
 [ 6.  6.]
 [ 8. 11.]
 [ 5. 10.]
 [ 2.  2.]
 [ 1. 12.]
 [ 6.  6.]
 [ 9. 11.]
 [ 6. 10.]
 [ 2.  2.]
 [ 1. 12.]
 [ 6.  6.]
 [10. 11.]
 [ 7. 10.]
 [ 2.  2.]
 [ 1. 12.]
 [ 6.  6.]
 [11. 11.]
 [ 8. 10.]
 [ 2.  2.]
 [ 1. 12.]
 [ 6.  6.]
 [12. 11.]
 [ 9. 10.]
 [ 2.  2.]
 [ 1. 12.]
 [ 6.  6.]
 [13. 11.]
 [10. 10.]
 [ 2.  2.]
 [ 1. 12.]
 [ 6.  6.]
 [14. 11.]
 [11. 10.]
 [ 2.  2.]
 [ 1. 12.]
 [ 6.  6.]
 [15. 11.]
 [12. 10.]
 [ 2.  2.]
 [ 1. 12.]
 [ 6.  6.]
 [16. 11.]
 [13. 10.]
 [ 2.  2.]
 [ 1. 12.]
 [ 6.  6.]
 [17. 11.]
 [14. 10.]
 [ 2.  2.]
 [ 1. 12.]
 [ 6.  6.]
 [17. 11.]
 [15. 10.]
 [ 2.  2.]
 [ 1. 12.]
 [ 6.  6.]
 [17. 11.]
 [16. 10.]
 [ 2.  2.]
 [ 1. 12.]
 [ 6.  6.]
 [17. 12.]
 [17. 11.]
 [ 2.  2.]
 [ 1. 12.]
 [ 6.  6.]
 [17. 13.]
 [17. 12.]
 [ 2.  2.]
 [ 1. 12.]
 [ 6.  6.]
 [17. 14.]
 [17. 13.]
 [ 2.  2.]
 [ 1. 12.]
 [ 6.  6.]
 [17. 15.]
 [17. 14.]
 [ 2.  2.]
 [ 1. 12.]
 [ 6.  6.]
 [17. 16.]
 [17. 15.]
 [ 2.  2.]
 [ 1. 12.]
 [ 6.  6.]
 [17. 16.]
 [17. 15.]
 [ 2.  2.]
 [ 1. 12.]
 [ 6.  6.]
 [17. 17.]
 [17. 16.]
 [ 2.  2.]]
