Maze:
##########################
#                        #
#                        #
#                        #
#                        #
#                        #
#     ##############     #
#     #            #     #
#     #      B     #     #
#     #  C         #     #
#     #            #     #
#     #            #     #
#     #     S    D #     #
#     #            #     #
#     #            #     #
#     #            #     #
#     #            #     #
#     #            #     #
#     #A           #     #
#     ##############     #
#                        #
#                        #
#                        #
#                        #
#                        #
##########################
[[ 6.  6.]
 [ 1. 12.]
 [ 7.  2.]
 [ 3.  3.]
 [11.  6.]
 [ 6.  6.]
 [ 1. 12.]
 [ 8.  3.]
 [ 4.  3.]
 [11.  6.]
 [ 6.  6.]
 [ 1. 12.]
 [ 8.  4.]
 [ 5.  3.]
 [11.  7.]
 [ 6.  6.]
 [ 1. 12.]
 [ 8.  5.]
 [ 6.  3.]
 [11.  8.]
 [ 6.  6.]
 [ 1. 12.]
 [ 8.  6.]
 [ 7.  4.]
 [11.  9.]
 [ 6.  6.]
 [ 1. 12.]
 [ 7.  7.]
 [ 7.  5.]
 [11. 10.]
 [ 6.  6.]
 [ 1. 12.]
 [ 6.  7.]
 [ 7.  6.]
 [11. 10.]
 [ 6.  6.]
 [ 1. 12.]
 [ 5.  6.]
 [ 6.  7.]
 [11. 10.]
 [ 6.  6.]
 [ 1. 12.]
 [ 6.  5.]
 [ 5.  6.]
 [11. 10.]
 [ 6.  6.]
 [ 1. 12.]
 [ 7.  6.]
 [ 6.  5.]
 [11. 10.]
 [ 6.  6.]
 [ 1. 12.]
 [ 6.  7.]
 [ 7.  6.]
 [11. 10.]
 [ 6.  6.]
 [ 1. 12.]
 [ 5.  6.]
 [ 6.  7.]
 [11. 10.]
 [ 6.  6.]
 [ 1. 12.]
 [ 6.  5.]
 [ 5.  6.]
 [11. 10.]
 [ 6.  6.]
 [ 1. 12.]
 [ 7.  6.]
 [ 6.  5.]
 [11. 10.]
 [ 6.  6.]
 [ 1. 12.]
 [ 6.  7.]
 [ 7.  6.]
 [11. 10.]
 [ 6.  6.]
 [ 1. 12.]
 [ 5.  6.]
 [ 6.  7.]
 [11. 10.]
 [ 6.  6.]
 [ 1. 12.]
 [ 6.  5.]
 [ 5.  6.]
 [11. 10.]
 [ 6.  6.]
 [ 1. 12.]
 [ 7.  6.]
 [ 6.  5.]
 [11. 10.]
 [ 6.  6.]
 [ 1. 12.]
 [ 6.  7.]
 [ 7.  6.]
 [11. 10.]
 [ 6.  6.]
 [ 1. 12.]
 [ 5.  6.]
 [ 6.  7.]
 [11. 10.]
 [ 6.  6.]
 [ 1. 12.]
 [ 5.  6.]
 [ 6.  7.]
 [11. 10.]
 [ 6.  6.]
 [ 1. 12.]
 [ 6.  5.]
 [ 5.  6.]
 [11. 10.]]
