Maze:
##########################
#                        #
#                        #
#                        #
#                        #
#                        #
#     ##############     #
#     #            #     #
#     #            #     #
#     #            #     #
#     #      A     #     #
#     #            #     #
#     #     S      #     #
#     #            #     #
#     #            #     #
#     #D           #     #
#     #    B       #     #
#     #        C   #     #
#     #            #     #
#     ##############     #
#                        #
#                        #
#                        #
#                        #
#                        #
##########################
[[ 6.  6.]
 [ 7.  4.]
 [ 5. 10.]
 [ 9. 11.]
 [ 1.  9.]
 [ 6.  6.]
 [ 7.  3.]
 [ 5.  9.]
 [ 8. 11.]
 [ 0.  9.]
 [ 6.  6.]
 [ 7.  2.]
 [ 5.  8.]
 [ 7. 10.]
 [-1.  9.]
 [ 6.  6.]
 [ 7.  1.]
 [ 5.  7.]
 [ 6.  9.]
 [-1.  9.]
 [ 6.  6.]
 [ 7.  0.]
 [ 5.  6.]
 [ 6.  8.]
 [-1.  9.]
 [ 6.  6.]
 [ 7. -1.]
 [ 5.  6.]
 [ 6.  7.]
 [-1.  9.]
 [ 6.  6.]
 [ 7. -2.]
 [ 6.  5.]
 [ 5.  6.]
 [-1.  9.]
 [ 6.  6.]
 [ 7. -2.]
 [ 7.  6.]
 [ 6.  5.]
 [-1.  9.]
 [ 6.  6.]
 [ 7. -3.]
 [ 6.  7.]
 [ 7.  6.]
 [-1.  9.]
 [ 6.  6.]
 [ 7. -3.]
 [ 5.  6.]
 [ 6.  7.]
 [-1.  9.]
 [ 6.  6.]
 [ 7. -3.]
 [ 6.  5.]
 [ 5.  6.]
 [-1.  9.]
 [ 6.  6.]
 [ 7. -3.]
 [ 7.  6.]
 [ 6.  5.]
 [-1.  9.]
 [ 6.  6.]
 [ 7. -3.]
 [ 6.  7.]
 [ 7.  6.]
 [-1.  9.]
 [ 6.  6.]
 [ 7. -3.]
 [ 5.  6.]
 [ 6.  7.]
 [-1.  9.]
 [ 6.  6.]
 [ 7. -3.]
 [ 6.  5.]
 [ 5.  6.]
 [-1.  9.]
 [ 6.  6.]
 [ 7. -3.]
 [ 7.  6.]
 [ 6.  5.]
 [-1.  9.]
 [ 6.  6.]
 [ 7. -3.]
 [ 6.  7.]
 [ 7.  6.]
 [-1.  9.]
 [ 6.  6.]
 [ 7. -3.]
 [ 5.  6.]
 [ 6.  7.]
 [-1.  9.]
 [ 6.  6.]
 [ 7. -3.]
 [ 6.  5.]
 [ 5.  6.]
 [-1.  9.]
 [ 6.  6.]
 [ 7. -3.]
 [ 7.  6.]
 [ 6.  5.]
 [-1.  9.]
 [ 6.  6.]
 [ 7. -3.]
 [ 7.  6.]
 [ 6.  5.]
 [-1.  9.]
 [ 6.  6.]
 [ 7. -3.]
 [ 6.  7.]
 [ 7.  6.]
 [-1.  9.]]
