Maze:
##########################
#                        #
#                        #
#                        #
#                        #
#                        #
#     ##############     #
#     #            #     #
#     #       C    #     #
#     #     A      #     #
#     #            #     #
#     #            #     #
#     #     B      #     #
#     #            #     #
#     #    S       #     #
#     #  D         #     #
#     #            #     #
#     #            #     #
#     #            #     #
#     ##############     #
#                        #
#                        #
#                        #
#                        #
#                        #
##########################
[[ 5.  8.]
 [ 6.  3.]
 [ 6.  6.]
 [ 8.  2.]
 [ 3.  9.]
 [ 6.  8.]
 [ 7.  3.]
 [ 6.  6.]
 [ 7.  2.]
 [ 4.  9.]
 [ 7.  8.]
 [ 7.  2.]
 [ 6.  6.]
 [ 7.  3.]
 [ 5.  9.]
 [ 8.  8.]
 [ 7.  3.]
 [ 6.  6.]
 [ 7.  2.]
 [ 6.  9.]
 [ 9.  8.]
 [ 7.  2.]
 [ 6.  6.]
 [ 7.  3.]
 [ 7.  9.]
 [10.  8.]
 [ 7.  3.]
 [ 6.  6.]
 [ 7.  2.]
 [ 8.  9.]
 [11.  8.]
 [ 7.  2.]
 [ 6.  6.]
 [ 7.  3.]
 [ 9.  9.]
 [12.  8.]
 [ 7.  3.]
 [ 6.  6.]
 [ 7.  2.]
 [10.  9.]
 [13.  8.]
 [ 7.  2.]
 [ 6.  6.]
 [ 7.  3.]
 [11.  9.]
 [14.  8.]
 [ 7.  3.]
 [ 6.  6.]
 [ 7.  2.]
 [12.  9.]
 [15.  8.]
 [ 7.  2.]
 [ 6.  6.]
 [ 7.  3.]
 [13.  9.]
 [16.  8.]
 [ 7.  3.]
 [ 6.  6.]
 [ 7.  2.]
 [14.  9.]
 [17.  8.]
 [ 7.  2.]
 [ 6.  6.]
 [ 7.  3.]
 [15.  9.]
 [17.  8.]
 [ 7.  3.]
 [ 6.  6.]
 [ 7.  2.]
 [16.  9.]
 [17.  7.]
 [ 7.  2.]
 [ 6.  6.]
 [ 7.  3.]
 [17.  8.]
 [17.  6.]
 [ 7.  3.]
 [ 6.  6.]
 [ 7.  2.]
 [17.  7.]
 [17.  5.]
 [ 7.  2.]
 [ 6.  6.]
 [ 7.  3.]
 [17.  6.]
 [17.  4.]
 [ 7.  3.]
 [ 6.  6.]
 [ 7.  2.]
 [17.  5.]
 [17.  3.]
 [ 7.  2.]
 [ 6.  6.]
 [ 7.  3.]
 [17.  4.]
 [17.  2.]
 [ 7.  3.]
 [ 6.  6.]
 [ 7.  2.]
 [17.  3.]
 [17.  2.]
 [ 7.  3.]
 [ 6.  6.]
 [ 7.  2.]
 [17.  3.]
 [17.  1.]
 [ 7.  2.]
 [ 6.  6.]
 [ 7.  3.]
 [17.  2.]]
