Maze:
##########################
#                        #
#                        #
#                        #
#                        #
#                        #
#     ##############     #
#     #            #     #
#     #            #     #
#     #      A     #     #
#     #            #     #
#     #            #     #
#     #     C      #     #
#     #    D       #     #
#     #            #     #
#     #            #     #
#     #        S   #     #
#     #            #     #
#     #           B#     #
#     ##############     #
#                        #
#                        #
#                        #
#                        #
#                        #
##########################
[[ 9. 10.]
 [ 7.  3.]
 [12. 12.]
 [ 6.  6.]
 [ 5.  7.]
 [ 9. 11.]
 [ 7.  4.]
 [11. 11.]
 [ 6.  6.]
 [ 4.  8.]
 [ 8. 11.]
 [ 7.  5.]
 [10. 11.]
 [ 6.  6.]
 [ 4.  9.]
 [ 7. 12.]
 [ 7.  5.]
 [ 9. 11.]
 [ 6.  6.]
 [ 4. 10.]
 [ 7. 13.]
 [ 7.  5.]
 [ 8. 11.]
 [ 6.  6.]
 [ 5. 11.]
 [ 7. 14.]
 [ 7.  5.]
 [ 7. 12.]
 [ 6.  6.]
 [ 6. 12.]
 [ 7. 15.]
 [ 7.  5.]
 [ 6. 12.]
 [ 6.  6.]
 [ 6. 13.]
 [ 7. 16.]
 [ 7.  5.]
 [ 6. 13.]
 [ 6.  6.]
 [ 6. 14.]
 [ 7. 17.]
 [ 7.  5.]
 [ 6. 14.]
 [ 6.  6.]
 [ 6. 15.]
 [ 7. 17.]
 [ 7.  5.]
 [ 6. 15.]
 [ 6.  6.]
 [ 6. 16.]
 [ 8. 17.]
 [ 7.  5.]
 [ 6. 16.]
 [ 6.  6.]
 [ 7. 17.]
 [ 9. 17.]
 [ 7.  5.]
 [ 7. 17.]
 [ 6.  6.]
 [ 8. 17.]
 [10. 17.]
 [ 7.  5.]
 [ 8. 17.]
 [ 6.  6.]
 [ 9. 17.]
 [11. 17.]
 [ 7.  5.]
 [ 9. 17.]
 [ 6.  6.]
 [10. 17.]
 [12. 17.]
 [ 7.  5.]
 [10. 17.]
 [ 6.  6.]
 [11. 17.]
 [13. 17.]
 [ 7.  5.]
 [11. 17.]
 [ 6.  6.]
 [12. 17.]
 [14. 17.]
 [ 7.  5.]
 [12. 17.]
 [ 6.  6.]
 [13. 17.]
 [15. 17.]
 [ 7.  5.]
 [13. 17.]
 [ 6.  6.]
 [14. 17.]
 [16. 17.]
 [ 7.  5.]
 [14. 17.]
 [ 6.  6.]
 [15. 17.]
 [17. 17.]
 [ 7.  5.]
 [15. 17.]
 [ 6.  6.]
 [16. 17.]
 [17. 17.]
 [ 7.  5.]
 [15. 17.]
 [ 6.  6.]
 [16. 17.]]
