Maze:
##########################
#                        #
#                        #
#                        #
#                        #
#                        #
#     ##############     #
#     #            #     #
#     #        B   #     #
#     #            #     #
#     #            #     #
#     #      C     #     #
#     #     A      #     #
#     #  D         #     #
#     #            #     #
#     #            #     #
#     #    S       #     #
#     #            #     #
#     #            #     #
#     ##############     #
#                        #
#                        #
#                        #
#                        #
#                        #
##########################
[[ 5. 10.]
 [ 6.  6.]
 [ 9.  2.]
 [ 7.  5.]
 [ 3.  7.]
 [ 5. 11.]
 [ 6.  6.]
 [ 9.  3.]
 [ 7.  5.]
 [ 3.  8.]
 [ 5. 12.]
 [ 6.  6.]
 [ 8.  4.]
 [ 7.  5.]
 [ 3.  9.]
 [ 5. 13.]
 [ 6.  6.]
 [ 7.  5.]
 [ 8.  4.]
 [ 3. 10.]
 [ 5. 14.]
 [ 6.  6.]
 [ 8.  4.]
 [ 7.  5.]
 [ 3. 11.]
 [ 5. 15.]
 [ 6.  6.]
 [ 7.  5.]
 [ 8.  4.]
 [ 3. 12.]
 [ 5. 16.]
 [ 6.  6.]
 [ 8.  4.]
 [ 7.  5.]
 [ 3. 13.]
 [ 5. 17.]
 [ 6.  6.]
 [ 7.  5.]
 [ 8.  4.]
 [ 3. 14.]
 [ 6. 17.]
 [ 6.  6.]
 [ 8.  4.]
 [ 7.  5.]
 [ 4. 15.]
 [ 7. 17.]
 [ 6.  6.]
 [ 7.  5.]
 [ 8.  4.]
 [ 5. 16.]
 [ 8. 17.]
 [ 6.  6.]
 [ 8.  4.]
 [ 7.  5.]
 [ 6. 16.]
 [ 9. 17.]
 [ 6.  6.]
 [ 7.  5.]
 [ 8.  4.]
 [ 7. 16.]
 [10. 17.]
 [ 6.  6.]
 [ 8.  4.]
 [ 7.  5.]
 [ 8. 16.]
 [11. 17.]
 [ 6.  6.]
 [ 7.  5.]
 [ 8.  4.]
 [ 9. 16.]
 [12. 17.]
 [ 6.  6.]
 [ 8.  4.]
 [ 7.  5.]
 [10. 16.]
 [13. 17.]
 [ 6.  6.]
 [ 7.  5.]
 [ 8.  4.]
 [11. 16.]
 [14. 17.]
 [ 6.  6.]
 [ 8.  4.]
 [ 7.  5.]
 [12. 16.]
 [15. 17.]
 [ 6.  6.]
 [ 7.  5.]
 [ 8.  4.]
 [13. 16.]
 [16. 17.]
 [ 6.  6.]
 [ 8.  4.]
 [ 7.  5.]
 [14. 16.]
 [17. 17.]
 [ 6.  6.]
 [ 7.  5.]
 [ 8.  4.]
 [15. 16.]
 [17. 17.]
 [ 6.  6.]
 [ 7.  5.]
 [ 8.  4.]
 [15. 16.]
 [17. 17.]
 [ 6.  6.]
 [ 8.  4.]
 [ 7.  5.]
 [16. 16.]]
