Maze:
##########################
#                        #
#                        #
#                        #
#                        #
#                        #
#     ##############     #
#     #            #     #
#     #            #     #
#     #            #     #
#     #            #     #
#     #            #     #
#     #     C  A   #     #
#     #            #     #
#     #           D#     #
#     #            #     #
#     #       S    #     #
#     #            #     #
#     #B           #     #
#     ##############     #
#                        #
#                        #
#                        #
#                        #
#                        #
##########################
[[ 8. 10.]
 [ 9.  6.]
 [ 1. 12.]
 [ 6.  6.]
 [12.  8.]
 [ 7. 11.]
 [ 8.  6.]
 [ 2. 12.]
 [ 6.  6.]
 [11.  9.]
 [ 6. 12.]
 [ 7.  6.]
 [ 3. 12.]
 [ 6.  6.]
 [10. 10.]
 [ 6. 13.]
 [ 7.  6.]
 [ 4. 12.]
 [ 6.  6.]
 [ 9. 11.]
 [ 6. 14.]
 [ 7.  6.]
 [ 5. 12.]
 [ 6.  6.]
 [ 8. 12.]
 [ 6. 15.]
 [ 7.  6.]
 [ 6. 13.]
 [ 6.  6.]
 [ 7. 13.]
 [ 6. 16.]
 [ 7.  6.]
 [ 7. 13.]
 [ 6.  6.]
 [ 7. 14.]
 [ 6. 17.]
 [ 7.  6.]
 [ 7. 14.]
 [ 6.  6.]
 [ 7. 15.]
 [ 6. 17.]
 [ 7.  6.]
 [ 7. 15.]
 [ 6.  6.]
 [ 7. 16.]
 [ 5. 17.]
 [ 7.  6.]
 [ 7. 16.]
 [ 6.  6.]
 [ 6. 17.]
 [ 4. 17.]
 [ 7.  6.]
 [ 6. 17.]
 [ 6.  6.]
 [ 5. 17.]
 [ 3. 17.]
 [ 7.  6.]
 [ 5. 17.]
 [ 6.  6.]
 [ 4. 17.]
 [ 2. 17.]
 [ 7.  6.]
 [ 4. 17.]
 [ 6.  6.]
 [ 3. 17.]
 [ 1. 17.]
 [ 7.  6.]
 [ 3. 17.]
 [ 6.  6.]
 [ 2. 17.]
 [ 0. 17.]
 [ 7.  6.]
 [ 2. 17.]
 [ 6.  6.]
 [ 1. 17.]
 [-1. 17.]
 [ 7.  6.]
 [ 1. 17.]
 [ 6.  6.]
 [ 0. 17.]
 [-2. 17.]
 [ 7.  6.]
 [ 0. 17.]
 [ 6.  6.]
 [-1. 17.]
 [-3. 17.]
 [ 7.  6.]
 [-1. 17.]
 [ 6.  6.]
 [-2. 17.]
 [-4. 17.]
 [ 7.  6.]
 [-2. 17.]
 [ 6.  6.]
 [-3. 17.]
 [-5. 17.]
 [ 7.  6.]
 [-3. 17.]
 [ 6.  6.]
 [-4. 17.]
 [-5. 17.]
 [ 7.  6.]
 [-3. 17.]
 [ 6.  6.]
 [-4. 17.]]
