Maze:
##########################
#                        #
#                        #
#                        #
#                        #
#                        #
#     ##############     #
#     #            #     #
#     #            #     #
#     #            #     #
#     #            #     #
#     #   A        #     #
#     #     B  C   #     #
#     #            #     #
#     #            #     #
#     #  S         #     #
#     #    D       #     #
#     #            #     #
#     #            #     #
#     ##############     #
#                        #
#                        #
#                        #
#                        #
#                        #
##########################
[[ 3.  9.]
 [ 4.  5.]
 [ 6.  6.]
 [ 9.  6.]
 [ 5. 10.]
 [ 2.  9.]
 [ 5.  5.]
 [ 6.  6.]
 [ 9.  5.]
 [ 4. 10.]
 [ 1.  9.]
 [ 5.  5.]
 [ 6.  6.]
 [ 9.  5.]
 [ 3. 10.]
 [ 0.  9.]
 [ 5.  5.]
 [ 6.  6.]
 [ 9.  5.]
 [ 2. 10.]
 [-1.  9.]
 [ 5.  5.]
 [ 6.  6.]
 [ 8.  5.]
 [ 1. 10.]
 [-2.  9.]
 [ 6.  5.]
 [ 6.  6.]
 [ 7.  5.]
 [ 0. 10.]
 [-3.  9.]
 [ 7.  5.]
 [ 6.  6.]
 [ 6.  5.]
 [-1. 10.]
 [-4.  9.]
 [ 6.  5.]
 [ 6.  6.]
 [ 7.  6.]
 [-2. 10.]
 [-5.  9.]
 [ 6.  5.]
 [ 6.  6.]
 [ 7.  6.]
 [-3. 10.]
 [-5.  9.]
 [ 6.  5.]
 [ 6.  6.]
 [ 7.  6.]
 [-4. 10.]
 [-5.  8.]
 [ 6.  5.]
 [ 6.  6.]
 [ 7.  6.]
 [-5.  9.]
 [-5.  7.]
 [ 6.  5.]
 [ 6.  6.]
 [ 7.  6.]
 [-5.  8.]
 [-5.  6.]
 [ 6.  5.]
 [ 6.  6.]
 [ 7.  6.]
 [-5.  7.]
 [-5.  5.]
 [ 6.  5.]
 [ 6.  6.]
 [ 7.  6.]
 [-5.  6.]
 [-5.  4.]
 [ 6.  5.]
 [ 6.  6.]
 [ 7.  6.]
 [-5.  5.]
 [-5.  3.]
 [ 6.  5.]
 [ 6.  6.]
 [ 7.  6.]
 [-5.  4.]
 [-5.  2.]
 [ 6.  5.]
 [ 6.  6.]
 [ 7.  6.]
 [-5.  3.]
 [-5.  1.]
 [ 6.  5.]
 [ 6.  6.]
 [ 7.  6.]
 [-5.  2.]
 [-5.  0.]
 [ 6.  5.]
 [ 6.  6.]
 [ 7.  6.]
 [-5.  1.]
 [-5. -1.]
 [ 6.  5.]
 [ 6.  6.]
 [ 7.  6.]
 [-5.  0.]
 [-5. -1.]
 [ 6.  5.]
 [ 6.  6.]
 [ 7.  6.]
 [-5.  0.]
 [-5. -2.]
 [ 6.  5.]
 [ 6.  6.]
 [ 7.  6.]
 [-5. -1.]]
