Maze:
##########################
#                        #
#                        #
#                        #
#                        #
#                        #
#     ##############     #
#     # D          #     #
#     #            #     #
#     #    A       #     #
#     #            #     #
#     #            #     #
#     #     S      #     #
#     #            #     #
#     #           B#     #
#     #            #     #
#     #            #     #
#     #            #     #
#     #  C         #     #
#     ##############     #
#                        #
#                        #
#                        #
#                        #
#                        #
##########################
[[ 6.  6.]
 [ 5.  3.]
 [12.  8.]
 [ 3. 12.]
 [ 2.  1.]
 [ 6.  6.]
 [ 5.  4.]
 [11.  8.]
 [ 3. 12.]
 [ 3.  1.]
 [ 6.  6.]
 [ 5.  5.]
 [10.  8.]
 [ 3. 12.]
 [ 4.  2.]
 [ 6.  6.]
 [ 5.  5.]
 [ 9.  8.]
 [ 3. 12.]
 [ 4.  3.]
 [ 6.  6.]
 [ 5.  5.]
 [ 8.  8.]
 [ 3. 12.]
 [ 5.  4.]
 [ 6.  6.]
 [ 5.  6.]
 [ 7.  7.]
 [ 3. 13.]
 [ 5.  5.]
 [ 6.  6.]
 [ 6.  7.]
 [ 7.  7.]
 [ 3. 13.]
 [ 5.  5.]
 [ 6.  6.]
 [ 7.  7.]
 [ 8.  6.]
 [ 3. 13.]
 [ 5.  5.]
 [ 6.  6.]
 [ 7.  6.]
 [ 8.  5.]
 [ 3. 13.]
 [ 5.  5.]
 [ 6.  6.]
 [ 7.  5.]
 [ 8.  4.]
 [ 3. 14.]
 [ 5.  5.]
 [ 6.  6.]
 [ 8.  5.]
 [ 9.  3.]
 [ 3. 14.]
 [ 5.  5.]
 [ 6.  6.]
 [ 8.  4.]
 [ 9.  2.]
 [ 3. 14.]
 [ 5.  5.]
 [ 6.  6.]
 [ 9.  3.]
 [ 9.  1.]
 [ 3. 14.]
 [ 5.  5.]
 [ 6.  6.]
 [ 9.  2.]
 [ 9.  0.]
 [ 3. 14.]
 [ 5.  5.]
 [ 6.  6.]
 [ 9.  1.]
 [ 9. -1.]
 [ 3. 14.]
 [ 5.  5.]
 [ 6.  6.]
 [ 9.  0.]
 [ 9. -2.]
 [ 3. 14.]
 [ 5.  5.]
 [ 6.  6.]
 [ 9. -1.]
 [ 9. -3.]
 [ 3. 14.]
 [ 5.  5.]
 [ 6.  6.]
 [ 9. -2.]
 [ 9. -4.]
 [ 3. 14.]
 [ 5.  5.]
 [ 6.  6.]
 [ 9. -3.]
 [ 9. -5.]
 [ 3. 14.]
 [ 5.  5.]
 [ 6.  6.]
 [ 9. -4.]
 [ 9. -5.]
 [ 3. 14.]
 [ 5.  5.]
 [ 6.  6.]
 [ 9. -4.]
 [ 9. -5.]
 [ 3. 14.]
 [ 5.  5.]]
