Maze:
##########################
#                        #
#                        #
#                        #
#                        #
#                        #
#     ##############     #
#     #            #     #
#     #            #     #
#     #            #     #
#     #         S  #     #
#     #      C     #     #
#     #     A    B #     #
#     #            #     #
#     # D          #     #
#     #            #     #
#     #            #     #
#     #            #     #
#     #            #     #
#     ##############     #
#                        #
#                        #
#                        #
#                        #
#                        #
##########################
[[10.  4.]
 [ 6.  6.]
 [11.  6.]
 [ 7.  5.]
 [ 2.  8.]
 [10.  3.]
 [ 6.  6.]
 [11.  5.]
 [ 7.  5.]
 [ 2.  8.]
 [10.  2.]
 [ 6.  6.]
 [11.  4.]
 [ 7.  5.]
 [ 2.  8.]
 [10.  1.]
 [ 6.  6.]
 [11.  3.]
 [ 7.  5.]
 [ 2.  8.]
 [10.  0.]
 [ 6.  6.]
 [11.  2.]
 [ 7.  5.]
 [ 2.  8.]
 [10. -1.]
 [ 6.  6.]
 [11.  1.]
 [ 7.  5.]
 [ 2.  8.]
 [10. -2.]
 [ 6.  6.]
 [11.  0.]
 [ 7.  5.]
 [ 2.  8.]
 [10. -3.]
 [ 6.  6.]
 [11. -1.]
 [ 7.  5.]
 [ 2.  8.]
 [10. -4.]
 [ 6.  6.]
 [11. -2.]
 [ 7.  5.]
 [ 2.  8.]
 [10. -5.]
 [ 6.  6.]
 [11. -3.]
 [ 7.  5.]
 [ 2.  8.]
 [10. -5.]
 [ 6.  6.]
 [11. -4.]
 [ 7.  5.]
 [ 2.  8.]
 [ 9. -5.]
 [ 6.  6.]
 [10. -5.]
 [ 7.  5.]
 [ 2.  8.]
 [ 8. -5.]
 [ 6.  6.]
 [ 9. -5.]
 [ 7.  5.]
 [ 2.  8.]
 [ 7. -5.]
 [ 6.  6.]
 [ 8. -5.]
 [ 7.  5.]
 [ 2.  8.]
 [ 6. -5.]
 [ 6.  6.]
 [ 7. -5.]
 [ 7.  5.]
 [ 2.  8.]
 [ 5. -5.]
 [ 6.  6.]
 [ 6. -5.]
 [ 7.  5.]
 [ 2.  8.]
 [ 4. -5.]
 [ 6.  6.]
 [ 5. -5.]
 [ 7.  5.]
 [ 2.  8.]
 [ 3. -5.]
 [ 6.  6.]
 [ 4. -5.]
 [ 7.  5.]
 [ 2.  8.]
 [ 2. -5.]
 [ 6.  6.]
 [ 3. -5.]
 [ 7.  5.]
 [ 2.  8.]
 [ 1. -5.]
 [ 6.  6.]
 [ 2. -5.]
 [ 7.  5.]
 [ 2.  8.]
 [ 1. -5.]
 [ 6.  6.]
 [ 2. -5.]
 [ 7.  5.]
 [ 2.  8.]
 [ 0. -5.]
 [ 6.  6.]
 [ 1. -5.]
 [ 7.  5.]
 [ 2.  8.]]
