Maze:
##########################
#                        #
#                        #
#                        #
#                        #
#                        #
#     ##############     #
#     #            #     #
#     #            #     #
#     #            #     #
#     #            #     #
#     #  C         #     #
#     #    BA      #     #
#     #            #     #
#     #       S    #     #
#     #            #     #
#     #            #     #
#     #   D        #     #
#     #            #     #
#     ##############     #
#                        #
#                        #
#                        #
#                        #
#                        #
##########################
[[ 8.  8.]
 [ 6.  6.]
 [ 5.  6.]
 [ 3.  5.]
 [ 4. 11.]
 [ 9.  8.]
 [ 6.  6.]
 [ 4.  6.]
 [ 4.  5.]
 [ 5. 11.]
 [10.  8.]
 [ 6.  6.]
 [ 4.  5.]
 [ 4.  6.]
 [ 6. 11.]
 [11.  8.]
 [ 6.  6.]
 [ 4.  6.]
 [ 4.  5.]
 [ 7. 11.]
 [12.  8.]
 [ 6.  6.]
 [ 4.  5.]
 [ 4.  6.]
 [ 8. 11.]
 [13.  8.]
 [ 6.  6.]
 [ 4.  6.]
 [ 4.  5.]
 [ 9. 11.]
 [14.  8.]
 [ 6.  6.]
 [ 4.  5.]
 [ 4.  6.]
 [10. 11.]
 [15.  8.]
 [ 6.  6.]
 [ 4.  6.]
 [ 4.  5.]
 [11. 11.]
 [16.  8.]
 [ 6.  6.]
 [ 4.  5.]
 [ 4.  6.]
 [12. 11.]
 [17.  8.]
 [ 6.  6.]
 [ 4.  6.]
 [ 4.  5.]
 [13. 11.]
 [17.  7.]
 [ 6.  6.]
 [ 4.  5.]
 [ 4.  6.]
 [14. 11.]
 [17.  6.]
 [ 6.  6.]
 [ 4.  6.]
 [ 4.  5.]
 [15. 10.]
 [17.  5.]
 [ 6.  6.]
 [ 4.  5.]
 [ 4.  6.]
 [16.  9.]
 [17.  4.]
 [ 6.  6.]
 [ 4.  6.]
 [ 4.  5.]
 [16.  8.]
 [17.  3.]
 [ 6.  6.]
 [ 4.  5.]
 [ 4.  6.]
 [16.  7.]
 [17.  2.]
 [ 6.  6.]
 [ 4.  6.]
 [ 4.  5.]
 [16.  6.]
 [17.  1.]
 [ 6.  6.]
 [ 4.  5.]
 [ 4.  6.]
 [16.  5.]
 [17.  0.]
 [ 6.  6.]
 [ 4.  6.]
 [ 4.  5.]
 [16.  4.]
 [17. -1.]
 [ 6.  6.]
 [ 4.  5.]
 [ 4.  6.]
 [16.  3.]
 [17. -2.]
 [ 6.  6.]
 [ 4.  6.]
 [ 4.  5.]
 [16.  2.]
 [17. -2.]
 [ 6.  6.]
 [ 4.  6.]
 [ 4.  5.]
 [16.  2.]
 [17. -3.]
 [ 6.  6.]
 [ 4.  5.]
 [ 4.  6.]
 [16.  1.]]
