Maze:
##########################
#                        #
#                        #
#                        #
#                        #
#                        #
#     ##############     #
#     #      D     #     #
#     #            #     #
#     #            #     #
#     # B          #     #
#     #            #     #
#     #     A  C   #     #
#     #            #     #
#     #            #     #
#     #            #     #
#     #            #     #
#     #   S        #     #
#     #            #     #
#     ##############     #
#                        #
#                        #
#                        #
#                        #
#                        #
##########################
[[ 4. 11.]
 [ 6.  6.]
 [ 2.  4.]
 [ 9.  6.]
 [ 7.  1.]
 [ 4. 12.]
 [ 6.  6.]
 [ 2.  4.]
 [ 9.  7.]
 [ 7.  1.]
 [ 4. 13.]
 [ 6.  6.]
 [ 2.  4.]
 [ 9.  7.]
 [ 7.  1.]
 [ 4. 14.]
 [ 6.  6.]
 [ 2.  3.]
 [ 9.  7.]
 [ 7.  1.]
 [ 4. 14.]
 [ 6.  6.]
 [ 2.  2.]
 [ 9.  7.]
 [ 7.  1.]
 [ 4. 14.]
 [ 6.  6.]
 [ 3.  2.]
 [ 9.  7.]
 [ 7.  1.]
 [ 4. 14.]
 [ 6.  6.]
 [ 4.  1.]
 [ 9.  7.]
 [ 7.  1.]
 [ 4. 14.]
 [ 6.  6.]
 [ 5.  1.]
 [ 9.  7.]
 [ 7.  1.]
 [ 4. 14.]
 [ 6.  6.]
 [ 6.  1.]
 [ 9.  7.]
 [ 7.  1.]
 [ 4. 14.]
 [ 6.  6.]
 [ 7.  1.]
 [ 9.  7.]
 [ 8.  1.]
 [ 4. 14.]
 [ 6.  6.]
 [ 8.  1.]
 [ 9.  7.]
 [ 9.  1.]
 [ 4. 14.]
 [ 6.  6.]
 [ 9.  1.]
 [ 9.  7.]
 [10.  1.]
 [ 4. 14.]
 [ 6.  6.]
 [10.  1.]
 [ 9.  7.]
 [11.  1.]
 [ 4. 14.]
 [ 6.  6.]
 [11.  1.]
 [ 8.  7.]
 [12.  1.]
 [ 4. 14.]
 [ 6.  6.]
 [12.  1.]
 [ 7.  7.]
 [13.  1.]
 [ 4. 14.]
 [ 6.  6.]
 [13.  1.]
 [ 7.  7.]
 [14.  1.]
 [ 4. 14.]
 [ 6.  6.]
 [14.  1.]
 [ 7.  7.]
 [15.  1.]
 [ 4. 14.]
 [ 6.  6.]
 [15.  1.]
 [ 7.  7.]
 [16.  1.]
 [ 4. 14.]
 [ 6.  6.]
 [16.  1.]
 [ 7.  7.]
 [17.  1.]
 [ 4. 14.]
 [ 6.  6.]
 [16.  1.]
 [ 7.  7.]
 [17.  1.]]
