Maze:
##########################
#                        #
#                        #
#                        #
#                        #
#                        #
#     ##############     #
#     #         A  #     #
#     #            #     #
#     #            #     #
#     #            #     #
#     #  C         #     #
#     #     S      #     #
#     #       B    #     #
#     #            #     #
#     #            #     #
#     #            #     #
#     #          D #     #
#     #            #     #
#     ##############     #
#                        #
#                        #
#                        #
#                        #
#                        #
##########################
[[ 6.  6.]
 [10.  1.]
 [ 8.  7.]
 [ 3.  5.]
 [11. 11.]
 [ 6.  6.]
 [10.  1.]
 [ 9.  7.]
 [ 2.  5.]
 [11. 10.]
 [ 6.  6.]
 [10.  1.]
 [10.  7.]
 [ 1.  5.]
 [11.  9.]
 [ 6.  6.]
 [10.  1.]
 [10.  6.]
 [ 1.  5.]
 [11.  8.]
 [ 6.  6.]
 [10.  1.]
 [10.  5.]
 [ 1.  5.]
 [11.  7.]
 [ 6.  6.]
 [10.  2.]
 [10.  4.]
 [ 1.  5.]
 [11.  6.]
 [ 6.  6.]
 [10.  2.]
 [10.  4.]
 [ 1.  5.]
 [11.  5.]
 [ 6.  6.]
 [10.  3.]
 [ 9.  3.]
 [ 1.  5.]
 [10.  4.]
 [ 6.  6.]
 [ 9.  3.]
 [ 8.  2.]
 [ 1.  5.]
 [10.  3.]
 [ 6.  6.]
 [ 9.  2.]
 [ 7.  1.]
 [ 1.  5.]
 [ 9.  3.]
 [ 6.  6.]
 [ 8.  3.]
 [ 6.  0.]
 [ 1.  5.]
 [ 9.  2.]
 [ 6.  6.]
 [ 8.  2.]
 [ 5. -1.]
 [ 1.  5.]
 [ 8.  3.]
 [ 6.  6.]
 [ 8.  3.]
 [ 4. -2.]
 [ 0.  5.]
 [ 8.  2.]
 [ 6.  6.]
 [ 8.  2.]
 [ 3. -3.]
 [ 0.  5.]
 [ 8.  3.]
 [ 6.  6.]
 [ 8.  3.]
 [ 2. -3.]
 [-1.  5.]
 [ 8.  2.]
 [ 6.  6.]
 [ 8.  2.]
 [ 1. -3.]
 [-1.  5.]
 [ 8.  3.]
 [ 6.  6.]
 [ 8.  3.]
 [ 1. -3.]
 [-1.  5.]
 [ 8.  2.]
 [ 6.  6.]
 [ 8.  2.]
 [ 0. -3.]
 [-1.  5.]
 [ 8.  3.]
 [ 6.  6.]
 [ 8.  3.]
 [ 0. -3.]
 [-1.  5.]
 [ 8.  2.]
 [ 6.  6.]
 [ 8.  2.]
 [ 0. -3.]
 [-1.  5.]
 [ 8.  3.]]
