Maze:
##########################
#                        #
#                        #
#                        #
#                        #
#                        #
#     ##############     #
#     #            #     #
#     #            #     #
#     #           C#     #
#     #     S      #     #
#     #            #     #
#     #     D      #     #
#     #            #     #
#     #            #     #
#     #            #     #
#     #          A #     #
#     #            #     #
#     #      B     #     #
#     ##############     #
#                        #
#                        #
#                        #
#                        #
#                        #
##########################
[[ 6.  4.]
 [11. 10.]
 [ 7. 12.]
 [12.  3.]
 [ 6.  6.]
 [ 6.  5.]
 [10. 10.]
 [ 7. 13.]
 [13.  3.]
 [ 6.  6.]
 [ 6.  5.]
 [10. 11.]
 [ 7. 14.]
 [13.  3.]
 [ 6.  6.]
 [ 6.  5.]
 [10. 12.]
 [ 7. 15.]
 [13.  3.]
 [ 6.  6.]
 [ 6.  5.]
 [ 9. 13.]
 [ 7. 16.]
 [13.  3.]
 [ 6.  6.]
 [ 6.  5.]
 [ 9. 14.]
 [ 7. 17.]
 [14.  3.]
 [ 6.  6.]
 [ 6.  5.]
 [ 9. 15.]
 [ 7. 17.]
 [14.  3.]
 [ 6.  6.]
 [ 6.  5.]
 [ 8. 16.]
 [ 6. 17.]
 [14.  3.]
 [ 6.  6.]
 [ 6.  5.]
 [ 7. 16.]
 [ 5. 17.]
 [14.  3.]
 [ 6.  6.]
 [ 6.  5.]
 [ 6. 16.]
 [ 4. 17.]
 [14.  3.]
 [ 6.  6.]
 [ 6.  5.]
 [ 5. 16.]
 [ 3. 17.]
 [14.  3.]
 [ 6.  6.]
 [ 6.  5.]
 [ 4. 16.]
 [ 2. 17.]
 [14.  3.]
 [ 6.  6.]
 [ 6.  5.]
 [ 3. 16.]
 [ 1. 17.]
 [14.  3.]
 [ 6.  6.]
 [ 6.  5.]
 [ 2. 16.]
 [ 0. 17.]
 [14.  3.]
 [ 6.  6.]
 [ 6.  5.]
 [ 1. 16.]
 [-1. 17.]
 [14.  3.]
 [ 6.  6.]
 [ 6.  5.]
 [ 0. 16.]
 [-2. 17.]
 [14.  3.]
 [ 6.  6.]
 [ 6.  5.]
 [-1. 16.]
 [-3. 17.]
 [14.  3.]
 [ 6.  6.]
 [ 6.  5.]
 [-2. 16.]
 [-4. 17.]
 [14.  3.]
 [ 6.  6.]
 [ 6.  5.]
 [-3. 16.]
 [-5. 17.]
 [14.  3.]
 [ 6.  6.]
 [ 6.  5.]
 [-4. 16.]
 [-5. 17.]
 [14.  3.]
 [ 6.  6.]
 [ 6.  5.]
 [-4. 16.]
 [-5. 17.]
 [14.  3.]
 [ 6.  6.]]
