Maze:
##########################
#                        #
#                        #
#                        #
#                        #
#                        #
#     ##############     #
#     #            #     #
#     #       B    #     #
#     #            #     #
#     #            #     #
#     #          A #     #
#     #     D      #     #
#     #            #     #
#     #            #     #
#     #            #     #
#     #            #     #
#     #    C       #     #
#     #     S      #     #
#     ##############     #
#                        #
#                        #
#                        #
#                        #
#                        #
##########################
[[ 6. 12.]
 [11.  5.]
 [ 8.  2.]
 [ 5. 11.]
 [ 6.  6.]
 [ 5. 11.]
 [10.  4.]
 [ 8.  1.]
 [ 4. 10.]
 [ 6.  6.]
 [ 4. 10.]
 [ 9.  3.]
 [ 8.  0.]
 [ 3.  9.]
 [ 6.  6.]
 [ 3.  9.]
 [ 9.  2.]
 [ 8. -1.]
 [ 2.  8.]
 [ 6.  6.]
 [ 2.  8.]
 [ 9.  1.]
 [ 8. -2.]
 [ 1.  7.]
 [ 6.  6.]
 [ 1.  7.]
 [ 9.  0.]
 [ 8. -3.]
 [ 0.  6.]
 [ 6.  6.]
 [ 0.  6.]
 [ 9. -1.]
 [ 8. -4.]
 [-1.  5.]
 [ 6.  6.]
 [-1.  5.]
 [ 9. -2.]
 [ 8. -5.]
 [-2.  4.]
 [ 6.  6.]
 [-2.  4.]
 [ 9. -3.]
 [ 8. -5.]
 [-3.  3.]
 [ 6.  6.]
 [-3.  3.]
 [ 9. -4.]
 [ 8. -5.]
 [-4.  2.]
 [ 6.  6.]
 [-4.  2.]
 [ 8. -5.]
 [ 7. -5.]
 [-5.  1.]
 [ 6.  6.]
 [-5.  1.]
 [ 7. -5.]
 [ 6. -5.]
 [-5.  0.]
 [ 6.  6.]
 [-5.  0.]
 [ 6. -5.]
 [ 5. -5.]
 [-5. -1.]
 [ 6.  6.]
 [-5. -1.]
 [ 5. -5.]
 [ 4. -5.]
 [-5. -2.]
 [ 6.  6.]
 [-5. -2.]
 [ 4. -5.]
 [ 3. -5.]
 [-5. -3.]
 [ 6.  6.]
 [-5. -3.]
 [ 3. -5.]
 [ 2. -5.]
 [-5. -4.]
 [ 6.  6.]
 [-5. -4.]
 [ 2. -5.]
 [ 1. -5.]
 [-5. -5.]
 [ 6.  6.]
 [-5. -4.]
 [ 1. -5.]
 [ 0. -5.]
 [-5. -5.]
 [ 6.  6.]
 [-5. -4.]
 [ 0. -5.]
 [-1. -5.]
 [-5. -5.]
 [ 6.  6.]
 [-5. -4.]
 [-1. -5.]
 [-2. -5.]
 [-5. -5.]
 [ 6.  6.]
 [-5. -4.]
 [-1. -5.]
 [-2. -5.]
 [-5. -5.]
 [ 6.  6.]
 [-5. -4.]
 [-2. -5.]
 [-3. -5.]
 [-5. -5.]
 [ 6.  6.]]
