Maze:
##########################
#                        #
#                        #
#                        #
#                        #
#                        #
#     ##############     #
#     #            #     #
#     #            #     #
#     #            #     #
#     #            #     #
#     #            #     #
#     #    DS      #     #
#     #            #     #
#     #            #     #
#     # C          #     #
#     #            #     #
#     #   A        #     #
#     #     B      #     #
#     ##############     #
#                        #
#                        #
#                        #
#                        #
#                        #
##########################
[[ 6.  6.]
 [ 4. 11.]
 [ 6. 12.]
 [ 2.  9.]
 [ 5.  6.]
 [ 6.  6.]
 [ 5. 12.]
 [ 6. 13.]
 [ 1. 10.]
 [ 4.  6.]
 [ 6.  6.]
 [ 6. 13.]
 [ 7. 14.]
 [ 1. 11.]
 [ 3.  6.]
 [ 6.  6.]
 [ 7. 14.]
 [ 8. 15.]
 [ 1. 12.]
 [ 2.  6.]
 [ 6.  6.]
 [ 8. 15.]
 [ 9. 16.]
 [ 1. 13.]
 [ 1.  7.]
 [ 6.  6.]
 [ 9. 16.]
 [10. 17.]
 [ 1. 14.]
 [ 0.  8.]
 [ 6.  6.]
 [10. 17.]
 [11. 17.]
 [ 1. 15.]
 [ 0.  9.]
 [ 6.  6.]
 [11. 17.]
 [12. 17.]
 [ 1. 16.]
 [ 0. 10.]
 [ 6.  6.]
 [12. 17.]
 [13. 17.]
 [ 1. 17.]
 [ 0. 11.]
 [ 6.  6.]
 [13. 17.]
 [14. 17.]
 [ 1. 17.]
 [ 0. 12.]
 [ 6.  6.]
 [14. 17.]
 [15. 17.]
 [ 1. 17.]
 [ 0. 13.]
 [ 6.  6.]
 [15. 17.]
 [16. 17.]
 [ 1. 17.]
 [ 0. 14.]
 [ 6.  6.]
 [16. 17.]
 [17. 17.]
 [ 1. 17.]
 [ 0. 15.]
 [ 6.  6.]
 [16. 17.]
 [17. 17.]
 [ 1. 17.]
 [ 0. 16.]
 [ 6.  6.]
 [16. 17.]
 [17. 17.]
 [ 2. 17.]
 [ 1. 17.]
 [ 6.  6.]
 [16. 17.]
 [17. 17.]
 [ 3. 17.]
 [ 2. 17.]
 [ 6.  6.]
 [16. 17.]
 [17. 17.]
 [ 4. 17.]
 [ 3. 17.]
 [ 6.  6.]
 [16. 17.]
 [17. 17.]
 [ 5. 17.]
 [ 4. 17.]
 [ 6.  6.]
 [16. 17.]
 [17. 17.]
 [ 6. 17.]
 [ 5. 17.]
 [ 6.  6.]
 [16. 17.]
 [17. 17.]
 [ 7. 17.]
 [ 6. 17.]
 [ 6.  6.]
 [16. 17.]
 [17. 17.]
 [ 7. 17.]
 [ 6. 17.]
 [ 6.  6.]
 [16. 17.]
 [17. 17.]
 [ 8. 17.]
 [ 7. 17.]]
