Maze:
##########################
#                        #
#                        #
#                        #
#                        #
#                        #
#     ##############     #
#     #      S     #     #
#     #            #     #
#     #            #     #
#     #            #     #
#     #            #     #
#     #     A      #     #
#     #           B#     #
#     #  D         #     #
#     # C          #     #
#     #            #     #
#     #            #     #
#     #            #     #
#     ##############     #
#                        #
#                        #
#                        #
#                        #
#                        #
##########################
[[ 7.  1.]
 [ 6.  6.]
 [12.  7.]
 [ 2.  9.]
 [ 3.  8.]
 [ 7.  1.]
 [ 6.  6.]
 [12.  7.]
 [ 1. 10.]
 [ 4.  7.]
 [ 7.  1.]
 [ 6.  6.]
 [12.  7.]
 [ 0. 11.]
 [ 4.  6.]
 [ 7.  1.]
 [ 6.  6.]
 [12.  7.]
 [ 0. 11.]
 [ 3.  6.]
 [ 7.  1.]
 [ 6.  6.]
 [12.  7.]
 [ 0. 11.]
 [ 3.  5.]
 [ 7.  1.]
 [ 6.  6.]
 [12.  7.]
 [ 0. 11.]
 [ 3.  4.]
 [ 8.  1.]
 [ 6.  6.]
 [12.  7.]
 [ 0. 11.]
 [ 3.  3.]
 [ 8.  1.]
 [ 6.  6.]
 [12.  7.]
 [ 0. 11.]
 [ 3.  2.]
 [ 9.  2.]
 [ 6.  6.]
 [12.  7.]
 [ 0. 11.]
 [ 3.  1.]
 [ 9.  3.]
 [ 6.  6.]
 [12.  7.]
 [ 0. 11.]
 [ 3.  1.]
 [ 9.  4.]
 [ 6.  6.]
 [12.  7.]
 [ 0. 11.]
 [ 3.  1.]
 [ 9.  5.]
 [ 6.  6.]
 [12.  8.]
 [ 0. 11.]
 [ 3.  1.]
 [ 9.  6.]
 [ 6.  6.]
 [12.  9.]
 [ 0. 11.]
 [ 3.  1.]
 [ 9.  7.]
 [ 6.  6.]
 [12. 10.]
 [ 0. 11.]
 [ 3.  1.]
 [ 9.  8.]
 [ 6.  6.]
 [12. 11.]
 [ 0. 11.]
 [ 3.  1.]
 [10.  9.]
 [ 6.  6.]
 [12. 12.]
 [ 0. 11.]
 [ 3.  1.]
 [11. 10.]
 [ 6.  6.]
 [12. 13.]
 [ 0. 11.]
 [ 3.  1.]
 [11. 11.]
 [ 6.  6.]
 [12. 14.]
 [ 0. 11.]
 [ 3.  1.]
 [11. 12.]
 [ 6.  6.]
 [12. 15.]
 [ 0. 11.]
 [ 3.  1.]
 [11. 13.]
 [ 6.  6.]
 [12. 16.]
 [ 0. 11.]
 [ 3.  1.]
 [11. 13.]
 [ 6.  6.]
 [12. 16.]
 [ 0. 11.]
 [ 3.  1.]
 [11. 14.]
 [ 6.  6.]
 [12. 17.]
 [ 0. 11.]
 [ 3.  1.]]
