Maze:
##########################
#                        #
#                        #
#                        #
#                        #
#                        #
#     ##############     #
#     #            #     #
#     #            #     #
#     #   S        #     #
#     #B           #     #
#     #            #     #
#     #     D      #     #
#     #            #     #
#     #            #     #
#     #    C       #     #
#     #            #     #
#     #     A      #     #
#     #            #     #
#     ##############     #
#                        #
#                        #
#                        #
#                        #
#                        #
##########################
[[ 4.  3.]
 [ 6. 11.]
 [ 1.  4.]
 [ 5.  9.]
 [ 6.  6.]
 [ 3.  3.]
 [ 6. 10.]
 [ 0.  5.]
 [ 5. 10.]
 [ 6.  6.]
 [ 2.  3.]
 [ 5. 10.]
 [ 0.  6.]
 [ 6. 10.]
 [ 6.  6.]
 [ 1.  4.]
 [ 6. 10.]
 [ 0.  7.]
 [ 5. 10.]
 [ 6.  6.]
 [ 0.  5.]
 [ 5. 10.]
 [ 0.  8.]
 [ 6. 10.]
 [ 6.  6.]
 [ 0.  6.]
 [ 6. 10.]
 [ 0.  9.]
 [ 5. 10.]
 [ 6.  6.]
 [ 0.  7.]
 [ 5. 10.]
 [ 0. 10.]
 [ 6. 10.]
 [ 6.  6.]
 [ 0.  8.]
 [ 6. 10.]
 [ 0. 11.]
 [ 5. 10.]
 [ 6.  6.]
 [ 0.  9.]
 [ 5. 10.]
 [ 1. 12.]
 [ 6. 10.]
 [ 6.  6.]
 [ 0. 10.]
 [ 6. 10.]
 [ 2. 13.]
 [ 5. 10.]
 [ 6.  6.]
 [ 0. 11.]
 [ 5. 10.]
 [ 3. 13.]
 [ 6. 10.]
 [ 6.  6.]
 [ 1. 12.]
 [ 6. 10.]
 [ 4. 13.]
 [ 5. 10.]
 [ 6.  6.]
 [ 2. 13.]
 [ 5. 10.]
 [ 5. 12.]
 [ 6. 10.]
 [ 6.  6.]
 [ 3. 13.]
 [ 6. 10.]
 [ 6. 11.]
 [ 5. 10.]
 [ 6.  6.]
 [ 4. 13.]
 [ 6. 10.]
 [ 6. 11.]
 [ 5. 10.]
 [ 6.  6.]
 [ 5. 13.]
 [ 6. 10.]
 [ 6. 11.]
 [ 5. 10.]
 [ 6.  6.]
 [ 6. 12.]
 [ 6. 10.]
 [ 6. 11.]
 [ 5. 10.]
 [ 6.  6.]
 [ 6. 11.]
 [ 6. 10.]
 [ 6. 11.]
 [ 5. 10.]
 [ 6.  6.]
 [ 6. 11.]
 [ 5. 11.]
 [ 6. 11.]
 [ 6. 10.]
 [ 6.  6.]
 [ 6. 11.]
 [ 5. 11.]
 [ 6. 11.]
 [ 5.  9.]
 [ 6.  6.]
 [ 6. 11.]
 [ 5. 11.]
 [ 6. 11.]
 [ 5.  9.]
 [ 6.  6.]
 [ 6. 11.]
 [ 5. 11.]
 [ 6. 11.]
 [ 5. 10.]
 [ 6.  6.]]
