Maze:
##########################
#                        #
#                        #
#                        #
#                        #
#                        #
#     ##############     #
#     #            #     #
#     #  C         #     #
#     #            #     #
#     #            #     #
#     #          D #     #
#     #     S      #     #
#     # A          #     #
#     #            #     #
#     #            #     #
#     #            #     #
#     #            #     #
#     #         B  #     #
#     ##############     #
#                        #
#                        #
#                        #
#                        #
#                        #
##########################
[[ 6.  6.]
 [ 2.  7.]
 [10. 12.]
 [ 3.  2.]
 [11.  5.]
 [ 6.  6.]
 [ 3.  6.]
 [10. 12.]
 [ 2.  2.]
 [11.  5.]
 [ 6.  6.]
 [ 4.  5.]
 [10. 12.]
 [ 2.  3.]
 [11.  5.]
 [ 6.  6.]
 [ 5.  5.]
 [10. 12.]
 [ 3.  4.]
 [11.  5.]
 [ 6.  6.]
 [ 5.  6.]
 [10. 12.]
 [ 4.  4.]
 [11.  5.]
 [ 6.  6.]
 [ 5.  6.]
 [10. 12.]
 [ 4.  5.]
 [11.  5.]
 [ 6.  6.]
 [ 6.  5.]
 [10. 12.]
 [ 5.  6.]
 [11.  5.]
 [ 6.  6.]
 [ 6.  5.]
 [10. 12.]
 [ 5.  5.]
 [12.  5.]
 [ 6.  6.]
 [ 5.  6.]
 [10. 12.]
 [ 6.  5.]
 [12.  5.]
 [ 6.  6.]
 [ 5.  6.]
 [10. 12.]
 [ 5.  5.]
 [13.  5.]
 [ 6.  6.]
 [ 6.  5.]
 [10. 12.]
 [ 5.  6.]
 [13.  5.]
 [ 6.  6.]
 [ 6.  5.]
 [10. 12.]
 [ 5.  5.]
 [13.  5.]
 [ 6.  6.]
 [ 5.  6.]
 [10. 12.]
 [ 6.  5.]
 [13.  5.]
 [ 6.  6.]
 [ 5.  6.]
 [10. 12.]
 [ 5.  5.]
 [13.  5.]
 [ 6.  6.]
 [ 6.  5.]
 [10. 12.]
 [ 5.  6.]
 [13.  5.]
 [ 6.  6.]
 [ 6.  5.]
 [10. 12.]
 [ 5.  5.]
 [13.  5.]
 [ 6.  6.]
 [ 5.  6.]
 [10. 12.]
 [ 6.  5.]
 [13.  5.]
 [ 6.  6.]
 [ 5.  6.]
 [10. 12.]
 [ 5.  5.]
 [13.  5.]
 [ 6.  6.]
 [ 6.  5.]
 [10. 12.]
 [ 5.  6.]
 [13.  5.]
 [ 6.  6.]
 [ 6.  5.]
 [10. 12.]
 [ 5.  5.]
 [13.  5.]
 [ 6.  6.]
 [ 6.  5.]
 [10. 12.]
 [ 5.  5.]
 [13.  5.]
 [ 6.  6.]
 [ 5.  6.]
 [10. 12.]
 [ 6.  5.]
 [13.  5.]]
