Maze:
##########################
#                        #
#                        #
#                        #
#                        #
#                        #
#     ##############     #
#     #            #     #
#     #            #     #
#     #            #     #
#     # S          #     #
#     #            #     #
#     #     AC     #     #
#     #B           #     #
#     #            #     #
#     #            #     #
#     #            #     #
#     #          D #     #
#     #            #     #
#     ##############     #
#                        #
#                        #
#                        #
#                        #
#                        #
##########################
[[ 2.  4.]
 [ 6.  6.]
 [ 1.  7.]
 [ 7.  6.]
 [11. 11.]
 [ 2.  5.]
 [ 6.  6.]
 [ 1.  8.]
 [ 7.  6.]
 [11. 12.]
 [ 2.  6.]
 [ 6.  6.]
 [ 1.  9.]
 [ 7.  6.]
 [11. 12.]
 [ 2.  7.]
 [ 6.  6.]
 [ 1. 10.]
 [ 7.  6.]
 [11. 12.]
 [ 2.  8.]
 [ 6.  6.]
 [ 1. 11.]
 [ 7.  6.]
 [11. 12.]
 [ 2.  9.]
 [ 6.  6.]
 [ 1. 12.]
 [ 7.  6.]
 [11. 12.]
 [ 2. 10.]
 [ 6.  6.]
 [ 1. 13.]
 [ 7.  6.]
 [11. 12.]
 [ 2. 11.]
 [ 6.  6.]
 [ 1. 14.]
 [ 7.  6.]
 [11. 12.]
 [ 2. 12.]
 [ 6.  6.]
 [ 1. 15.]
 [ 7.  6.]
 [11. 13.]
 [ 2. 13.]
 [ 6.  6.]
 [ 1. 16.]
 [ 7.  6.]
 [11. 13.]
 [ 2. 14.]
 [ 6.  6.]
 [ 1. 17.]
 [ 7.  6.]
 [11. 13.]
 [ 2. 15.]
 [ 6.  6.]
 [ 1. 17.]
 [ 7.  6.]
 [11. 13.]
 [ 2. 16.]
 [ 6.  6.]
 [ 1. 17.]
 [ 7.  6.]
 [11. 13.]
 [ 1. 17.]
 [ 6.  6.]
 [ 0. 17.]
 [ 7.  6.]
 [11. 13.]
 [ 0. 17.]
 [ 6.  6.]
 [-1. 17.]
 [ 7.  6.]
 [11. 13.]
 [-1. 17.]
 [ 6.  6.]
 [-2. 17.]
 [ 7.  6.]
 [11. 13.]
 [-2. 17.]
 [ 6.  6.]
 [-3. 17.]
 [ 7.  6.]
 [11. 13.]
 [-3. 17.]
 [ 6.  6.]
 [-4. 17.]
 [ 7.  6.]
 [11. 13.]
 [-4. 17.]
 [ 6.  6.]
 [-5. 17.]
 [ 7.  6.]
 [11. 13.]
 [-4. 17.]
 [ 6.  6.]
 [-5. 17.]
 [ 7.  6.]
 [11. 13.]]
