Maze:
##########################
#                        #
#                        #
#                        #
#                        #
#                        #
#     ##############     #
#     #            #     #
#     #            #     #
#     #        B   #     #
#     #            #     #
#     #     A      #     #
#     #     D      #     #
#     #           C#     #
#     #            #     #
#     #          S #     #
#     #            #     #
#     #            #     #
#     #            #     #
#     ##############     #
#                        #
#                        #
#                        #
#                        #
#                        #
##########################
[[11.  9.]
 [ 6.  5.]
 [ 9.  3.]
 [12.  7.]
 [ 6.  6.]
 [10. 10.]
 [ 6.  4.]
 [10.  3.]
 [13.  6.]
 [ 6.  6.]
 [ 9. 10.]
 [ 6.  3.]
 [11.  4.]
 [14.  6.]
 [ 6.  6.]
 [ 9. 10.]
 [ 6.  2.]
 [12.  4.]
 [15.  6.]
 [ 6.  6.]
 [ 9. 10.]
 [ 6.  1.]
 [13.  4.]
 [16.  6.]
 [ 6.  6.]
 [ 9. 10.]
 [ 6.  0.]
 [14.  4.]
 [17.  6.]
 [ 6.  6.]
 [ 9. 10.]
 [ 6.  0.]
 [15.  4.]
 [17.  6.]
 [ 6.  6.]
 [ 9. 10.]
 [ 6.  0.]
 [16.  5.]
 [17.  7.]
 [ 6.  6.]
 [ 9. 10.]
 [ 6.  0.]
 [16.  6.]
 [17.  8.]
 [ 6.  6.]
 [ 9. 10.]
 [ 6.  0.]
 [16.  7.]
 [17.  9.]
 [ 6.  6.]
 [ 9. 10.]
 [ 6.  0.]
 [16.  8.]
 [17. 10.]
 [ 6.  6.]
 [ 9. 10.]
 [ 6.  0.]
 [16.  9.]
 [17. 11.]
 [ 6.  6.]
 [ 9. 10.]
 [ 6.  0.]
 [16. 10.]
 [17. 12.]
 [ 6.  6.]
 [ 9. 10.]
 [ 6.  0.]
 [16. 11.]
 [17. 13.]
 [ 6.  6.]
 [ 9. 10.]
 [ 6.  0.]
 [16. 12.]
 [17. 14.]
 [ 6.  6.]
 [ 9. 10.]
 [ 6.  0.]
 [16. 13.]
 [17. 15.]
 [ 6.  6.]
 [ 9. 10.]
 [ 6.  0.]
 [16. 14.]
 [17. 16.]
 [ 6.  6.]
 [ 9. 10.]
 [ 6.  0.]
 [16. 15.]
 [17. 17.]
 [ 6.  6.]
 [ 9. 10.]
 [ 6.  0.]
 [16. 16.]
 [17. 17.]
 [ 6.  6.]
 [ 9. 10.]
 [ 6.  0.]
 [16. 16.]
 [17. 17.]
 [ 6.  6.]]
