Maze:
##########################
#                        #
#                        #
#                        #
#                        #
#                        #
#     ##############     #
#     #          A #     #
#     #            #     #
#     #            #     #
#     #            #     #
#     #            #     #
#     #     D      #     #
#     #            #     #
#     #            #     #
#     #C           #     #
#     #   S        #     #
#     #            #     #
#     #     B      #     #
#     ##############     #
#                        #
#                        #
#                        #
#                        #
#                        #
##########################
[[ 4. 10.]
 [11.  1.]
 [ 6. 12.]
 [ 1.  9.]
 [ 6.  6.]
 [ 3.  9.]
 [11.  0.]
 [ 5. 11.]
 [ 0.  9.]
 [ 6.  6.]
 [ 3.  8.]
 [11.  0.]
 [ 4. 11.]
 [-1.  9.]
 [ 6.  6.]
 [ 3.  7.]
 [11.  0.]
 [ 3. 10.]
 [-2. 10.]
 [ 6.  6.]
 [ 3.  6.]
 [11.  0.]
 [ 2.  9.]
 [-2. 10.]
 [ 6.  6.]
 [ 3.  5.]
 [11.  0.]
 [ 1.  9.]
 [-1. 10.]
 [ 6.  6.]
 [ 3.  4.]
 [11.  0.]
 [ 0.  9.]
 [ 0. 10.]
 [ 6.  6.]
 [ 4.  3.]
 [12.  0.]
 [ 0. 10.]
 [ 0.  9.]
 [ 6.  6.]
 [ 5.  2.]
 [12.  0.]
 [ 0.  9.]
 [ 0. 10.]
 [ 6.  6.]
 [ 6.  1.]
 [13.  0.]
 [ 0. 10.]
 [ 0.  9.]
 [ 6.  6.]
 [ 7.  1.]
 [14.  0.]
 [ 0.  9.]
 [ 0. 10.]
 [ 6.  6.]
 [ 8.  1.]
 [15.  0.]
 [ 0. 10.]
 [ 0.  9.]
 [ 6.  6.]
 [ 9.  1.]
 [16.  0.]
 [ 0.  9.]
 [ 0. 10.]
 [ 6.  6.]
 [10.  1.]
 [17.  0.]
 [ 0. 10.]
 [ 0.  9.]
 [ 6.  6.]
 [11.  1.]
 [17.  0.]
 [ 0.  9.]
 [ 0. 10.]
 [ 6.  6.]
 [12.  1.]
 [17.  0.]
 [ 0. 10.]
 [ 0.  9.]
 [ 6.  6.]
 [13.  1.]
 [17.  0.]
 [ 0.  9.]
 [ 0. 10.]
 [ 6.  6.]
 [14.  1.]
 [17.  0.]
 [ 0. 10.]
 [ 0.  9.]
 [ 6.  6.]
 [15.  1.]
 [17.  0.]
 [ 0.  9.]
 [ 0. 10.]
 [ 6.  6.]
 [16.  1.]
 [17.  0.]
 [ 0. 10.]
 [ 0.  9.]
 [ 6.  6.]
 [16.  1.]
 [17.  0.]
 [ 0. 10.]
 [ 0.  9.]
 [ 6.  6.]
 [17.  0.]
 [17. -1.]
 [ 0.  9.]
 [ 0. 10.]
 [ 6.  6.]]
