Maze:
##########################
#                        #
#                        #
#                        #
#                        #
#                        #
#     ##############     #
#     #            #     #
#     #   B        #     #
#     #            #     #
#     #            #     #
#     #            #     #
#     #     D      #     #
#     #         A  #     #
#     #  C         #     #
#     #            #     #
#     #            #     #
#     #            #     #
#     #     S      #     #
#     ##############     #
#                        #
#                        #
#                        #
#                        #
#                        #
##########################
[[ 6. 12.]
 [10.  7.]
 [ 4.  2.]
 [ 3.  8.]
 [ 6.  6.]
 [ 7. 12.]
 [11.  7.]
 [ 4.  2.]
 [ 2.  7.]
 [ 6.  6.]
 [ 8. 12.]
 [12.  7.]
 [ 4.  2.]
 [ 2.  6.]
 [ 6.  6.]
 [ 9. 12.]
 [13.  7.]
 [ 4.  3.]
 [ 2.  5.]
 [ 6.  6.]
 [10. 12.]
 [14.  7.]
 [ 4.  3.]
 [ 2.  5.]
 [ 6.  6.]
 [11. 12.]
 [15.  7.]
 [ 4.  3.]
 [ 2.  5.]
 [ 6.  6.]
 [12. 12.]
 [16.  7.]
 [ 3.  3.]
 [ 3.  4.]
 [ 6.  6.]
 [13. 12.]
 [17.  7.]
 [ 3.  4.]
 [ 3.  3.]
 [ 6.  6.]
 [14. 12.]
 [17.  7.]
 [ 3.  3.]
 [ 3.  4.]
 [ 6.  6.]
 [15. 11.]
 [17.  6.]
 [ 3.  4.]
 [ 3.  3.]
 [ 6.  6.]
 [16. 10.]
 [17.  5.]
 [ 3.  3.]
 [ 3.  4.]
 [ 6.  6.]
 [16.  9.]
 [17.  4.]
 [ 3.  4.]
 [ 3.  3.]
 [ 6.  6.]
 [16.  8.]
 [17.  3.]
 [ 3.  3.]
 [ 3.  4.]
 [ 6.  6.]
 [16.  7.]
 [17.  2.]
 [ 3.  4.]
 [ 3.  3.]
 [ 6.  6.]
 [16.  6.]
 [17.  1.]
 [ 3.  3.]
 [ 3.  4.]
 [ 6.  6.]
 [16.  5.]
 [17.  0.]
 [ 3.  4.]
 [ 3.  3.]
 [ 6.  6.]
 [16.  4.]
 [17. -1.]
 [ 3.  3.]
 [ 3.  4.]
 [ 6.  6.]
 [16.  3.]
 [17. -2.]
 [ 3.  4.]
 [ 3.  3.]
 [ 6.  6.]
 [16.  2.]
 [17. -3.]
 [ 3.  3.]
 [ 3.  4.]
 [ 6.  6.]
 [16.  1.]
 [17. -4.]
 [ 3.  4.]
 [ 3.  3.]
 [ 6.  6.]
 [16.  1.]
 [17. -4.]
 [ 3.  4.]
 [ 3.  3.]
 [ 6.  6.]
 [16.  0.]
 [17. -5.]
 [ 3.  3.]
 [ 3.  4.]
 [ 6.  6.]]
