Maze:
##########################
#                        #
#                        #
#                        #
#                        #
#                        #
#     ##############     #
#     #            #     #
#     #            #     #
#     #            #     #
#     #            #     #
#     #            #     #
#     #     C    A #     #
#     # S          #     #
#     #     D      #     #
#     #           B#     #
#     #            #     #
#     #            #     #
#     #            #     #
#     ##############     #
#                        #
#                        #
#                        #
#                        #
#                        #
##########################
[[ 2.  7.]
 [11.  6.]
 [12.  9.]
 [ 6.  6.]
 [ 6.  8.]
 [ 1.  7.]
 [11.  5.]
 [12.  8.]
 [ 6.  6.]
 [ 6.  7.]
 [ 1.  7.]
 [11.  4.]
 [12.  7.]
 [ 6.  6.]
 [ 6.  7.]
 [ 1.  7.]
 [11.  3.]
 [12.  6.]
 [ 6.  6.]
 [ 6.  7.]
 [ 1.  7.]
 [11.  2.]
 [12.  5.]
 [ 6.  6.]
 [ 6.  7.]
 [ 1.  7.]
 [11.  1.]
 [12.  4.]
 [ 6.  6.]
 [ 6.  7.]
 [ 1.  7.]
 [11.  0.]
 [12.  3.]
 [ 6.  6.]
 [ 6.  7.]
 [ 1.  7.]
 [11. -1.]
 [12.  2.]
 [ 6.  6.]
 [ 6.  7.]
 [ 1.  7.]
 [11. -2.]
 [12.  1.]
 [ 6.  6.]
 [ 6.  7.]
 [ 1.  7.]
 [11. -3.]
 [12.  0.]
 [ 6.  6.]
 [ 6.  7.]
 [ 1.  7.]
 [11. -4.]
 [12. -1.]
 [ 6.  6.]
 [ 6.  7.]
 [ 1.  7.]
 [11. -5.]
 [12. -2.]
 [ 6.  6.]
 [ 6.  7.]
 [ 1.  7.]
 [11. -5.]
 [12. -3.]
 [ 6.  6.]
 [ 6.  7.]
 [ 1.  7.]
 [11. -5.]
 [12. -4.]
 [ 6.  6.]
 [ 6.  7.]
 [ 1.  7.]
 [10. -5.]
 [11. -5.]
 [ 6.  6.]
 [ 6.  7.]
 [ 1.  7.]
 [ 9. -5.]
 [10. -5.]
 [ 6.  6.]
 [ 6.  7.]
 [ 1.  7.]
 [ 8. -5.]
 [ 9. -5.]
 [ 6.  6.]
 [ 6.  7.]
 [ 1.  7.]
 [ 7. -5.]
 [ 8. -5.]
 [ 6.  6.]
 [ 6.  7.]
 [ 1.  7.]
 [ 6. -5.]
 [ 7. -5.]
 [ 6.  6.]
 [ 6.  7.]
 [ 1.  7.]
 [ 5. -5.]
 [ 6. -5.]
 [ 6.  6.]
 [ 6.  7.]
 [ 1.  7.]
 [ 5. -5.]
 [ 6. -5.]
 [ 6.  6.]
 [ 6.  7.]
 [ 1.  7.]
 [ 4. -5.]
 [ 5. -5.]
 [ 6.  6.]
 [ 6.  7.]]
