Maze:
##########################
#                        #
#                        #
#                        #
#                        #
#                        #
#     ##############     #
#     #          A #     #
#     #            #     #
#     #            #     #
#     #            #     #
#     #     C      #     #
#     #     S      #     #
#     #            #     #
#     #            #     #
#     #            #     #
#     #D           #     #
#     #            #     #
#     #         B  #     #
#     ##############     #
#                        #
#                        #
#                        #
#                        #
#                        #
##########################
[[ 6.  6.]
 [11.  1.]
 [10. 12.]
 [ 6.  5.]
 [ 1. 10.]
 [ 6.  6.]
 [11.  1.]
 [10. 11.]
 [ 6.  4.]
 [ 2. 10.]
 [ 6.  6.]
 [11.  1.]
 [10. 10.]
 [ 6.  3.]
 [ 3. 10.]
 [ 6.  6.]
 [11.  1.]
 [10.  9.]
 [ 6.  2.]
 [ 4. 10.]
 [ 6.  6.]
 [10.  0.]
 [10.  8.]
 [ 5.  1.]
 [ 5.  9.]
 [ 6.  6.]
 [ 9. -1.]
 [10.  7.]
 [ 4.  1.]
 [ 6.  8.]
 [ 6.  6.]
 [ 8. -2.]
 [10.  6.]
 [ 3.  1.]
 [ 6.  7.]
 [ 6.  6.]
 [ 7. -2.]
 [10.  5.]
 [ 2.  1.]
 [ 6.  7.]
 [ 6.  6.]
 [ 6. -3.]
 [10.  4.]
 [ 1.  1.]
 [ 6.  7.]
 [ 6.  6.]
 [ 5. -3.]
 [10.  4.]
 [ 0.  1.]
 [ 6.  7.]
 [ 6.  6.]
 [ 4. -3.]
 [10.  4.]
 [-1.  1.]
 [ 6.  7.]
 [ 6.  6.]
 [ 3. -3.]
 [10.  4.]
 [-2.  1.]
 [ 6.  7.]
 [ 6.  6.]
 [ 2. -3.]
 [10.  4.]
 [-3.  1.]
 [ 6.  7.]
 [ 6.  6.]
 [ 1. -3.]
 [10.  4.]
 [-4.  1.]
 [ 6.  7.]
 [ 6.  6.]
 [ 0. -3.]
 [10.  4.]
 [-5.  1.]
 [ 6.  7.]
 [ 6.  6.]
 [-1. -3.]
 [10.  4.]
 [-5.  1.]
 [ 6.  7.]
 [ 6.  6.]
 [-2. -3.]
 [10.  4.]
 [-5.  2.]
 [ 6.  7.]
 [ 6.  6.]
 [-3. -3.]
 [10.  4.]
 [-5.  3.]
 [ 6.  7.]
 [ 6.  6.]
 [-4. -3.]
 [10.  4.]
 [-5.  4.]
 [ 6.  7.]
 [ 6.  6.]
 [-4. -3.]
 [10.  4.]
 [-5.  5.]
 [ 6.  7.]
 [ 6.  6.]
 [-4. -3.]
 [10.  4.]
 [-5.  5.]
 [ 6.  7.]]
