Maze:
##########################
#                        #
#                        #
#                        #
#                        #
#                        #
#     ##############     #
#     #            #     #
#     #            #     #
#     #     S      #     #
#     #            #     #
#     #            #     #
#     #     D    B #     #
#     #            #     #
#     #C           #     #
#     #            #     #
#     #        A   #     #
#     #            #     #
#     #            #     #
#     ##############     #
#                        #
#                        #
#                        #
#                        #
#                        #
##########################
[[ 6.  3.]
 [ 9. 10.]
 [11.  6.]
 [ 1.  8.]
 [ 6.  6.]
 [ 6.  3.]
 [ 9. 11.]
 [11.  7.]
 [ 0.  8.]
 [ 6.  6.]
 [ 6.  3.]
 [ 9. 12.]
 [11.  8.]
 [ 0.  8.]
 [ 6.  6.]
 [ 6.  3.]
 [ 9. 13.]
 [11.  9.]
 [ 0.  8.]
 [ 6.  6.]
 [ 6.  3.]
 [ 9. 14.]
 [11. 10.]
 [ 0.  8.]
 [ 6.  6.]
 [ 6.  3.]
 [ 9. 15.]
 [11. 11.]
 [ 0.  8.]
 [ 6.  6.]
 [ 6.  3.]
 [ 9. 16.]
 [11. 12.]
 [ 0.  8.]
 [ 6.  6.]
 [ 6.  3.]
 [ 9. 17.]
 [11. 13.]
 [ 0.  8.]
 [ 6.  6.]
 [ 6.  3.]
 [ 9. 17.]
 [11. 14.]
 [ 0.  8.]
 [ 6.  6.]
 [ 6.  3.]
 [ 8. 17.]
 [10. 15.]
 [ 0.  8.]
 [ 6.  6.]
 [ 6.  3.]
 [ 7. 17.]
 [ 9. 16.]
 [ 0.  8.]
 [ 6.  6.]
 [ 6.  3.]
 [ 6. 17.]
 [ 8. 16.]
 [ 0.  8.]
 [ 6.  6.]
 [ 6.  3.]
 [ 5. 17.]
 [ 7. 16.]
 [ 0.  8.]
 [ 6.  6.]
 [ 6.  3.]
 [ 4. 17.]
 [ 6. 16.]
 [ 0.  8.]
 [ 6.  6.]
 [ 6.  3.]
 [ 3. 17.]
 [ 5. 16.]
 [ 0.  8.]
 [ 6.  6.]
 [ 6.  3.]
 [ 2. 17.]
 [ 4. 16.]
 [ 0.  8.]
 [ 6.  6.]
 [ 6.  3.]
 [ 1. 17.]
 [ 3. 16.]
 [ 0.  8.]
 [ 6.  6.]
 [ 6.  3.]
 [ 0. 17.]
 [ 2. 16.]
 [ 0.  8.]
 [ 6.  6.]
 [ 6.  3.]
 [-1. 17.]
 [ 1. 16.]
 [ 0.  8.]
 [ 6.  6.]
 [ 6.  3.]
 [-2. 17.]
 [ 0. 16.]
 [ 0.  8.]
 [ 6.  6.]
 [ 6.  3.]
 [-2. 17.]
 [ 0. 16.]
 [ 0.  8.]
 [ 6.  6.]
 [ 6.  3.]
 [-3. 17.]
 [-1. 16.]
 [ 0.  8.]
 [ 6.  6.]]
