Maze:
##########################
#                        #
#                        #
#                        #
#                        #
#                        #
#     ##############     #
#     #      C     #     #
#     #            #     #
#     #            #     #
#     #            #     #
#     #            #     #
#     #     S      #     #
#     #  D         #     #
#     #            #     #
#     #A           #     #
#     #            #     #
#     #   B        #     #
#     #            #     #
#     ##############     #
#                        #
#                        #
#                        #
#                        #
#                        #
##########################
[[ 6.  6.]
 [ 1.  9.]
 [ 4. 11.]
 [ 7.  1.]
 [ 3.  7.]
 [ 6.  6.]
 [ 0.  9.]
 [ 3. 10.]
 [ 7.  0.]
 [ 4.  7.]
 [ 6.  6.]
 [-1.  9.]
 [ 2. 10.]
 [ 7. -1.]
 [ 5.  8.]
 [ 6.  6.]
 [-2.  9.]
 [ 1. 10.]
 [ 7. -1.]
 [ 5.  7.]
 [ 6.  6.]
 [-3.  9.]
 [ 0. 10.]
 [ 7. -1.]
 [ 5.  7.]
 [ 6.  6.]
 [-4.  9.]
 [-1. 10.]
 [ 7. -1.]
 [ 5.  7.]
 [ 6.  6.]
 [-5.  9.]
 [-2. 10.]
 [ 7. -1.]
 [ 5.  7.]
 [ 6.  6.]
 [-5.  9.]
 [-3. 10.]
 [ 7. -1.]
 [ 5.  7.]
 [ 6.  6.]
 [-5.  9.]
 [-4. 10.]
 [ 7. -2.]
 [ 5.  7.]
 [ 6.  6.]
 [-5.  8.]
 [-5.  9.]
 [ 7. -2.]
 [ 5.  7.]
 [ 6.  6.]
 [-5.  7.]
 [-5.  8.]
 [ 7. -2.]
 [ 5.  7.]
 [ 6.  6.]
 [-5.  6.]
 [-5.  7.]
 [ 7. -2.]
 [ 5.  7.]
 [ 6.  6.]
 [-5.  5.]
 [-5.  6.]
 [ 7. -2.]
 [ 5.  7.]
 [ 6.  6.]
 [-5.  4.]
 [-5.  5.]
 [ 7. -2.]
 [ 5.  7.]
 [ 6.  6.]
 [-5.  3.]
 [-5.  4.]
 [ 7. -2.]
 [ 5.  7.]
 [ 6.  6.]
 [-5.  2.]
 [-5.  3.]
 [ 7. -2.]
 [ 5.  7.]
 [ 6.  6.]
 [-5.  1.]
 [-5.  2.]
 [ 7. -2.]
 [ 5.  7.]
 [ 6.  6.]
 [-5.  0.]
 [-5.  1.]
 [ 7. -2.]
 [ 5.  7.]
 [ 6.  6.]
 [-5. -1.]
 [-5.  0.]
 [ 7. -2.]
 [ 5.  7.]
 [ 6.  6.]
 [-5. -2.]
 [-5. -1.]
 [ 7. -2.]
 [ 5.  7.]
 [ 6.  6.]
 [-5. -2.]
 [-5. -1.]
 [ 7. -2.]
 [ 5.  7.]
 [ 6.  6.]
 [-5. -3.]
 [-5. -2.]
 [ 7. -2.]
 [ 5.  7.]]
