Maze:
##########################
#                        #
#                        #
#                        #
#                        #
#                        #
#     ##############     #
#     #   B        #     #
#     # D          #     #
#     #            #     #
#     #            #     #
#     #            #     #
#     #     A      #     #
#     #            #     #
#     #            #     #
#     #            #     #
#     #          C #     #
#     #     S      #     #
#     #            #     #
#     ##############     #
#                        #
#                        #
#                        #
#                        #
#                        #
##########################
[[ 6. 11.]
 [ 6.  6.]
 [ 4.  1.]
 [11. 10.]
 [ 2.  2.]
 [ 6. 10.]
 [ 6.  6.]
 [ 5.  1.]
 [12. 10.]
 [ 3.  2.]
 [ 6.  9.]
 [ 6.  6.]
 [ 6.  1.]
 [13. 10.]
 [ 4.  2.]
 [ 6.  8.]
 [ 6.  6.]
 [ 7.  1.]
 [14. 10.]
 [ 5.  2.]
 [ 6.  7.]
 [ 6.  6.]
 [ 8.  1.]
 [15. 10.]
 [ 6.  2.]
 [ 6.  7.]
 [ 6.  6.]
 [ 9.  1.]
 [15. 10.]
 [ 7.  2.]
 [ 6.  7.]
 [ 6.  6.]
 [10.  1.]
 [15. 10.]
 [ 8.  2.]
 [ 6.  7.]
 [ 6.  6.]
 [11.  1.]
 [15. 10.]
 [ 9.  2.]
 [ 6.  7.]
 [ 6.  6.]
 [12.  1.]
 [15. 10.]
 [10.  2.]
 [ 6.  7.]
 [ 6.  6.]
 [13.  1.]
 [15. 10.]
 [11.  2.]
 [ 6.  7.]
 [ 6.  6.]
 [14.  1.]
 [15. 10.]
 [12.  2.]
 [ 6.  7.]
 [ 6.  6.]
 [15.  1.]
 [15. 10.]
 [13.  2.]
 [ 6.  7.]
 [ 6.  6.]
 [16.  1.]
 [16. 10.]
 [14.  2.]
 [ 6.  7.]
 [ 6.  6.]
 [17.  1.]
 [16. 10.]
 [15.  2.]
 [ 6.  7.]
 [ 6.  6.]
 [17.  1.]
 [16. 10.]
 [16.  2.]
 [ 6.  7.]
 [ 6.  6.]
 [17.  0.]
 [16. 10.]
 [17.  1.]
 [ 6.  7.]
 [ 6.  6.]
 [17. -1.]
 [16. 10.]
 [17.  0.]
 [ 6.  7.]
 [ 6.  6.]
 [17. -2.]
 [16. 10.]
 [17. -1.]
 [ 6.  7.]
 [ 6.  6.]
 [17. -3.]
 [16. 10.]
 [17. -2.]
 [ 6.  7.]
 [ 6.  6.]
 [17. -4.]
 [16. 10.]
 [17. -3.]
 [ 6.  7.]
 [ 6.  6.]
 [17. -4.]
 [16. 10.]
 [17. -3.]
 [ 6.  7.]
 [ 6.  6.]
 [17. -5.]
 [16. 10.]
 [17. -4.]]
