Maze:
##########################
#                        #
#                        #
#                        #
#                        #
#                        #
#     ##############     #
#     #           D#     #
#     #            #     #
#     #            #     #
#     #     C      #     #
#     #            #     #
#     #     S      #     #
#     #            #     #
#     #          B #     #
#     #            #     #
#     #            #     #
#     #            #     #
#     #         A  #     #
#     ##############     #
#                        #
#                        #
#                        #
#                        #
#                        #
##########################
[[ 6.  6.]
 [10. 12.]
 [11.  8.]
 [ 6.  4.]
 [12.  1.]
 [ 6.  6.]
 [10. 13.]
 [10.  9.]
 [ 6.  3.]
 [12.  2.]
 [ 6.  6.]
 [10. 14.]
 [10. 10.]
 [ 6.  2.]
 [11.  2.]
 [ 6.  6.]
 [10. 15.]
 [10. 11.]
 [ 6.  1.]
 [10.  2.]
 [ 6.  6.]
 [10. 16.]
 [10. 12.]
 [ 6.  0.]
 [ 9.  2.]
 [ 6.  6.]
 [10. 17.]
 [10. 13.]
 [ 6. -1.]
 [ 8.  2.]
 [ 6.  6.]
 [10. 17.]
 [10. 14.]
 [ 6. -2.]
 [ 7.  1.]
 [ 6.  6.]
 [10. 17.]
 [10. 15.]
 [ 6. -3.]
 [ 7.  0.]
 [ 6.  6.]
 [10. 17.]
 [10. 16.]
 [ 6. -4.]
 [ 7. -1.]
 [ 6.  6.]
 [10. 17.]
 [10. 16.]
 [ 6. -5.]
 [ 7. -2.]
 [ 6.  6.]
 [10. 17.]
 [10. 16.]
 [ 6. -5.]
 [ 7. -3.]
 [ 6.  6.]
 [10. 17.]
 [10. 16.]
 [ 6. -5.]
 [ 7. -4.]
 [ 6.  6.]
 [10. 17.]
 [10. 16.]
 [ 5. -5.]
 [ 6. -5.]
 [ 6.  6.]
 [10. 17.]
 [10. 16.]
 [ 4. -5.]
 [ 5. -5.]
 [ 6.  6.]
 [10. 17.]
 [10. 16.]
 [ 3. -5.]
 [ 4. -5.]
 [ 6.  6.]
 [10. 17.]
 [10. 16.]
 [ 2. -5.]
 [ 3. -5.]
 [ 6.  6.]
 [10. 17.]
 [10. 16.]
 [ 1. -5.]
 [ 2. -5.]
 [ 6.  6.]
 [10. 17.]
 [10. 16.]
 [ 0. -5.]
 [ 1. -5.]
 [ 6.  6.]
 [10. 17.]
 [10. 16.]
 [-1. -5.]
 [ 0. -5.]
 [ 6.  6.]
 [10. 17.]
 [10. 16.]
 [-2. -5.]
 [-1. -5.]
 [ 6.  6.]
 [10. 17.]
 [10. 16.]
 [-2. -5.]
 [-1. -5.]
 [ 6.  6.]
 [10. 17.]
 [10. 16.]
 [-3. -5.]
 [-2. -5.]]
