Maze:
##########################
#                        #
#                        #
#                        #
#                        #
#                        #
#     ##############     #
#     #            #     #
#     #      A     #     #
#     #  D         #     #
#     #          S #     #
#     #            #     #
#     #     B      #     #
#     #            #     #
#     #            #     #
#     #            #     #
#     #            #     #
#     #            #     #
#     #         C  #     #
#     ##############     #
#                        #
#                        #
#                        #
#                        #
#                        #
##########################
[[11.  4.]
 [ 7.  2.]
 [ 6.  6.]
 [10. 12.]
 [ 3.  3.]
 [11.  3.]
 [ 7.  1.]
 [ 6.  6.]
 [10. 12.]
 [ 4.  4.]
 [11.  2.]
 [ 7.  0.]
 [ 6.  6.]
 [10. 12.]
 [ 5.  5.]
 [11.  1.]
 [ 7. -1.]
 [ 6.  6.]
 [10. 12.]
 [ 5.  5.]
 [10.  0.]
 [ 7. -2.]
 [ 6.  6.]
 [10. 12.]
 [ 5.  5.]
 [ 9. -1.]
 [ 6. -3.]
 [ 6.  6.]
 [10. 12.]
 [ 5.  5.]
 [ 8. -2.]
 [ 5. -4.]
 [ 6.  6.]
 [10. 12.]
 [ 5.  5.]
 [ 7. -3.]
 [ 4. -5.]
 [ 6.  6.]
 [10. 12.]
 [ 5.  5.]
 [ 6. -4.]
 [ 3. -5.]
 [ 6.  6.]
 [10. 12.]
 [ 5.  5.]
 [ 5. -4.]
 [ 2. -5.]
 [ 6.  6.]
 [10. 12.]
 [ 5.  5.]
 [ 4. -4.]
 [ 1. -5.]
 [ 6.  6.]
 [10. 12.]
 [ 5.  5.]
 [ 3. -4.]
 [ 0. -5.]
 [ 6.  6.]
 [10. 12.]
 [ 5.  5.]
 [ 2. -4.]
 [-1. -5.]
 [ 6.  6.]
 [10. 12.]
 [ 5.  5.]
 [ 1. -4.]
 [-2. -5.]
 [ 6.  6.]
 [10. 12.]
 [ 5.  5.]
 [ 0. -4.]
 [-3. -5.]
 [ 6.  6.]
 [10. 12.]
 [ 5.  5.]
 [-1. -4.]
 [-4. -5.]
 [ 6.  6.]
 [10. 12.]
 [ 5.  5.]
 [-2. -4.]
 [-5. -5.]
 [ 6.  6.]
 [10. 12.]
 [ 5.  5.]
 [-3. -4.]
 [-5. -5.]
 [ 6.  6.]
 [10. 12.]
 [ 5.  5.]
 [-4. -4.]
 [-5. -5.]
 [ 6.  6.]
 [10. 12.]
 [ 5.  5.]
 [-4. -4.]
 [-5. -5.]
 [ 6.  6.]
 [10. 12.]
 [ 5.  5.]]
