Maze:
##########################
#                        #
#                        #
#                        #
#                        #
#                        #
#     ##############     #
#     #            #     #
#     #            #     #
#     #          D #     #
#     #            #     #
#     #            #     #
#     #     C   S  #     #
#     #        A   #     #
#     # B          #     #
#     #            #     #
#     #            #     #
#     #            #     #
#     #            #     #
#     ##############     #
#                        #
#                        #
#                        #
#                        #
#                        #
##########################
[[10.  6.]
 [ 9.  7.]
 [ 2.  8.]
 [ 6.  6.]
 [11.  3.]
 [ 9.  7.]
 [ 8.  8.]
 [ 3.  8.]
 [ 6.  6.]
 [10.  4.]
 [ 8.  8.]
 [ 7.  9.]
 [ 4.  8.]
 [ 6.  6.]
 [ 9.  5.]
 [ 7.  9.]
 [ 6. 10.]
 [ 5.  8.]
 [ 6.  6.]
 [ 8.  6.]
 [ 7. 10.]
 [ 6. 11.]
 [ 6.  8.]
 [ 6.  6.]
 [ 7.  6.]
 [ 7. 11.]
 [ 5. 12.]
 [ 6.  9.]
 [ 6.  6.]
 [ 7.  6.]
 [ 7. 12.]
 [ 4. 13.]
 [ 6. 10.]
 [ 6.  6.]
 [ 7.  6.]
 [ 7. 13.]
 [ 3. 14.]
 [ 6. 11.]
 [ 6.  6.]
 [ 7.  6.]
 [ 7. 14.]
 [ 2. 14.]
 [ 6. 12.]
 [ 6.  6.]
 [ 7.  6.]
 [ 7. 15.]
 [ 1. 14.]
 [ 6. 13.]
 [ 6.  6.]
 [ 7.  6.]
 [ 7. 16.]
 [ 0. 14.]
 [ 6. 14.]
 [ 6.  6.]
 [ 7.  6.]
 [ 7. 17.]
 [-1. 14.]
 [ 6. 15.]
 [ 6.  6.]
 [ 7.  6.]
 [ 7. 17.]
 [-2. 14.]
 [ 6. 16.]
 [ 6.  6.]
 [ 7.  6.]
 [ 8. 17.]
 [-3. 14.]
 [ 7. 17.]
 [ 6.  6.]
 [ 7.  6.]
 [ 9. 17.]
 [-3. 14.]
 [ 8. 17.]
 [ 6.  6.]
 [ 7.  6.]
 [10. 17.]
 [-3. 14.]
 [ 9. 17.]
 [ 6.  6.]
 [ 7.  6.]
 [11. 17.]
 [-3. 14.]
 [10. 17.]
 [ 6.  6.]
 [ 7.  6.]
 [12. 17.]
 [-3. 14.]
 [11. 17.]
 [ 6.  6.]
 [ 7.  6.]
 [13. 17.]
 [-3. 14.]
 [12. 17.]
 [ 6.  6.]
 [ 7.  6.]
 [14. 17.]
 [-3. 14.]
 [13. 17.]
 [ 6.  6.]
 [ 7.  6.]
 [14. 17.]
 [-3. 14.]
 [13. 17.]
 [ 6.  6.]
 [ 7.  6.]
 [15. 17.]
 [-3. 14.]
 [14. 17.]
 [ 6.  6.]
 [ 7.  6.]]
