Maze:
##########################
#                        #
#                        #
#                        #
#                        #
#                        #
#     ##############     #
#     #            #     #
#     #       C    #     #
#     #            #     #
#     #          B #     #
#     #           S#     #
#     #     D      #     #
#     #        A   #     #
#     #            #     #
#     #            #     #
#     #            #     #
#     #            #     #
#     #            #     #
#     ##############     #
#                        #
#                        #
#                        #
#                        #
#                        #
##########################
[[12.  5.]
 [ 9.  7.]
 [11.  4.]
 [ 8.  2.]
 [ 6.  6.]
 [13.  6.]
 [ 9.  8.]
 [11.  5.]
 [ 9.  1.]
 [ 6.  6.]
 [14.  7.]
 [ 9.  9.]
 [11.  6.]
 [ 9.  1.]
 [ 6.  6.]
 [15.  8.]
 [ 9. 10.]
 [11.  7.]
 [ 9.  1.]
 [ 6.  6.]
 [16.  9.]
 [ 9. 11.]
 [11.  8.]
 [ 9.  1.]
 [ 6.  6.]
 [17.  9.]
 [ 9. 12.]
 [11.  9.]
 [ 9.  1.]
 [ 6.  6.]
 [17.  9.]
 [ 9. 13.]
 [11. 10.]
 [ 9.  1.]
 [ 6.  6.]
 [17.  9.]
 [ 8. 14.]
 [11. 11.]
 [ 9.  1.]
 [ 6.  6.]
 [17.  9.]
 [ 7. 15.]
 [10. 12.]
 [ 9.  1.]
 [ 6.  6.]
 [17.  9.]
 [ 6. 16.]
 [ 9. 13.]
 [ 9.  1.]
 [ 6.  6.]
 [17.  9.]
 [ 5. 17.]
 [ 8. 14.]
 [ 9.  1.]
 [ 6.  6.]
 [17.  9.]
 [ 4. 17.]
 [ 7. 15.]
 [ 9.  1.]
 [ 6.  6.]
 [17.  9.]
 [ 3. 17.]
 [ 6. 16.]
 [ 9.  1.]
 [ 6.  6.]
 [17.  9.]
 [ 2. 17.]
 [ 5. 16.]
 [ 9.  1.]
 [ 6.  6.]
 [17.  9.]
 [ 1. 17.]
 [ 4. 16.]
 [ 9.  1.]
 [ 6.  6.]
 [17.  9.]
 [ 0. 17.]
 [ 3. 16.]
 [ 9.  1.]
 [ 6.  6.]
 [17.  9.]
 [-1. 17.]
 [ 2. 16.]
 [ 9.  1.]
 [ 6.  6.]
 [17.  9.]
 [-2. 17.]
 [ 1. 16.]
 [ 9.  1.]
 [ 6.  6.]
 [17.  9.]
 [-3. 17.]
 [ 0. 16.]
 [ 9.  1.]
 [ 6.  6.]
 [17.  9.]
 [-4. 17.]
 [-1. 16.]
 [ 9.  1.]
 [ 6.  6.]
 [17.  9.]
 [-4. 17.]
 [-1. 16.]
 [ 9.  1.]
 [ 6.  6.]
 [17.  9.]
 [-5. 17.]
 [-2. 16.]
 [ 9.  1.]
 [ 6.  6.]]
