Maze:
##########################
#                        #
#                        #
#                        #
#                        #
#                        #
#     ##############     #
#     #           D#     #
#     #            #     #
#     #            #     #
#     #            #     #
#     #            #     #
#     #     S      #     #
#     #            #     #
#     #            #     #
#     #       C    #     #
#     #   B        #     #
#     #            #     #
#     #     A      #     #
#     ##############     #
#                        #
#                        #
#                        #
#                        #
#                        #
##########################
[[ 6.  6.]
 [ 6. 12.]
 [ 4. 10.]
 [ 8.  9.]
 [12.  1.]
 [ 6.  6.]
 [ 6. 11.]
 [ 5. 10.]
 [ 8.  8.]
 [12.  1.]
 [ 6.  6.]
 [ 5. 10.]
 [ 6. 11.]
 [ 8.  7.]
 [12.  1.]
 [ 6.  6.]
 [ 6. 11.]
 [ 5. 10.]
 [ 9.  6.]
 [12.  1.]
 [ 6.  6.]
 [ 5. 10.]
 [ 6. 11.]
 [ 9.  5.]
 [12.  0.]
 [ 6.  6.]
 [ 5. 11.]
 [ 5. 10.]
 [ 9.  4.]
 [12. -1.]
 [ 6.  6.]
 [ 5. 10.]
 [ 5. 11.]
 [ 9.  3.]
 [12. -2.]
 [ 6.  6.]
 [ 5. 11.]
 [ 5. 10.]
 [ 9.  2.]
 [12. -3.]
 [ 6.  6.]
 [ 5. 10.]
 [ 5. 11.]
 [ 9.  1.]
 [12. -4.]
 [ 6.  6.]
 [ 5. 11.]
 [ 5. 10.]
 [ 9.  0.]
 [12. -5.]
 [ 6.  6.]
 [ 5. 10.]
 [ 5. 11.]
 [ 9. -1.]
 [12. -5.]
 [ 6.  6.]
 [ 5. 11.]
 [ 5. 10.]
 [ 9. -2.]
 [13. -5.]
 [ 6.  6.]
 [ 5. 10.]
 [ 5. 11.]
 [10. -2.]
 [14. -5.]
 [ 6.  6.]
 [ 5. 11.]
 [ 5. 10.]
 [11. -3.]
 [15. -5.]
 [ 6.  6.]
 [ 5. 10.]
 [ 5. 11.]
 [12. -3.]
 [16. -5.]
 [ 6.  6.]
 [ 5. 11.]
 [ 5. 10.]
 [13. -3.]
 [17. -5.]
 [ 6.  6.]
 [ 5. 10.]
 [ 5. 11.]
 [14. -3.]
 [17. -5.]
 [ 6.  6.]
 [ 5. 11.]
 [ 5. 10.]
 [15. -4.]
 [17. -5.]
 [ 6.  6.]
 [ 5. 10.]
 [ 5. 11.]
 [16. -4.]
 [17. -5.]
 [ 6.  6.]
 [ 5. 11.]
 [ 5. 10.]
 [16. -4.]
 [17. -5.]
 [ 6.  6.]
 [ 5. 10.]
 [ 5. 11.]
 [16. -4.]
 [17. -5.]]
