Maze:
##########################
#                        #
#                        #
#                        #
#                        #
#                        #
#     ##############     #
#     #           B#     #
#     #            #     #
#     #         A  #     #
#     #            #     #
#     #            #     #
#     #     C      #     #
#     #            #     #
#     #            #     #
#     #    D       #     #
#     #            #     #
#     #            #     #
#     #   S        #     #
#     ##############     #
#                        #
#                        #
#                        #
#                        #
#                        #
##########################
[[ 4. 12.]
 [10.  3.]
 [12.  1.]
 [ 6.  6.]
 [ 5.  9.]
 [ 4. 13.]
 [10.  3.]
 [11.  2.]
 [ 6.  6.]
 [ 5. 10.]
 [ 4. 14.]
 [11.  2.]
 [10.  3.]
 [ 6.  6.]
 [ 5. 11.]
 [ 4. 15.]
 [10.  3.]
 [11.  2.]
 [ 6.  6.]
 [ 5. 12.]
 [ 4. 16.]
 [11.  2.]
 [10.  3.]
 [ 6.  6.]
 [ 5. 13.]
 [ 4. 17.]
 [10.  3.]
 [11.  2.]
 [ 6.  6.]
 [ 5. 14.]
 [ 4. 17.]
 [11.  2.]
 [10.  3.]
 [ 6.  6.]
 [ 5. 15.]
 [ 4. 17.]
 [10.  3.]
 [11.  2.]
 [ 6.  6.]
 [ 5. 16.]
 [ 3. 17.]
 [11.  2.]
 [10.  3.]
 [ 6.  6.]
 [ 4. 17.]
 [ 2. 17.]
 [10.  3.]
 [11.  2.]
 [ 6.  6.]
 [ 3. 17.]
 [ 1. 17.]
 [11.  2.]
 [10.  3.]
 [ 6.  6.]
 [ 2. 17.]
 [ 0. 17.]
 [10.  3.]
 [11.  2.]
 [ 6.  6.]
 [ 1. 17.]
 [-1. 17.]
 [11.  2.]
 [10.  3.]
 [ 6.  6.]
 [ 0. 17.]
 [-2. 17.]
 [10.  3.]
 [11.  2.]
 [ 6.  6.]
 [-1. 17.]
 [-3. 17.]
 [11.  2.]
 [10.  3.]
 [ 6.  6.]
 [-2. 17.]
 [-4. 17.]
 [10.  3.]
 [11.  2.]
 [ 6.  6.]
 [-3. 17.]
 [-5. 17.]
 [11.  2.]
 [10.  3.]
 [ 6.  6.]
 [-4. 17.]
 [-5. 17.]
 [10.  3.]
 [11.  2.]
 [ 6.  6.]
 [-4. 17.]
 [-5. 17.]
 [11.  2.]
 [10.  3.]
 [ 6.  6.]
 [-4. 17.]]
