Maze:
##########################
#                        #
#                        #
#                        #
#                        #
#                        #
#     ##############     #
#     #            #     #
#     # S          #     #
#     #            #     #
#     #            #     #
#     #            #     #
#     #     B      #     #
#     #D           #     #
#     #            #     #
#     #            #     #
#     #  C         #     #
#     #            #     #
#     #         A  #     #
#     ##############     #
#                        #
#                        #
#                        #
#                        #
#                        #
##########################
[[ 2.  2.]
 [10. 12.]
 [ 6.  6.]
 [ 3. 10.]
 [ 1.  7.]
 [ 2.  1.]
 [10. 12.]
 [ 6.  6.]
 [ 2.  9.]
 [ 1.  6.]
 [ 2.  0.]
 [10. 12.]
 [ 6.  6.]
 [ 2.  8.]
 [ 1.  5.]
 [ 2. -1.]
 [10. 12.]
 [ 6.  6.]
 [ 2.  7.]
 [ 1.  4.]
 [ 2. -2.]
 [10. 12.]
 [ 6.  6.]
 [ 2.  6.]
 [ 1.  3.]
 [ 2. -3.]
 [10. 12.]
 [ 6.  6.]
 [ 2.  5.]
 [ 1.  2.]
 [ 2. -4.]
 [10. 12.]
 [ 6.  6.]
 [ 2.  4.]
 [ 1.  1.]
 [ 2. -5.]
 [10. 12.]
 [ 6.  6.]
 [ 2.  3.]
 [ 1.  0.]
 [ 2. -5.]
 [10. 12.]
 [ 6.  6.]
 [ 2.  2.]
 [ 1. -1.]
 [ 2. -5.]
 [10. 12.]
 [ 6.  6.]
 [ 2.  1.]
 [ 1. -2.]
 [ 2. -5.]
 [10. 12.]
 [ 6.  6.]
 [ 2.  0.]
 [ 1. -3.]
 [ 2. -5.]
 [10. 12.]
 [ 6.  6.]
 [ 2. -1.]
 [ 1. -4.]
 [ 3. -5.]
 [10. 12.]
 [ 6.  6.]
 [ 2. -2.]
 [ 1. -5.]
 [ 4. -5.]
 [10. 12.]
 [ 6.  6.]
 [ 2. -3.]
 [ 1. -5.]
 [ 5. -5.]
 [10. 12.]
 [ 6.  6.]
 [ 2. -4.]
 [ 1. -5.]
 [ 6. -5.]
 [10. 12.]
 [ 6.  6.]
 [ 1. -5.]
 [ 0. -5.]
 [ 7. -5.]
 [10. 12.]
 [ 6.  6.]
 [ 0. -5.]
 [-1. -5.]
 [ 7. -5.]
 [10. 12.]
 [ 6.  6.]
 [-1. -5.]
 [-2. -5.]
 [ 7. -5.]
 [10. 12.]
 [ 6.  6.]
 [-2. -5.]
 [-3. -5.]
 [ 7. -5.]
 [10. 12.]
 [ 6.  6.]
 [-3. -5.]
 [-4. -5.]
 [ 7. -5.]
 [10. 12.]
 [ 6.  6.]
 [-3. -5.]
 [-4. -5.]
 [ 7. -5.]
 [10. 12.]
 [ 6.  6.]
 [-4. -5.]
 [-5. -5.]]
