Maze:
##########################
#                        #
#                        #
#                        #
#                        #
#                        #
#     ##############     #
#     #            #     #
#     #            #     #
#     #      S     #     #
#     #            #     #
#     #            #     #
#     #     A      #     #
#     #       D    #     #
#     #         B  #     #
#     #            #     #
#     #            #     #
#     #            #     #
#     #   C        #     #
#     ##############     #
#                        #
#                        #
#                        #
#                        #
#                        #
##########################
[[ 7.  3.]
 [ 6.  6.]
 [10.  8.]
 [ 4. 12.]
 [ 8.  7.]
 [ 6.  2.]
 [ 6.  6.]
 [10.  9.]
 [ 4. 12.]
 [ 9.  7.]
 [ 6.  2.]
 [ 6.  6.]
 [10. 10.]
 [ 4. 12.]
 [10.  8.]
 [ 6.  2.]
 [ 6.  6.]
 [10. 11.]
 [ 4. 12.]
 [10.  9.]
 [ 6.  2.]
 [ 6.  6.]
 [10. 12.]
 [ 4. 12.]
 [10. 10.]
 [ 6.  2.]
 [ 6.  6.]
 [ 9. 13.]
 [ 4. 12.]
 [10. 11.]
 [ 6.  2.]
 [ 6.  6.]
 [ 8. 13.]
 [ 4. 12.]
 [10. 12.]
 [ 6.  2.]
 [ 6.  6.]
 [ 7. 13.]
 [ 4. 13.]
 [ 9. 13.]
 [ 6.  2.]
 [ 6.  6.]
 [ 6. 13.]
 [ 5. 13.]
 [ 8. 13.]
 [ 6.  2.]
 [ 6.  6.]
 [ 5. 13.]
 [ 6. 13.]
 [ 7. 13.]
 [ 6.  2.]
 [ 6.  6.]
 [ 6. 13.]
 [ 7. 13.]
 [ 8. 13.]
 [ 6.  2.]
 [ 6.  6.]
 [ 7. 13.]
 [ 8. 13.]
 [ 9. 13.]
 [ 6.  2.]
 [ 6.  6.]
 [ 8. 13.]
 [ 9. 13.]
 [10. 13.]
 [ 6.  2.]
 [ 6.  6.]
 [ 9. 13.]
 [10. 13.]
 [11. 13.]
 [ 6.  2.]
 [ 6.  6.]
 [10. 13.]
 [11. 13.]
 [12. 13.]
 [ 6.  2.]
 [ 6.  6.]
 [11. 13.]
 [12. 13.]
 [13. 13.]
 [ 6.  2.]
 [ 6.  6.]
 [12. 13.]
 [13. 13.]
 [14. 13.]
 [ 6.  2.]
 [ 6.  6.]
 [13. 13.]
 [14. 13.]
 [15. 13.]
 [ 6.  2.]
 [ 6.  6.]
 [14. 13.]
 [15. 13.]
 [16. 13.]
 [ 6.  2.]
 [ 6.  6.]
 [15. 13.]
 [16. 13.]
 [17. 13.]
 [ 6.  2.]
 [ 6.  6.]
 [15. 13.]
 [16. 13.]
 [17. 13.]
 [ 6.  2.]
 [ 6.  6.]
 [16. 13.]
 [16. 13.]
 [17. 13.]]
