Maze:
##########################
#                        #
#                        #
#                        #
#                        #
#                        #
#     ##############     #
#     #            #     #
#     #            #     #
#     #            #     #
#     #         B  #     #
#     #            #     #
#     #     A      #     #
#     #            #     #
#     # S          #     #
#     #   D        #     #
#     #       C    #     #
#     #            #     #
#     #            #     #
#     ##############     #
#                        #
#                        #
#                        #
#                        #
#                        #
##########################
[[ 2.  8.]
 [ 6.  6.]
 [10.  4.]
 [ 8. 10.]
 [ 4.  9.]
 [ 1.  8.]
 [ 6.  6.]
 [ 9.  5.]
 [ 7. 11.]
 [ 3.  9.]
 [ 0.  8.]
 [ 6.  6.]
 [ 8.  6.]
 [ 6. 11.]
 [ 2.  8.]
 [-1.  8.]
 [ 6.  6.]
 [ 7.  6.]
 [ 5. 11.]
 [ 1.  8.]
 [-2.  8.]
 [ 6.  6.]
 [ 7.  6.]
 [ 4. 11.]
 [ 0.  8.]
 [-3.  8.]
 [ 6.  6.]
 [ 7.  6.]
 [ 3. 11.]
 [-1.  8.]
 [-4.  8.]
 [ 6.  6.]
 [ 7.  6.]
 [ 2. 11.]
 [-2.  8.]
 [-5.  8.]
 [ 6.  6.]
 [ 7.  6.]
 [ 1. 11.]
 [-3.  8.]
 [-5.  8.]
 [ 6.  6.]
 [ 7.  6.]
 [ 0. 11.]
 [-4.  8.]
 [-5.  8.]
 [ 6.  6.]
 [ 7.  6.]
 [-1. 11.]
 [-4.  8.]
 [-5.  8.]
 [ 6.  6.]
 [ 7.  6.]
 [-2. 10.]
 [-4.  8.]
 [-5.  8.]
 [ 6.  6.]
 [ 7.  6.]
 [-3.  9.]
 [-4.  8.]
 [-5.  8.]
 [ 6.  6.]
 [ 7.  6.]
 [-4.  8.]
 [-5.  7.]
 [-5.  9.]
 [ 6.  6.]
 [ 7.  6.]
 [-4.  8.]
 [-5.  7.]
 [-5. 10.]
 [ 6.  6.]
 [ 7.  6.]
 [-5.  7.]
 [-5.  6.]
 [-5. 11.]
 [ 6.  6.]
 [ 7.  6.]
 [-5.  6.]
 [-5.  5.]
 [-5. 12.]
 [ 6.  6.]
 [ 7.  6.]
 [-5.  5.]
 [-5.  4.]
 [-5. 12.]
 [ 6.  6.]
 [ 7.  6.]
 [-5.  4.]
 [-5.  3.]
 [-5. 12.]
 [ 6.  6.]
 [ 7.  6.]
 [-5.  3.]
 [-5.  2.]
 [-5. 12.]
 [ 6.  6.]
 [ 7.  6.]
 [-5.  2.]
 [-5.  1.]
 [-5. 12.]
 [ 6.  6.]
 [ 7.  6.]
 [-5.  2.]
 [-5.  1.]
 [-5. 12.]
 [ 6.  6.]
 [ 7.  6.]
 [-5.  1.]
 [-5.  0.]]
