Maze:
##########################
#                        #
#                        #
#                        #
#                        #
#                        #
#     ##############     #
#     #     C      #     #
#     #   B        #     #
#     #      D     #     #
#     #            #     #
#     #            #     #
#     #     S      #     #
#     #            #     #
#     #            #     #
#     #         A  #     #
#     #            #     #
#     #            #     #
#     #            #     #
#     ##############     #
#                        #
#                        #
#                        #
#                        #
#                        #
##########################
[[ 6.  6.]
 [10.  9.]
 [ 4.  2.]
 [ 6.  1.]
 [ 7.  3.]
 [ 6.  6.]
 [11.  9.]
 [ 5.  1.]
 [ 6.  2.]
 [ 7.  4.]
 [ 6.  6.]
 [11.  9.]
 [ 6.  2.]
 [ 6.  3.]
 [ 7.  5.]
 [ 6.  6.]
 [11.  9.]
 [ 6.  3.]
 [ 7.  4.]
 [ 7.  6.]
 [ 6.  6.]
 [11.  8.]
 [ 7.  4.]
 [ 7.  5.]
 [ 6.  7.]
 [ 6.  6.]
 [10.  8.]
 [ 7.  4.]
 [ 7.  5.]
 [ 5.  6.]
 [ 6.  6.]
 [10.  8.]
 [ 7.  5.]
 [ 6.  5.]
 [ 5.  6.]
 [ 6.  6.]
 [10.  8.]
 [ 6.  5.]
 [ 5.  6.]
 [ 5.  7.]
 [ 6.  6.]
 [10.  8.]
 [ 5.  5.]
 [ 5.  7.]
 [ 5.  8.]
 [ 6.  6.]
 [10.  8.]
 [ 5.  6.]
 [ 5.  8.]
 [ 5.  9.]
 [ 6.  6.]
 [10.  9.]
 [ 4.  7.]
 [ 5.  9.]
 [ 5. 10.]
 [ 6.  6.]
 [ 9. 10.]
 [ 4.  8.]
 [ 5. 10.]
 [ 5. 11.]
 [ 6.  6.]
 [ 8. 11.]
 [ 4.  9.]
 [ 5. 11.]
 [ 5. 12.]
 [ 6.  6.]
 [ 7. 11.]
 [ 4. 10.]
 [ 5. 12.]
 [ 5. 13.]
 [ 6.  6.]
 [ 6. 12.]
 [ 5. 11.]
 [ 5. 13.]
 [ 5. 14.]
 [ 6.  6.]
 [ 5. 13.]
 [ 5. 12.]
 [ 5. 14.]
 [ 5. 15.]
 [ 6.  6.]
 [ 5. 14.]
 [ 5. 13.]
 [ 5. 15.]
 [ 5. 16.]
 [ 6.  6.]
 [ 5. 15.]
 [ 5. 14.]
 [ 5. 16.]
 [ 5. 17.]
 [ 6.  6.]
 [ 5. 16.]
 [ 5. 15.]
 [ 5. 16.]
 [ 5. 17.]
 [ 6.  6.]
 [ 5. 16.]
 [ 5. 15.]
 [ 5. 16.]
 [ 5. 17.]]
