Maze:
##########################
#                        #
#                        #
#                        #
#                        #
#                        #
#     ##############     #
#     #            #     #
#     #            #     #
#     #            #     #
#     #            #     #
#     #   S        #     #
#     #     C      #     #
#     #          D #     #
#     #            #     #
#     #            #     #
#     #     B      #     #
#     #            #     #
#     #       A    #     #
#     ##############     #
#                        #
#                        #
#                        #
#                        #
#                        #
##########################
[[ 4.  5.]
 [ 8. 12.]
 [ 6. 10.]
 [ 6.  6.]
 [11.  7.]
 [ 3.  4.]
 [ 8. 11.]
 [ 7. 10.]
 [ 6.  6.]
 [12.  7.]
 [ 2.  4.]
 [ 8. 10.]
 [ 8. 11.]
 [ 6.  6.]
 [12.  7.]
 [ 2.  4.]
 [ 8. 11.]
 [ 8. 10.]
 [ 6.  6.]
 [12.  8.]
 [ 2.  4.]
 [ 8. 10.]
 [ 8. 11.]
 [ 6.  6.]
 [12.  9.]
 [ 2.  4.]
 [ 8. 11.]
 [ 8. 10.]
 [ 6.  6.]
 [12. 10.]
 [ 2.  4.]
 [ 8. 10.]
 [ 8. 11.]
 [ 6.  6.]
 [11. 10.]
 [ 2.  4.]
 [ 9. 11.]
 [ 8. 10.]
 [ 6.  6.]
 [10. 11.]
 [ 2.  4.]
 [10. 11.]
 [ 9. 11.]
 [ 6.  6.]
 [ 9. 10.]
 [ 2.  4.]
 [ 9. 10.]
 [10. 11.]
 [ 6.  6.]
 [ 9. 11.]
 [ 2.  4.]
 [ 9. 11.]
 [10. 10.]
 [ 6.  6.]
 [10. 11.]
 [ 2.  4.]
 [10. 11.]
 [ 9. 10.]
 [ 6.  6.]
 [10. 10.]
 [ 2.  4.]
 [10. 10.]
 [ 9. 11.]
 [ 6.  6.]
 [ 9. 10.]
 [ 2.  4.]
 [ 9. 10.]
 [10. 11.]
 [ 6.  6.]
 [ 9. 11.]
 [ 2.  4.]
 [ 9. 11.]
 [10. 10.]
 [ 6.  6.]
 [10. 11.]
 [ 2.  4.]
 [10. 11.]
 [ 9. 10.]
 [ 6.  6.]
 [10. 10.]
 [ 2.  4.]
 [10. 10.]
 [ 9. 11.]
 [ 6.  6.]
 [ 9. 10.]
 [ 2.  4.]
 [ 9. 10.]
 [10. 11.]
 [ 6.  6.]
 [ 9. 11.]
 [ 2.  4.]
 [ 9. 11.]
 [10. 10.]
 [ 6.  6.]
 [10. 11.]
 [ 2.  4.]
 [10. 11.]
 [ 9. 10.]
 [ 6.  6.]
 [10. 10.]
 [ 2.  4.]
 [10. 11.]
 [ 9. 10.]
 [ 6.  6.]
 [10. 10.]
 [ 2.  4.]
 [10. 10.]
 [ 9. 11.]
 [ 6.  6.]
 [ 9. 10.]]
