Maze:
##########################
#                        #
#                        #
#                        #
#                        #
#                        #
#     ##############     #
#     #            #     #
#     #           C#     #
#     #            #     #
#     #            #     #
#     #            #     #
#     #     A      #     #
#     #         S  #     #
#     #    D       #     #
#     #            #     #
#     #            #     #
#     #   B        #     #
#     #            #     #
#     ##############     #
#                        #
#                        #
#                        #
#                        #
#                        #
##########################
[[10.  7.]
 [ 6.  6.]
 [ 4. 11.]
 [12.  2.]
 [ 5.  8.]
 [ 9.  7.]
 [ 6.  6.]
 [ 4. 12.]
 [12.  2.]
 [ 5.  9.]
 [ 8.  7.]
 [ 6.  6.]
 [ 4. 13.]
 [12.  2.]
 [ 5. 10.]
 [ 7.  7.]
 [ 6.  6.]
 [ 4. 14.]
 [12.  2.]
 [ 5. 11.]
 [ 7.  7.]
 [ 6.  6.]
 [ 4. 15.]
 [12.  2.]
 [ 5. 12.]
 [ 7.  7.]
 [ 6.  6.]
 [ 4. 16.]
 [12.  2.]
 [ 5. 13.]
 [ 7.  7.]
 [ 6.  6.]
 [ 4. 17.]
 [12.  2.]
 [ 5. 14.]
 [ 7.  7.]
 [ 6.  6.]
 [ 4. 17.]
 [12.  2.]
 [ 5. 15.]
 [ 7.  7.]
 [ 6.  6.]
 [ 4. 17.]
 [12.  2.]
 [ 5. 16.]
 [ 7.  7.]
 [ 6.  6.]
 [ 3. 17.]
 [12.  2.]
 [ 4. 17.]
 [ 7.  7.]
 [ 6.  6.]
 [ 2. 17.]
 [12.  2.]
 [ 3. 17.]
 [ 7.  7.]
 [ 6.  6.]
 [ 1. 17.]
 [12.  2.]
 [ 2. 17.]
 [ 7.  7.]
 [ 6.  6.]
 [ 0. 17.]
 [12.  2.]
 [ 1. 17.]
 [ 7.  7.]
 [ 6.  6.]
 [-1. 17.]
 [12.  2.]
 [ 0. 17.]
 [ 7.  7.]
 [ 6.  6.]
 [-2. 17.]
 [12.  2.]
 [-1. 17.]
 [ 7.  7.]
 [ 6.  6.]
 [-3. 17.]
 [12.  2.]
 [-2. 17.]
 [ 7.  7.]
 [ 6.  6.]
 [-4. 17.]
 [12.  2.]
 [-3. 17.]
 [ 7.  7.]
 [ 6.  6.]
 [-5. 17.]
 [12.  2.]
 [-4. 17.]
 [ 7.  7.]
 [ 6.  6.]
 [-5. 17.]
 [12.  2.]
 [-4. 17.]]
