Maze:
##########################
#                        #
#                        #
#                        #
#                        #
#                        #
#     ##############     #
#     #            #     #
#     #            #     #
#     #            #     #
#     #            #     #
#     #            #     #
#     #     C      #     #
#     # D          #     #
#     #            #     #
#     #   B        #     #
#     #         A  #     #
#     #            #     #
#     #       S    #     #
#     ##############     #
#                        #
#                        #
#                        #
#                        #
#                        #
##########################
[[ 8. 12.]
 [10. 10.]
 [ 4.  9.]
 [ 6.  6.]
 [ 2.  7.]
 [ 9. 11.]
 [11.  9.]
 [ 4. 10.]
 [ 6.  6.]
 [ 3.  8.]
 [10. 10.]
 [11.  8.]
 [ 4. 11.]
 [ 6.  6.]
 [ 3.  9.]
 [10.  9.]
 [11.  7.]
 [ 4. 12.]
 [ 6.  6.]
 [ 3. 10.]
 [11.  8.]
 [11.  6.]
 [ 4. 13.]
 [ 6.  6.]
 [ 3. 11.]
 [11.  7.]
 [11.  5.]
 [ 4. 14.]
 [ 6.  6.]
 [ 3. 12.]
 [11.  6.]
 [11.  4.]
 [ 4. 15.]
 [ 6.  6.]
 [ 3. 13.]
 [11.  5.]
 [11.  3.]
 [ 4. 16.]
 [ 6.  6.]
 [ 3. 14.]
 [11.  4.]
 [11.  2.]
 [ 4. 17.]
 [ 6.  6.]
 [ 3. 15.]
 [11.  3.]
 [11.  1.]
 [ 4. 17.]
 [ 6.  6.]
 [ 3. 16.]
 [11.  2.]
 [11.  0.]
 [ 5. 17.]
 [ 6.  6.]
 [ 4. 17.]
 [11.  1.]
 [11. -1.]
 [ 6. 17.]
 [ 6.  6.]
 [ 5. 17.]
 [11.  0.]
 [11. -2.]
 [ 7. 17.]
 [ 6.  6.]
 [ 6. 17.]
 [11. -1.]
 [11. -3.]
 [ 8. 17.]
 [ 6.  6.]
 [ 7. 17.]
 [11. -2.]
 [11. -4.]
 [ 9. 17.]
 [ 6.  6.]
 [ 8. 17.]
 [11. -3.]
 [11. -5.]
 [10. 17.]
 [ 6.  6.]
 [ 9. 17.]
 [11. -4.]
 [11. -5.]
 [11. 17.]
 [ 6.  6.]
 [10. 17.]
 [11. -4.]
 [11. -5.]
 [12. 17.]
 [ 6.  6.]
 [11. 17.]
 [11. -4.]
 [11. -5.]
 [13. 17.]
 [ 6.  6.]
 [12. 17.]
 [11. -4.]
 [11. -5.]
 [14. 17.]
 [ 6.  6.]
 [13. 17.]
 [11. -4.]
 [11. -5.]
 [14. 17.]
 [ 6.  6.]
 [13. 17.]
 [11. -4.]
 [11. -5.]
 [15. 17.]
 [ 6.  6.]
 [14. 17.]]
