Maze:
##########################
#                        #
#                        #
#                        #
#                        #
#                        #
#     ##############     #
#     #            #     #
#     #       C    #     #
#     #            #     #
#     #            #     #
#     #            #     #
#     #     A      #     #
#     #            #     #
#     #            #     #
#     # D          #     #
#     #           S#     #
#     #            #     #
#     #  B         #     #
#     ##############     #
#                        #
#                        #
#                        #
#                        #
#                        #
##########################
[[12. 10.]
 [ 6.  6.]
 [ 3. 12.]
 [ 8.  2.]
 [ 2.  9.]
 [11. 10.]
 [ 6.  6.]
 [ 3. 13.]
 [ 8.  3.]
 [ 2. 10.]
 [10. 10.]
 [ 6.  6.]
 [ 3. 14.]
 [ 7.  4.]
 [ 2. 11.]
 [ 9. 10.]
 [ 6.  6.]
 [ 3. 15.]
 [ 6.  5.]
 [ 2. 12.]
 [ 8. 10.]
 [ 6.  6.]
 [ 3. 16.]
 [ 6.  5.]
 [ 2. 13.]
 [ 7.  9.]
 [ 6.  6.]
 [ 3. 17.]
 [ 6.  5.]
 [ 2. 14.]
 [ 7.  8.]
 [ 6.  6.]
 [ 3. 17.]
 [ 6.  5.]
 [ 2. 15.]
 [ 6.  7.]
 [ 6.  6.]
 [ 3. 17.]
 [ 6.  5.]
 [ 2. 16.]
 [ 6.  7.]
 [ 6.  6.]
 [ 4. 17.]
 [ 6.  5.]
 [ 3. 17.]
 [ 6.  7.]
 [ 6.  6.]
 [ 5. 17.]
 [ 6.  5.]
 [ 4. 17.]
 [ 6.  7.]
 [ 6.  6.]
 [ 6. 17.]
 [ 6.  5.]
 [ 5. 17.]
 [ 6.  7.]
 [ 6.  6.]
 [ 7. 17.]
 [ 6.  5.]
 [ 6. 17.]
 [ 6.  7.]
 [ 6.  6.]
 [ 8. 17.]
 [ 6.  5.]
 [ 7. 17.]
 [ 6.  7.]
 [ 6.  6.]
 [ 9. 17.]
 [ 6.  5.]
 [ 8. 17.]
 [ 6.  7.]
 [ 6.  6.]
 [10. 17.]
 [ 6.  5.]
 [ 9. 17.]
 [ 6.  7.]
 [ 6.  6.]
 [11. 17.]
 [ 6.  5.]
 [10. 17.]
 [ 6.  7.]
 [ 6.  6.]
 [12. 17.]
 [ 6.  5.]
 [11. 17.]
 [ 6.  7.]
 [ 6.  6.]
 [13. 17.]
 [ 6.  5.]
 [12. 17.]
 [ 6.  7.]
 [ 6.  6.]
 [14. 17.]
 [ 6.  5.]
 [13. 17.]
 [ 6.  7.]
 [ 6.  6.]
 [15. 17.]
 [ 6.  5.]
 [14. 17.]
 [ 6.  7.]
 [ 6.  6.]
 [15. 17.]
 [ 6.  5.]
 [14. 17.]
 [ 6.  7.]
 [ 6.  6.]
 [16. 17.]
 [ 6.  5.]
 [15. 17.]]
