Maze:
##########################
#                        #
#                        #
#                        #
#                        #
#                        #
#     ##############     #
#     #            #     #
#     #            #     #
#     #            #     #
#     #            #     #
#     #      D     #     #
#     #     C      #     #
#     #     S      #     #
#     #       B    #     #
#     #            #     #
#     #            #     #
#     #            #     #
#     #         A  #     #
#     ##############     #
#                        #
#                        #
#                        #
#                        #
#                        #
##########################
[[ 6.  7.]
 [10. 12.]
 [ 8.  8.]
 [ 6.  6.]
 [ 7.  5.]
 [ 6.  8.]
 [10. 13.]
 [ 9.  9.]
 [ 6.  6.]
 [ 7.  6.]
 [ 6.  9.]
 [10. 14.]
 [10.  9.]
 [ 6.  6.]
 [ 8.  7.]
 [ 6. 10.]
 [10. 15.]
 [11.  9.]
 [ 6.  6.]
 [ 8.  8.]
 [ 6. 11.]
 [10. 15.]
 [12.  9.]
 [ 6.  6.]
 [ 8.  9.]
 [ 6. 12.]
 [10. 15.]
 [13.  9.]
 [ 6.  6.]
 [ 8. 10.]
 [ 6. 13.]
 [10. 15.]
 [14.  9.]
 [ 6.  6.]
 [ 7. 11.]
 [ 6. 14.]
 [10. 15.]
 [15.  9.]
 [ 6.  6.]
 [ 6. 12.]
 [ 7. 15.]
 [10. 15.]
 [15.  9.]
 [ 6.  6.]
 [ 6. 13.]
 [ 8. 15.]
 [11. 15.]
 [15.  9.]
 [ 6.  6.]
 [ 6. 14.]
 [ 9. 15.]
 [12. 15.]
 [15.  9.]
 [ 6.  6.]
 [ 7. 14.]
 [10. 15.]
 [13. 15.]
 [15.  9.]
 [ 6.  6.]
 [ 8. 14.]
 [11. 15.]
 [14. 15.]
 [15.  9.]
 [ 6.  6.]
 [ 9. 14.]
 [12. 15.]
 [15. 15.]
 [15.  8.]
 [ 6.  6.]
 [10. 14.]
 [13. 15.]
 [16. 15.]
 [15.  7.]
 [ 6.  6.]
 [11. 14.]
 [14. 15.]
 [17. 15.]
 [15.  7.]
 [ 6.  6.]
 [12. 14.]
 [15. 15.]
 [17. 15.]
 [15.  7.]
 [ 6.  6.]
 [13. 14.]
 [16. 15.]
 [17. 15.]
 [15.  6.]
 [ 6.  6.]
 [14. 14.]
 [16. 15.]
 [17. 15.]
 [15.  6.]
 [ 6.  6.]
 [15. 14.]
 [16. 15.]
 [17. 15.]
 [15.  6.]
 [ 6.  6.]
 [15. 14.]]
