Maze:
##########################
#                        #
#                        #
#                        #
#                        #
#                        #
#     ##############     #
#     #     D      #     #
#     #            #     #
#     #            #     #
#     #            #     #
#     #            #     #
#     #     C      #     #
#     #            #     #
#     #           A#     #
#     #  B         #     #
#     #            #     #
#     #            #     #
#     #        S   #     #
#     ##############     #
#                        #
#                        #
#                        #
#                        #
#                        #
##########################
[[ 9. 12.]
 [12.  8.]
 [ 3.  9.]
 [ 6.  6.]
 [ 6.  1.]
 [ 9. 11.]
 [12.  7.]
 [ 2.  9.]
 [ 6.  6.]
 [ 6.  1.]
 [ 9. 10.]
 [12.  6.]
 [ 1.  9.]
 [ 6.  6.]
 [ 6.  1.]
 [10. 10.]
 [12.  5.]
 [ 1.  9.]
 [ 6.  6.]
 [ 6.  1.]
 [10.  9.]
 [12.  4.]
 [ 1.  9.]
 [ 6.  6.]
 [ 6.  1.]
 [11.  9.]
 [12.  4.]
 [ 1.  9.]
 [ 6.  6.]
 [ 6.  1.]
 [11.  8.]
 [11.  3.]
 [ 1.  9.]
 [ 6.  6.]
 [ 6.  1.]
 [11.  7.]
 [10.  2.]
 [ 1.  9.]
 [ 6.  6.]
 [ 6.  1.]
 [11.  6.]
 [ 9.  2.]
 [ 1.  9.]
 [ 6.  6.]
 [ 5.  1.]
 [11.  5.]
 [ 8.  2.]
 [ 1.  9.]
 [ 6.  6.]
 [ 4.  1.]
 [10.  4.]
 [ 7.  2.]
 [ 1.  9.]
 [ 6.  6.]
 [ 3.  1.]
 [ 9.  3.]
 [ 6.  2.]
 [ 1.  9.]
 [ 6.  6.]
 [ 2.  1.]
 [ 8.  3.]
 [ 5.  2.]
 [ 1.  9.]
 [ 6.  6.]
 [ 1.  1.]
 [ 7.  2.]
 [ 4.  2.]
 [ 1.  9.]
 [ 6.  6.]
 [ 0.  1.]
 [ 6.  2.]
 [ 3.  2.]
 [ 1. 10.]
 [ 6.  6.]
 [ 0.  1.]
 [ 5.  2.]
 [ 2.  2.]
 [ 1. 10.]
 [ 6.  6.]
 [-1.  1.]
 [ 4.  2.]
 [ 1.  2.]
 [ 1. 11.]
 [ 6.  6.]
 [-2.  1.]
 [ 3.  2.]
 [ 0.  2.]
 [ 1. 11.]
 [ 6.  6.]
 [-3.  1.]
 [ 2.  2.]
 [-1.  2.]
 [ 1. 11.]
 [ 6.  6.]
 [-4.  1.]
 [ 1.  2.]
 [-2.  2.]
 [ 1. 11.]
 [ 6.  6.]
 [-5.  1.]
 [ 1.  2.]
 [-2.  2.]
 [ 1. 11.]
 [ 6.  6.]
 [-5.  1.]
 [ 0.  2.]
 [-3.  2.]
 [ 1. 11.]
 [ 6.  6.]
 [-5.  1.]]
