Maze:
##########################
#                        #
#                        #
#                        #
#                        #
#                        #
#     ##############     #
#     #D           #     #
#     #            #     #
#     #            #     #
#     # S          #     #
#     #            #     #
#     #     C   B  #     #
#     #   A        #     #
#     #            #     #
#     #            #     #
#     #            #     #
#     #            #     #
#     #            #     #
#     ##############     #
#                        #
#                        #
#                        #
#                        #
#                        #
##########################
[[ 2.  4.]
 [ 4.  7.]
 [10.  6.]
 [ 6.  6.]
 [ 1.  1.]
 [ 2.  5.]
 [ 5.  7.]
 [11.  6.]
 [ 6.  6.]
 [ 1.  2.]
 [ 3.  6.]
 [ 5.  7.]
 [12.  6.]
 [ 6.  6.]
 [ 1.  3.]
 [ 4.  7.]
 [ 5.  7.]
 [13.  6.]
 [ 6.  6.]
 [ 1.  4.]
 [ 5.  7.]
 [ 6.  7.]
 [13.  6.]
 [ 6.  6.]
 [ 1.  4.]
 [ 6.  7.]
 [ 7.  6.]
 [14.  6.]
 [ 6.  6.]
 [ 1.  4.]
 [ 7.  7.]
 [ 7.  6.]
 [15.  6.]
 [ 6.  6.]
 [ 1.  4.]
 [ 7.  6.]
 [ 6.  5.]
 [15.  6.]
 [ 6.  6.]
 [ 1.  4.]
 [ 7.  5.]
 [ 6.  5.]
 [15.  6.]
 [ 6.  6.]
 [ 1.  4.]
 [ 6.  5.]
 [ 5.  6.]
 [15.  6.]
 [ 6.  6.]
 [ 1.  4.]
 [ 5.  5.]
 [ 5.  6.]
 [15.  6.]
 [ 6.  6.]
 [ 1.  4.]
 [ 5.  6.]
 [ 6.  7.]
 [15.  6.]
 [ 6.  6.]
 [ 1.  4.]
 [ 5.  7.]
 [ 6.  7.]
 [15.  6.]
 [ 6.  6.]
 [ 1.  4.]
 [ 6.  7.]
 [ 7.  6.]
 [15.  6.]
 [ 6.  6.]
 [ 1.  4.]
 [ 7.  7.]
 [ 7.  6.]
 [15.  6.]
 [ 6.  6.]
 [ 1.  4.]
 [ 7.  6.]
 [ 6.  5.]
 [15.  6.]
 [ 6.  6.]
 [ 1.  4.]
 [ 7.  5.]
 [ 6.  5.]
 [15.  6.]
 [ 6.  6.]
 [ 1.  4.]
 [ 6.  5.]
 [ 5.  6.]
 [15.  6.]
 [ 6.  6.]
 [ 1.  4.]
 [ 5.  5.]
 [ 5.  6.]
 [15.  6.]
 [ 6.  6.]
 [ 1.  4.]
 [ 5.  6.]
 [ 6.  7.]
 [15.  6.]
 [ 6.  6.]
 [ 1.  4.]
 [ 5.  6.]
 [ 6.  7.]
 [15.  6.]
 [ 6.  6.]
 [ 1.  4.]
 [ 5.  7.]
 [ 6.  7.]
 [15.  6.]
 [ 6.  6.]
 [ 1.  4.]]
