Maze:
##########################
#                        #
#                        #
#                        #
#                        #
#                        #
#     ##############     #
#     #            #     #
#     #      B     #     #
#     #            #     #
#     #       A    #     #
#     #            #     #
#     #     D      #     #
#     #            #     #
#     #            #     #
#     #            #     #
#     #           C#     #
#     #            #     #
#     #        S   #     #
#     ##############     #
#                        #
#                        #
#                        #
#                        #
#                        #
##########################
[[ 9. 12.]
 [ 8.  4.]
 [ 7.  2.]
 [12. 10.]
 [ 6.  6.]
 [ 8. 12.]
 [ 8.  5.]
 [ 7.  1.]
 [13.  9.]
 [ 6.  6.]
 [ 8. 12.]
 [ 7.  6.]
 [ 7.  0.]
 [13.  9.]
 [ 6.  6.]
 [ 8. 11.]
 [ 7.  6.]
 [ 7. -1.]
 [13.  9.]
 [ 6.  6.]
 [ 7. 10.]
 [ 7.  6.]
 [ 7. -2.]
 [13.  9.]
 [ 6.  6.]
 [ 7.  9.]
 [ 7.  6.]
 [ 7. -2.]
 [13.  9.]
 [ 6.  6.]
 [ 7.  8.]
 [ 7.  6.]
 [ 7. -2.]
 [13.  9.]
 [ 6.  6.]
 [ 7.  7.]
 [ 7.  6.]
 [ 7. -2.]
 [13.  9.]
 [ 6.  6.]
 [ 7.  6.]
 [ 6.  5.]
 [ 7. -3.]
 [13.  9.]
 [ 6.  6.]
 [ 7.  5.]
 [ 5.  6.]
 [ 7. -3.]
 [13.  9.]
 [ 6.  6.]
 [ 6.  4.]
 [ 5.  6.]
 [ 7. -3.]
 [13.  9.]
 [ 6.  6.]
 [ 5.  5.]
 [ 5.  6.]
 [ 7. -3.]
 [13.  9.]
 [ 6.  6.]
 [ 5.  6.]
 [ 6.  7.]
 [ 7. -3.]
 [13.  9.]
 [ 6.  6.]
 [ 5.  7.]
 [ 7.  6.]
 [ 7. -3.]
 [13.  9.]
 [ 6.  6.]
 [ 6.  7.]
 [ 7.  6.]
 [ 7. -3.]
 [13.  9.]
 [ 6.  6.]
 [ 7.  7.]
 [ 6.  5.]
 [ 7. -3.]
 [13.  9.]
 [ 6.  6.]
 [ 7.  6.]
 [ 6.  5.]
 [ 7. -3.]
 [13.  9.]
 [ 6.  6.]
 [ 7.  5.]
 [ 5.  6.]
 [ 7. -3.]
 [13.  9.]
 [ 6.  6.]
 [ 6.  4.]
 [ 5.  6.]
 [ 7. -3.]
 [13.  9.]
 [ 6.  6.]
 [ 5.  5.]
 [ 5.  6.]
 [ 7. -3.]
 [13.  9.]
 [ 6.  6.]
 [ 5.  5.]
 [ 5.  6.]
 [ 7. -3.]
 [13.  9.]
 [ 6.  6.]
 [ 5.  6.]
 [ 6.  7.]
 [ 7. -3.]
 [13.  9.]
 [ 6.  6.]]
