Maze:
##########################
#                        #
#                        #
#                        #
#                        #
#                        #
#     ##############     #
#     #B           #     #
#     #            #     #
#     #            #     #
#     #      A     #     #
#     #            #     #
#     #     D      #     #
#     # S          #     #
#     #            #     #
#     #  C         #     #
#     #            #     #
#     #            #     #
#     #            #     #
#     ##############     #
#                        #
#                        #
#                        #
#                        #
#                        #
##########################
[[ 2.  7.]
 [ 7.  4.]
 [ 1.  1.]
 [ 3.  9.]
 [ 6.  6.]
 [ 2.  6.]
 [ 7.  5.]
 [ 1.  0.]
 [ 4. 10.]
 [ 6.  6.]
 [ 2.  5.]
 [ 7.  5.]
 [ 1. -1.]
 [ 5. 10.]
 [ 6.  6.]
 [ 2.  4.]
 [ 7.  5.]
 [ 1. -2.]
 [ 5. 10.]
 [ 6.  6.]
 [ 2.  3.]
 [ 7.  5.]
 [ 1. -2.]
 [ 5. 10.]
 [ 6.  6.]
 [ 2.  2.]
 [ 7.  5.]
 [ 1. -3.]
 [ 5. 10.]
 [ 6.  6.]
 [ 2.  1.]
 [ 7.  5.]
 [ 1. -4.]
 [ 5. 10.]
 [ 6.  6.]
 [ 2.  0.]
 [ 7.  5.]
 [ 1. -5.]
 [ 5. 10.]
 [ 6.  6.]
 [ 2. -1.]
 [ 7.  5.]
 [ 1. -5.]
 [ 5. 10.]
 [ 6.  6.]
 [ 2. -2.]
 [ 7.  5.]
 [ 1. -5.]
 [ 5. 10.]
 [ 6.  6.]
 [ 2. -3.]
 [ 7.  5.]
 [ 1. -5.]
 [ 5. 10.]
 [ 6.  6.]
 [ 2. -4.]
 [ 7.  5.]
 [ 1. -5.]
 [ 5. 10.]
 [ 6.  6.]
 [ 1. -5.]
 [ 7.  5.]
 [ 0. -5.]
 [ 5. 10.]
 [ 6.  6.]
 [ 0. -5.]
 [ 7.  5.]
 [-1. -5.]
 [ 5. 10.]
 [ 6.  6.]
 [-1. -5.]
 [ 7.  5.]
 [-2. -5.]
 [ 5. 10.]
 [ 6.  6.]
 [-2. -5.]
 [ 7.  5.]
 [-3. -5.]
 [ 5. 10.]
 [ 6.  6.]
 [-3. -5.]
 [ 7.  5.]
 [-4. -5.]
 [ 5. 10.]
 [ 6.  6.]
 [-4. -5.]
 [ 7.  5.]
 [-5. -5.]
 [ 5. 10.]
 [ 6.  6.]
 [-4. -5.]
 [ 7.  5.]
 [-5. -5.]
 [ 5. 10.]
 [ 6.  6.]]
