Maze:
##########################
#                        #
#                        #
#                        #
#                        #
#                        #
#     ##############     #
#     #          A #     #
#     #            #     #
#     #            #     #
#     #            #     #
#     #            #     #
#     #     D  C   #     #
#     # S          #     #
#     #     B      #     #
#     #            #     #
#     #            #     #
#     #            #     #
#     #            #     #
#     ##############     #
#                        #
#                        #
#                        #
#                        #
#                        #
##########################
[[ 2.  7.]
 [11.  1.]
 [ 6.  8.]
 [ 9.  6.]
 [ 6.  6.]
 [ 3.  7.]
 [11.  2.]
 [ 6.  9.]
 [10.  5.]
 [ 6.  6.]
 [ 4.  8.]
 [11.  3.]
 [ 6. 10.]
 [10.  4.]
 [ 6.  6.]
 [ 4.  9.]
 [10.  4.]
 [ 6. 11.]
 [11.  3.]
 [ 6.  6.]
 [ 5. 10.]
 [11.  3.]
 [ 6. 12.]
 [10.  4.]
 [ 6.  6.]
 [ 5. 11.]
 [10.  4.]
 [ 6. 13.]
 [11.  3.]
 [ 6.  6.]
 [ 5. 12.]
 [11.  3.]
 [ 6. 14.]
 [10.  4.]
 [ 6.  6.]
 [ 5. 13.]
 [10.  4.]
 [ 6. 15.]
 [11.  3.]
 [ 6.  6.]
 [ 5. 14.]
 [11.  3.]
 [ 6. 16.]
 [10.  4.]
 [ 6.  6.]
 [ 5. 15.]
 [10.  4.]
 [ 6. 17.]
 [11.  3.]
 [ 6.  6.]
 [ 5. 16.]
 [11.  3.]
 [ 6. 17.]
 [10.  4.]
 [ 6.  6.]
 [ 6. 17.]
 [10.  4.]
 [ 7. 17.]
 [11.  3.]
 [ 6.  6.]
 [ 7. 17.]
 [11.  3.]
 [ 8. 17.]
 [10.  4.]
 [ 6.  6.]
 [ 8. 17.]
 [10.  4.]
 [ 9. 17.]
 [11.  3.]
 [ 6.  6.]
 [ 9. 17.]
 [11.  3.]
 [10. 17.]
 [10.  4.]
 [ 6.  6.]
 [10. 17.]
 [10.  4.]
 [11. 17.]
 [11.  3.]
 [ 6.  6.]
 [11. 17.]
 [11.  3.]
 [12. 17.]
 [10.  4.]
 [ 6.  6.]
 [12. 17.]
 [10.  4.]
 [13. 17.]
 [11.  3.]
 [ 6.  6.]
 [13. 17.]
 [11.  3.]
 [14. 17.]
 [10.  4.]
 [ 6.  6.]
 [14. 17.]
 [10.  4.]
 [15. 17.]
 [11.  3.]
 [ 6.  6.]
 [14. 17.]
 [10.  4.]
 [15. 17.]
 [11.  3.]
 [ 6.  6.]
 [15. 17.]
 [11.  3.]
 [16. 17.]
 [10.  4.]
 [ 6.  6.]]
