Maze:
##########################
#                        #
#                        #
#                        #
#                        #
#                        #
#     ##############     #
#     #            #     #
#     #            #     #
#     #            #     #
#     #B           #     #
#     #            #     #
#     #     C      #     #
#     #        A   #     #
#     #            #     #
#     #           D#     #
#     #            #     #
#     #         S  #     #
#     #            #     #
#     ##############     #
#                        #
#                        #
#                        #
#                        #
#                        #
##########################
[[10. 11.]
 [ 9.  7.]
 [ 1.  4.]
 [ 6.  6.]
 [12.  9.]
 [ 9. 11.]
 [ 8.  6.]
 [ 1.  4.]
 [ 6.  6.]
 [12. 10.]
 [ 8. 11.]
 [ 7.  6.]
 [ 0.  4.]
 [ 6.  6.]
 [11. 11.]
 [ 7. 10.]
 [ 7.  6.]
 [ 0.  4.]
 [ 6.  6.]
 [10. 11.]
 [ 6.  9.]
 [ 7.  6.]
 [ 0.  4.]
 [ 6.  6.]
 [ 9. 11.]
 [ 6.  8.]
 [ 7.  6.]
 [-1.  4.]
 [ 6.  6.]
 [ 8. 11.]
 [ 7.  7.]
 [ 7.  6.]
 [-1.  4.]
 [ 6.  6.]
 [ 8. 11.]
 [ 7.  6.]
 [ 6.  5.]
 [-1.  4.]
 [ 6.  6.]
 [ 8. 11.]
 [ 7.  5.]
 [ 6.  5.]
 [-2.  4.]
 [ 6.  6.]
 [ 8. 11.]
 [ 6.  5.]
 [ 5.  6.]
 [-2.  4.]
 [ 6.  6.]
 [ 8. 11.]
 [ 5.  5.]
 [ 5.  6.]
 [-3.  4.]
 [ 6.  6.]
 [ 8. 11.]
 [ 5.  6.]
 [ 6.  7.]
 [-3.  4.]
 [ 6.  6.]
 [ 8. 11.]
 [ 5.  7.]
 [ 6.  7.]
 [-3.  4.]
 [ 6.  6.]
 [ 8. 11.]
 [ 6.  7.]
 [ 7.  6.]
 [-3.  4.]
 [ 6.  6.]
 [ 8. 11.]
 [ 7.  7.]
 [ 7.  6.]
 [-3.  4.]
 [ 6.  6.]
 [ 8. 11.]
 [ 7.  6.]
 [ 6.  5.]
 [-3.  4.]
 [ 6.  6.]
 [ 8. 11.]
 [ 7.  5.]
 [ 6.  5.]
 [-3.  4.]
 [ 6.  6.]
 [ 8. 11.]
 [ 6.  5.]
 [ 5.  6.]
 [-3.  4.]
 [ 6.  6.]
 [ 8. 11.]
 [ 5.  5.]
 [ 5.  6.]
 [-3.  4.]
 [ 6.  6.]
 [ 8. 11.]
 [ 5.  6.]
 [ 6.  7.]
 [-3.  4.]
 [ 6.  6.]
 [ 8. 11.]
 [ 5.  6.]
 [ 6.  7.]
 [-3.  4.]
 [ 6.  6.]
 [ 8. 11.]
 [ 5.  7.]
 [ 6.  7.]
 [-3.  4.]
 [ 6.  6.]
 [ 8. 11.]]
