Maze:
##########################
#                        #
#                        #
#                        #
#                        #
#                        #
#     ##############     #
#     #           S#     #
#     #            #     #
#     #            #     #
#     #            #     #
#     #            #     #
#     #     A      #     #
#     #       B    #     #
#     #     C      #     #
#     #            #     #
#     #   D        #     #
#     #            #     #
#     #            #     #
#     ##############     #
#                        #
#                        #
#                        #
#                        #
#                        #
##########################
[[12.  1.]
 [ 6.  6.]
 [ 8.  7.]
 [ 6.  8.]
 [ 4. 10.]
 [11.  2.]
 [ 6.  6.]
 [ 9.  7.]
 [ 6.  7.]
 [ 4. 10.]
 [10.  3.]
 [ 6.  6.]
 [10.  7.]
 [ 6.  7.]
 [ 4. 10.]
 [10.  4.]
 [ 6.  6.]
 [11.  7.]
 [ 6.  7.]
 [ 4. 11.]
 [10.  5.]
 [ 6.  6.]
 [12.  8.]
 [ 6.  7.]
 [ 4. 11.]
 [10.  6.]
 [ 6.  6.]
 [13.  9.]
 [ 6.  7.]
 [ 4. 11.]
 [10.  7.]
 [ 6.  6.]
 [14.  9.]
 [ 6.  7.]
 [ 4. 11.]
 [11.  7.]
 [ 6.  6.]
 [15.  9.]
 [ 6.  7.]
 [ 4. 11.]
 [12.  7.]
 [ 6.  6.]
 [16.  9.]
 [ 6.  7.]
 [ 4. 11.]
 [13.  7.]
 [ 6.  6.]
 [17.  9.]
 [ 6.  7.]
 [ 4. 11.]
 [14.  7.]
 [ 6.  6.]
 [17.  9.]
 [ 6.  7.]
 [ 4. 11.]
 [15.  8.]
 [ 6.  6.]
 [17.  9.]
 [ 6.  7.]
 [ 4. 11.]
 [16.  8.]
 [ 6.  6.]
 [17.  9.]
 [ 6.  7.]
 [ 4. 12.]
 [17.  9.]
 [ 6.  6.]
 [17. 10.]
 [ 6.  7.]
 [ 4. 12.]
 [17. 10.]
 [ 6.  6.]
 [17. 11.]
 [ 6.  7.]
 [ 4. 12.]
 [17. 11.]
 [ 6.  6.]
 [17. 12.]
 [ 6.  7.]
 [ 4. 12.]
 [17. 12.]
 [ 6.  6.]
 [17. 13.]
 [ 6.  7.]
 [ 4. 12.]
 [17. 13.]
 [ 6.  6.]
 [17. 14.]
 [ 6.  7.]
 [ 4. 12.]
 [17. 14.]
 [ 6.  6.]
 [17. 15.]
 [ 6.  7.]
 [ 4. 12.]
 [17. 15.]
 [ 6.  6.]
 [17. 16.]
 [ 6.  7.]
 [ 4. 12.]
 [17. 15.]
 [ 6.  6.]
 [17. 16.]
 [ 6.  7.]
 [ 4. 12.]
 [17. 16.]
 [ 6.  6.]
 [17. 17.]
 [ 6.  7.]
 [ 4. 12.]]
