Maze:
##########################
#                        #
#                        #
#                        #
#                        #
#                        #
#     ##############     #
#     #            #     #
#     #            #     #
#     #        S   #     #
#     #            #     #
#     #            #     #
#     #     B      #     #
#     #            #     #
#     #    A       #     #
#     #           C#     #
#     #            #     #
#     #   D        #     #
#     #            #     #
#     ##############     #
#                        #
#                        #
#                        #
#                        #
#                        #
##########################
[[ 9.  3.]
 [ 5.  8.]
 [ 6.  6.]
 [12.  9.]
 [ 4. 11.]
 [ 8.  4.]
 [ 5.  9.]
 [ 6.  6.]
 [12.  9.]
 [ 4. 12.]
 [ 7.  5.]
 [ 5. 10.]
 [ 6.  6.]
 [12.  9.]
 [ 4. 13.]
 [ 7.  5.]
 [ 5. 11.]
 [ 6.  6.]
 [12.  9.]
 [ 4. 14.]
 [ 7.  5.]
 [ 5. 12.]
 [ 6.  6.]
 [12.  9.]
 [ 4. 15.]
 [ 7.  5.]
 [ 5. 13.]
 [ 6.  6.]
 [12.  9.]
 [ 4. 16.]
 [ 7.  5.]
 [ 5. 14.]
 [ 6.  6.]
 [12.  9.]
 [ 4. 17.]
 [ 7.  5.]
 [ 5. 15.]
 [ 6.  6.]
 [12.  9.]
 [ 4. 17.]
 [ 7.  5.]
 [ 5. 16.]
 [ 6.  6.]
 [12.  9.]
 [ 4. 17.]
 [ 7.  5.]
 [ 4. 17.]
 [ 6.  6.]
 [12.  9.]
 [ 3. 17.]
 [ 7.  5.]
 [ 3. 17.]
 [ 6.  6.]
 [12.  9.]
 [ 2. 17.]
 [ 7.  5.]
 [ 2. 17.]
 [ 6.  6.]
 [12.  9.]
 [ 1. 17.]
 [ 7.  5.]
 [ 1. 17.]
 [ 6.  6.]
 [12.  9.]
 [ 0. 17.]
 [ 7.  5.]
 [ 0. 17.]
 [ 6.  6.]
 [12.  9.]
 [-1. 17.]
 [ 7.  5.]
 [-1. 17.]
 [ 6.  6.]
 [12.  9.]
 [-2. 17.]
 [ 7.  5.]
 [-2. 17.]
 [ 6.  6.]
 [12.  9.]
 [-3. 17.]
 [ 7.  5.]
 [-3. 17.]
 [ 6.  6.]
 [12.  9.]
 [-4. 17.]
 [ 7.  5.]
 [-4. 17.]
 [ 6.  6.]
 [12.  9.]
 [-5. 17.]
 [ 7.  5.]
 [-4. 17.]
 [ 6.  6.]
 [12.  9.]
 [-5. 17.]]
