Maze:
##########################
#                        #
#                        #
#                        #
#                        #
#                        #
#     ##############     #
#     #            #     #
#     #  A         #     #
#     #            #     #
#     #            #     #
#     #      S     #     #
#     #     C      #     #
#     #            #     #
#     #            #     #
#     #   B        #     #
#     #       D    #     #
#     #            #     #
#     #            #     #
#     ##############     #
#                        #
#                        #
#                        #
#                        #
#                        #
##########################
[[ 7.  5.]
 [ 3.  2.]
 [ 4.  9.]
 [ 6.  6.]
 [ 8. 10.]
 [ 8.  4.]
 [ 3.  2.]
 [ 3. 10.]
 [ 6.  6.]
 [ 7. 10.]
 [ 8.  3.]
 [ 3.  2.]
 [ 2. 10.]
 [ 6.  6.]
 [ 6. 10.]
 [ 7.  2.]
 [ 3.  2.]
 [ 1. 10.]
 [ 6.  6.]
 [ 5. 10.]
 [ 6.  2.]
 [ 3.  3.]
 [ 0. 10.]
 [ 6.  6.]
 [ 4. 10.]
 [ 5.  2.]
 [ 3.  4.]
 [-1. 10.]
 [ 6.  6.]
 [ 3. 10.]
 [ 4.  3.]
 [ 3.  5.]
 [-2. 10.]
 [ 6.  6.]
 [ 2. 10.]
 [ 3.  4.]
 [ 3.  6.]
 [-3. 10.]
 [ 6.  6.]
 [ 1. 10.]
 [ 3.  5.]
 [ 3.  7.]
 [-4. 10.]
 [ 6.  6.]
 [ 0. 10.]
 [ 3.  6.]
 [ 3.  8.]
 [-5. 10.]
 [ 6.  6.]
 [-1. 10.]
 [ 3.  7.]
 [ 3.  9.]
 [-5. 10.]
 [ 6.  6.]
 [-2. 10.]
 [ 3.  8.]
 [ 3. 10.]
 [-5. 10.]
 [ 6.  6.]
 [-3. 10.]
 [ 3.  9.]
 [ 3. 11.]
 [-5. 10.]
 [ 6.  6.]
 [-4. 10.]
 [ 3. 10.]
 [ 3. 12.]
 [-5. 10.]
 [ 6.  6.]
 [-4. 10.]
 [ 3. 11.]
 [ 3. 13.]
 [-5. 10.]
 [ 6.  6.]
 [-4. 10.]
 [ 3. 12.]
 [ 3. 14.]
 [-5. 10.]
 [ 6.  6.]
 [-4. 10.]
 [ 3. 13.]
 [ 3. 15.]
 [-5. 10.]
 [ 6.  6.]
 [-4. 10.]
 [ 3. 14.]
 [ 3. 16.]
 [-5. 10.]
 [ 6.  6.]
 [-4. 10.]
 [ 3. 15.]
 [ 3. 17.]
 [-5. 10.]
 [ 6.  6.]
 [-4. 10.]
 [ 3. 16.]
 [ 3. 17.]
 [-5. 10.]
 [ 6.  6.]
 [-4. 10.]
 [ 3. 16.]
 [ 3. 17.]
 [-5. 10.]
 [ 6.  6.]
 [-4. 10.]]
