Maze:
##########################
#                        #
#                        #
#                        #
#                        #
#                        #
#     ##############     #
#     #            #     #
#     #       S    #     #
#     #            #     #
#     #            #     #
#     #            #     #
#     #     C    B #     #
#     #            #     #
#     #  A         #     #
#     #            #     #
#     #            #     #
#     #            #     #
#     #   D        #     #
#     ##############     #
#                        #
#                        #
#                        #
#                        #
#                        #
##########################
[[ 8.  2.]
 [ 3.  8.]
 [11.  6.]
 [ 6.  6.]
 [ 4. 12.]
 [ 9.  3.]
 [ 4.  8.]
 [12.  6.]
 [ 6.  6.]
 [ 4. 13.]
 [10.  4.]
 [ 5.  7.]
 [13.  6.]
 [ 6.  6.]
 [ 4. 13.]
 [11.  5.]
 [ 5.  7.]
 [14.  6.]
 [ 6.  6.]
 [ 4. 13.]
 [12.  5.]
 [ 5.  7.]
 [15.  6.]
 [ 6.  6.]
 [ 4. 13.]
 [13.  5.]
 [ 5.  7.]
 [16.  6.]
 [ 6.  6.]
 [ 4. 13.]
 [14.  5.]
 [ 5.  7.]
 [17.  6.]
 [ 6.  6.]
 [ 4. 13.]
 [15.  5.]
 [ 5.  7.]
 [17.  6.]
 [ 6.  6.]
 [ 4. 13.]
 [16.  5.]
 [ 5.  7.]
 [17.  6.]
 [ 6.  6.]
 [ 4. 13.]
 [17.  6.]
 [ 5.  7.]
 [17.  7.]
 [ 6.  6.]
 [ 4. 13.]
 [17.  7.]
 [ 5.  7.]
 [17.  8.]
 [ 6.  6.]
 [ 4. 13.]
 [17.  8.]
 [ 5.  7.]
 [17.  9.]
 [ 6.  6.]
 [ 4. 13.]
 [17.  9.]
 [ 5.  7.]
 [17. 10.]
 [ 6.  6.]
 [ 4. 13.]
 [17. 10.]
 [ 5.  7.]
 [17. 11.]
 [ 6.  6.]
 [ 4. 13.]
 [17. 11.]
 [ 5.  7.]
 [17. 12.]
 [ 6.  6.]
 [ 4. 13.]
 [17. 12.]
 [ 5.  7.]
 [17. 13.]
 [ 6.  6.]
 [ 4. 13.]
 [17. 13.]
 [ 5.  7.]
 [17. 14.]
 [ 6.  6.]
 [ 4. 13.]
 [17. 14.]
 [ 5.  7.]
 [17. 15.]
 [ 6.  6.]
 [ 4. 13.]
 [17. 15.]
 [ 5.  7.]
 [17. 16.]
 [ 6.  6.]
 [ 4. 13.]
 [17. 16.]
 [ 5.  7.]
 [17. 17.]
 [ 6.  6.]
 [ 4. 13.]
 [17. 16.]
 [ 5.  7.]
 [17. 17.]
 [ 6.  6.]
 [ 4. 13.]]
