Maze:
##########################
#                        #
#                        #
#                        #
#                        #
#                        #
#     ##############     #
#     #            #     #
#     #            #     #
#     #            #     #
#     #      S     #     #
#     #            #     #
#     #     C      #     #
#     #            #     #
#     #            #     #
#     #    A       #     #
#     #     B      #     #
#     #  D         #     #
#     #            #     #
#     ##############     #
#                        #
#                        #
#                        #
#                        #
#                        #
##########################
[[ 7.  4.]
 [ 5.  9.]
 [ 6. 10.]
 [ 6.  6.]
 [ 3. 11.]
 [ 8.  3.]
 [ 4.  8.]
 [ 7. 11.]
 [ 6.  6.]
 [ 3. 12.]
 [ 8.  3.]
 [ 4.  7.]
 [ 8. 12.]
 [ 6.  6.]
 [ 4. 13.]
 [ 8.  3.]
 [ 5.  7.]
 [ 9. 12.]
 [ 6.  6.]
 [ 5. 13.]
 [ 8.  3.]
 [ 5.  7.]
 [10. 12.]
 [ 6.  6.]
 [ 6. 13.]
 [ 8.  3.]
 [ 5.  7.]
 [11. 12.]
 [ 6.  6.]
 [ 7. 13.]
 [ 8.  3.]
 [ 5.  7.]
 [12. 12.]
 [ 6.  6.]
 [ 8. 13.]
 [ 8.  3.]
 [ 5.  7.]
 [13. 12.]
 [ 6.  6.]
 [ 9. 13.]
 [ 8.  3.]
 [ 5.  7.]
 [14. 12.]
 [ 6.  6.]
 [10. 13.]
 [ 8.  3.]
 [ 5.  7.]
 [15. 12.]
 [ 6.  6.]
 [11. 13.]
 [ 8.  3.]
 [ 5.  7.]
 [16. 12.]
 [ 6.  6.]
 [12. 13.]
 [ 8.  3.]
 [ 5.  7.]
 [17. 12.]
 [ 6.  6.]
 [13. 13.]
 [ 8.  3.]
 [ 5.  7.]
 [17. 12.]
 [ 6.  6.]
 [14. 13.]
 [ 8.  3.]
 [ 5.  7.]
 [17. 12.]
 [ 6.  6.]
 [15. 13.]
 [ 8.  3.]
 [ 5.  7.]
 [17. 12.]
 [ 6.  6.]
 [16. 13.]
 [ 8.  3.]
 [ 5.  7.]
 [17. 11.]
 [ 6.  6.]
 [17. 12.]
 [ 8.  3.]
 [ 5.  7.]
 [17. 10.]
 [ 6.  6.]
 [17. 11.]
 [ 8.  3.]
 [ 5.  7.]
 [17.  9.]
 [ 6.  6.]
 [17. 10.]
 [ 8.  3.]
 [ 5.  7.]
 [17.  8.]
 [ 6.  6.]
 [17.  9.]
 [ 8.  3.]
 [ 5.  7.]
 [17.  7.]
 [ 6.  6.]
 [17.  8.]
 [ 8.  3.]
 [ 5.  7.]
 [17.  7.]
 [ 6.  6.]
 [17.  8.]
 [ 8.  3.]
 [ 5.  7.]
 [17.  6.]
 [ 6.  6.]
 [17.  7.]]
