Maze:
##########################
#                        #
#                        #
#                        #
#                        #
#                        #
#     ##############     #
#     #            #     #
#     #            #     #
#     #            #     #
#     #            #     #
#     #           C#     #
#     #    DB      #     #
#     #       A    #     #
#     #            #     #
#     #            #     #
#     #            #     #
#     #            #     #
#     #   S        #     #
#     ##############     #
#                        #
#                        #
#                        #
#                        #
#                        #
##########################
[[ 4. 12.]
 [ 8.  7.]
 [ 6.  6.]
 [12.  5.]
 [ 5.  6.]
 [ 4. 13.]
 [ 9.  8.]
 [ 6.  6.]
 [11.  6.]
 [ 5.  6.]
 [ 4. 14.]
 [ 9.  9.]
 [ 6.  6.]
 [10.  7.]
 [ 5.  6.]
 [ 4. 14.]
 [ 9. 10.]
 [ 6.  6.]
 [10.  8.]
 [ 5.  6.]
 [ 4. 14.]
 [ 9. 11.]
 [ 6.  6.]
 [10.  9.]
 [ 5.  6.]
 [ 4. 14.]
 [ 9. 12.]
 [ 6.  6.]
 [10. 10.]
 [ 5.  6.]
 [ 4. 14.]
 [ 9. 13.]
 [ 6.  6.]
 [10. 11.]
 [ 5.  6.]
 [ 4. 14.]
 [ 9. 14.]
 [ 6.  6.]
 [10. 12.]
 [ 5.  6.]
 [ 4. 14.]
 [ 9. 15.]
 [ 6.  6.]
 [ 9. 13.]
 [ 5.  6.]
 [ 5. 14.]
 [ 9. 16.]
 [ 6.  6.]
 [ 9. 14.]
 [ 5.  6.]
 [ 6. 14.]
 [ 9. 17.]
 [ 6.  6.]
 [ 9. 15.]
 [ 5.  6.]
 [ 7. 15.]
 [ 9. 17.]
 [ 6.  6.]
 [ 8. 16.]
 [ 5.  6.]
 [ 8. 16.]
 [10. 17.]
 [ 6.  6.]
 [ 7. 15.]
 [ 5.  6.]
 [ 7. 15.]
 [11. 17.]
 [ 6.  6.]
 [ 8. 16.]
 [ 5.  6.]
 [ 8. 16.]
 [12. 17.]
 [ 6.  6.]
 [ 7. 15.]
 [ 5.  6.]
 [ 7. 15.]
 [13. 17.]
 [ 6.  6.]
 [ 8. 16.]
 [ 5.  6.]
 [ 8. 16.]
 [14. 17.]
 [ 6.  6.]
 [ 7. 15.]
 [ 5.  6.]
 [ 7. 15.]
 [14. 17.]
 [ 6.  6.]
 [ 8. 16.]
 [ 5.  6.]
 [ 8. 16.]
 [15. 17.]
 [ 6.  6.]
 [ 7. 15.]
 [ 5.  6.]
 [ 7. 15.]
 [15. 17.]
 [ 6.  6.]
 [ 8. 16.]
 [ 5.  6.]
 [ 7. 15.]
 [15. 17.]
 [ 6.  6.]
 [ 8. 16.]
 [ 5.  6.]
 [ 8. 16.]
 [16. 17.]
 [ 6.  6.]
 [ 7. 15.]
 [ 5.  6.]]
