Maze:
##########################
#                        #
#                        #
#                        #
#                        #
#                        #
#     ##############     #
#     #   S        #     #
#     #         C  #     #
#     #            #     #
#     #            #     #
#     #           D#     #
#     #     A B    #     #
#     #            #     #
#     #            #     #
#     #            #     #
#     #            #     #
#     #            #     #
#     #            #     #
#     ##############     #
#                        #
#                        #
#                        #
#                        #
#                        #
##########################
[[ 4.  1.]
 [ 6.  6.]
 [ 8.  6.]
 [10.  2.]
 [12.  5.]
 [ 4.  1.]
 [ 6.  6.]
 [ 9.  6.]
 [11.  3.]
 [11.  5.]
 [ 4.  1.]
 [ 6.  6.]
 [10.  6.]
 [11.  4.]
 [10.  4.]
 [ 4.  1.]
 [ 6.  6.]
 [10.  5.]
 [10.  4.]
 [11.  4.]
 [ 4.  1.]
 [ 6.  6.]
 [10.  5.]
 [11.  3.]
 [11.  4.]
 [ 4.  1.]
 [ 6.  6.]
 [10.  5.]
 [11.  3.]
 [10.  3.]
 [ 4.  1.]
 [ 6.  6.]
 [10.  4.]
 [10.  3.]
 [11.  3.]
 [ 4.  1.]
 [ 6.  6.]
 [10.  4.]
 [11.  2.]
 [11.  3.]
 [ 4.  1.]
 [ 6.  6.]
 [10.  4.]
 [11.  2.]
 [10.  2.]
 [ 3.  1.]
 [ 6.  6.]
 [10.  3.]
 [10.  2.]
 [11.  2.]
 [ 3.  1.]
 [ 6.  6.]
 [10.  3.]
 [11.  1.]
 [11.  2.]
 [ 3.  1.]
 [ 6.  6.]
 [10.  3.]
 [11.  1.]
 [10.  1.]
 [ 3.  1.]
 [ 6.  6.]
 [10.  2.]
 [10.  1.]
 [11.  1.]
 [ 3.  1.]
 [ 6.  6.]
 [10.  2.]
 [11.  0.]
 [11.  1.]
 [ 3.  1.]
 [ 6.  6.]
 [10.  2.]
 [11.  0.]
 [10.  0.]
 [ 3.  1.]
 [ 6.  6.]
 [10.  1.]
 [10.  0.]
 [11.  0.]
 [ 3.  1.]
 [ 6.  6.]
 [10.  1.]
 [11. -1.]
 [11.  0.]
 [ 3.  1.]
 [ 6.  6.]
 [10.  1.]
 [11. -1.]
 [10. -1.]
 [ 3.  1.]
 [ 6.  6.]
 [10.  0.]
 [10. -1.]
 [11. -1.]
 [ 3.  1.]
 [ 6.  6.]
 [10.  0.]
 [11. -2.]
 [11. -1.]
 [ 3.  1.]
 [ 6.  6.]
 [10.  0.]
 [11. -2.]
 [11. -1.]
 [ 3.  1.]
 [ 6.  6.]
 [10.  0.]
 [11. -2.]
 [10. -2.]]
