Maze:
##########################
#                        #
#                        #
#                        #
#                        #
#                        #
#     ##############     #
#     #            #     #
#     #            #     #
#     #            #     #
#     #            #     #
#     #            #     #
#     #     B      #     #
#     #    A       #     #
#     #       D    #     #
#     #            #     #
#     # C          #     #
#     #         S  #     #
#     #            #     #
#     ##############     #
#                        #
#                        #
#                        #
#                        #
#                        #
##########################
[[10. 11.]
 [ 5.  7.]
 [ 6.  6.]
 [ 2. 10.]
 [ 8.  8.]
 [10. 12.]
 [ 4.  8.]
 [ 6.  6.]
 [ 3. 10.]
 [ 8.  7.]
 [10. 13.]
 [ 4.  7.]
 [ 6.  6.]
 [ 4.  9.]
 [ 7.  6.]
 [10. 13.]
 [ 3.  6.]
 [ 6.  6.]
 [ 4.  8.]
 [ 7.  6.]
 [10. 13.]
 [ 2.  5.]
 [ 6.  6.]
 [ 3.  7.]
 [ 7.  6.]
 [10. 13.]
 [ 1.  4.]
 [ 6.  6.]
 [ 2.  6.]
 [ 7.  6.]
 [10. 13.]
 [ 0.  3.]
 [ 6.  6.]
 [ 1.  5.]
 [ 7.  6.]
 [10. 13.]
 [ 0.  2.]
 [ 6.  6.]
 [ 1.  4.]
 [ 7.  6.]
 [10. 13.]
 [ 0.  1.]
 [ 6.  6.]
 [ 1.  3.]
 [ 7.  6.]
 [10. 13.]
 [ 0.  0.]
 [ 6.  6.]
 [ 1.  2.]
 [ 7.  6.]
 [10. 14.]
 [ 0. -1.]
 [ 6.  6.]
 [ 1.  1.]
 [ 7.  6.]
 [10. 14.]
 [ 0. -2.]
 [ 6.  6.]
 [ 1.  0.]
 [ 7.  6.]
 [10. 14.]
 [ 0. -3.]
 [ 6.  6.]
 [ 1. -1.]
 [ 7.  6.]
 [10. 14.]
 [ 0. -4.]
 [ 6.  6.]
 [ 1. -2.]
 [ 7.  6.]
 [10. 14.]
 [ 0. -5.]
 [ 6.  6.]
 [ 1. -3.]
 [ 7.  6.]
 [10. 14.]
 [ 0. -5.]
 [ 6.  6.]
 [ 1. -4.]
 [ 7.  6.]
 [10. 14.]
 [-1. -5.]
 [ 6.  6.]
 [ 0. -5.]
 [ 7.  6.]
 [10. 14.]
 [-2. -5.]
 [ 6.  6.]
 [-1. -5.]
 [ 7.  6.]
 [10. 14.]
 [-3. -5.]
 [ 6.  6.]
 [-2. -5.]
 [ 7.  6.]
 [10. 14.]
 [-4. -5.]
 [ 6.  6.]
 [-3. -5.]
 [ 7.  6.]
 [10. 14.]
 [-4. -5.]
 [ 6.  6.]
 [-3. -5.]
 [ 7.  6.]
 [10. 14.]
 [-5. -5.]
 [ 6.  6.]
 [-4. -5.]
 [ 7.  6.]]
