Maze:
##########################
#                        #
#                        #
#                        #
#                        #
#                        #
#     ##############     #
#     #            #     #
#     #            #     #
#     #            #     #
#     #            #     #
#     #      C     #     #
#     #     S      #     #
#     #            #     #
#     #         D  #     #
#     #            #     #
#     # B          #     #
#     #            #     #
#     #        A   #     #
#     ##############     #
#                        #
#                        #
#                        #
#                        #
#                        #
##########################
[[ 6.  6.]
 [ 9. 12.]
 [ 2. 10.]
 [ 7.  5.]
 [10.  8.]
 [ 6.  6.]
 [ 9. 13.]
 [ 2.  9.]
 [ 7.  5.]
 [10.  7.]
 [ 6.  6.]
 [ 9. 14.]
 [ 3.  8.]
 [ 7.  5.]
 [10.  6.]
 [ 6.  6.]
 [ 9. 14.]
 [ 4.  7.]
 [ 7.  6.]
 [ 9.  5.]
 [ 6.  6.]
 [ 9. 15.]
 [ 5.  7.]
 [ 7.  6.]
 [ 8.  5.]
 [ 6.  6.]
 [ 9. 16.]
 [ 5.  7.]
 [ 6.  5.]
 [ 7.  6.]
 [ 6.  6.]
 [ 9. 16.]
 [ 5.  7.]
 [ 6.  5.]
 [ 8.  6.]
 [ 6.  6.]
 [ 9. 16.]
 [ 5.  7.]
 [ 6.  5.]
 [ 8.  5.]
 [ 6.  6.]
 [ 9. 16.]
 [ 5.  7.]
 [ 6.  5.]
 [ 7.  4.]
 [ 6.  6.]
 [ 9. 16.]
 [ 5.  7.]
 [ 7.  6.]
 [ 6.  5.]
 [ 6.  6.]
 [ 9. 16.]
 [ 5.  7.]
 [ 7.  6.]
 [ 6.  4.]
 [ 6.  6.]
 [ 9. 16.]
 [ 5.  7.]
 [ 7.  6.]
 [ 7.  4.]
 [ 6.  6.]
 [ 9. 16.]
 [ 5.  7.]
 [ 7.  6.]
 [ 7.  5.]
 [ 6.  6.]
 [ 9. 16.]
 [ 5.  7.]
 [ 6.  5.]
 [ 7.  6.]
 [ 6.  6.]
 [ 9. 16.]
 [ 5.  7.]
 [ 6.  5.]
 [ 8.  6.]
 [ 6.  6.]
 [ 9. 16.]
 [ 5.  7.]
 [ 6.  5.]
 [ 8.  5.]
 [ 6.  6.]
 [ 9. 16.]
 [ 5.  7.]
 [ 6.  5.]
 [ 7.  4.]
 [ 6.  6.]
 [ 9. 16.]
 [ 5.  7.]
 [ 7.  6.]
 [ 6.  5.]
 [ 6.  6.]
 [ 9. 16.]
 [ 5.  7.]
 [ 7.  6.]
 [ 6.  4.]
 [ 6.  6.]
 [ 9. 16.]
 [ 5.  7.]
 [ 7.  6.]
 [ 7.  4.]
 [ 6.  6.]
 [ 9. 16.]
 [ 5.  7.]
 [ 7.  6.]
 [ 7.  4.]
 [ 6.  6.]
 [ 9. 16.]
 [ 5.  7.]
 [ 7.  6.]
 [ 7.  5.]]
