Maze:
##########################
#                        #
#                        #
#                        #
#                        #
#                        #
#     ##############     #
#     #            #     #
#     #            #     #
#     #            #     #
#     #            #     #
#     #          S #     #
#     #     C      #     #
#     #        A   #     #
#     #           D#     #
#     #            #     #
#     #            #     #
#     #            #     #
#     #         B  #     #
#     ##############     #
#                        #
#                        #
#                        #
#                        #
#                        #
##########################
[[11.  5.]
 [ 9.  7.]
 [10. 12.]
 [ 6.  6.]
 [12.  8.]
 [11.  4.]
 [ 9.  6.]
 [10. 12.]
 [ 6.  6.]
 [12.  9.]
 [11.  3.]
 [10.  5.]
 [11. 11.]
 [ 6.  6.]
 [12.  9.]
 [11.  2.]
 [10.  4.]
 [11. 10.]
 [ 6.  6.]
 [12.  8.]
 [11.  1.]
 [10.  3.]
 [11.  9.]
 [ 6.  6.]
 [12.  7.]
 [11.  0.]
 [10.  2.]
 [11.  8.]
 [ 6.  6.]
 [12.  6.]
 [11. -1.]
 [10.  1.]
 [11.  7.]
 [ 6.  6.]
 [12.  5.]
 [11. -2.]
 [10.  0.]
 [11.  6.]
 [ 6.  6.]
 [12.  4.]
 [11. -3.]
 [10. -1.]
 [11.  5.]
 [ 6.  6.]
 [12.  3.]
 [11. -4.]
 [10. -2.]
 [11.  4.]
 [ 6.  6.]
 [12.  2.]
 [11. -5.]
 [10. -3.]
 [11.  3.]
 [ 6.  6.]
 [12.  1.]
 [11. -5.]
 [10. -4.]
 [11.  2.]
 [ 6.  6.]
 [12.  0.]
 [12. -5.]
 [11. -5.]
 [11.  1.]
 [ 6.  6.]
 [12.  0.]
 [13. -5.]
 [12. -5.]
 [12.  0.]
 [ 6.  6.]
 [13. -1.]
 [14. -5.]
 [13. -5.]
 [13. -1.]
 [ 6.  6.]
 [14. -2.]
 [15. -5.]
 [14. -5.]
 [14. -2.]
 [ 6.  6.]
 [15. -2.]
 [16. -5.]
 [15. -5.]
 [15. -2.]
 [ 6.  6.]
 [16. -2.]
 [17. -5.]
 [16. -5.]
 [16. -2.]
 [ 6.  6.]
 [17. -2.]
 [17. -5.]
 [16. -5.]
 [16. -2.]
 [ 6.  6.]
 [17. -2.]]
