Maze:
##########################
#                        #
#                        #
#                        #
#                        #
#                        #
#     ##############     #
#     #            #     #
#     #            #     #
#     #B           #     #
#     #            #     #
#     # S          #     #
#     #     D      #     #
#     #            #     #
#     #    A       #     #
#     #           C#     #
#     #            #     #
#     #            #     #
#     #            #     #
#     ##############     #
#                        #
#                        #
#                        #
#                        #
#                        #
##########################
[[ 2.  5.]
 [ 5.  8.]
 [ 1.  3.]
 [12.  9.]
 [ 6.  6.]
 [ 2.  6.]
 [ 4.  9.]
 [ 1.  2.]
 [12.  9.]
 [ 6.  6.]
 [ 2.  6.]
 [ 3.  9.]
 [ 1.  1.]
 [12.  9.]
 [ 6.  6.]
 [ 2.  5.]
 [ 2.  8.]
 [ 1.  1.]
 [12.  9.]
 [ 6.  6.]
 [ 2.  5.]
 [ 2.  7.]
 [ 1.  0.]
 [12.  9.]
 [ 6.  6.]
 [ 2.  4.]
 [ 2.  6.]
 [ 1. -1.]
 [12.  9.]
 [ 6.  6.]
 [ 2.  3.]
 [ 2.  5.]
 [ 1. -2.]
 [12.  9.]
 [ 6.  6.]
 [ 2.  2.]
 [ 2.  4.]
 [ 1. -3.]
 [12.  9.]
 [ 6.  6.]
 [ 2.  1.]
 [ 2.  3.]
 [ 1. -4.]
 [12.  9.]
 [ 6.  6.]
 [ 2.  0.]
 [ 2.  2.]
 [ 1. -5.]
 [12.  9.]
 [ 6.  6.]
 [ 2. -1.]
 [ 2.  1.]
 [ 1. -5.]
 [12.  9.]
 [ 6.  6.]
 [ 2. -2.]
 [ 2.  0.]
 [ 1. -5.]
 [12.  9.]
 [ 6.  6.]
 [ 2. -3.]
 [ 2. -1.]
 [ 1. -5.]
 [12.  9.]
 [ 6.  6.]
 [ 3. -3.]
 [ 2. -2.]
 [ 1. -5.]
 [12.  9.]
 [ 6.  6.]
 [ 4. -3.]
 [ 2. -3.]
 [ 0. -5.]
 [12.  9.]
 [ 6.  6.]
 [ 5. -3.]
 [ 3. -4.]
 [-1. -5.]
 [12.  9.]
 [ 6.  6.]
 [ 6. -3.]
 [ 4. -3.]
 [-2. -5.]
 [12.  9.]
 [ 6.  6.]
 [ 7. -3.]
 [ 5. -3.]
 [-2. -5.]
 [12.  9.]
 [ 6.  6.]
 [ 8. -3.]
 [ 6. -3.]
 [-2. -5.]
 [12.  9.]
 [ 6.  6.]
 [ 9. -3.]
 [ 7. -3.]
 [-2. -5.]
 [12.  9.]
 [ 6.  6.]
 [ 9. -3.]
 [ 7. -3.]
 [-2. -5.]
 [12.  9.]
 [ 6.  6.]
 [10. -3.]
 [ 8. -3.]
 [-2. -5.]
 [12.  9.]
 [ 6.  6.]]
