Maze:
##########################
#                        #
#                        #
#                        #
#                        #
#                        #
#     ##############     #
#     #            #     #
#     #            #     #
#     #            #     #
#     #            #     #
#     #            #     #
#     #     S      #     #
#     # C          #     #
#     #A           #     #
#     #    B       #     #
#     #            #     #
#     #          D #     #
#     #            #     #
#     ##############     #
#                        #
#                        #
#                        #
#                        #
#                        #
##########################
[[ 6.  6.]
 [ 1.  8.]
 [ 5.  9.]
 [ 2.  7.]
 [11. 11.]
 [ 6.  6.]
 [ 2.  9.]
 [ 5. 10.]
 [ 3.  6.]
 [11. 11.]
 [ 6.  6.]
 [ 3.  9.]
 [ 6. 11.]
 [ 3.  5.]
 [11. 11.]
 [ 6.  6.]
 [ 4.  9.]
 [ 7. 12.]
 [ 3.  4.]
 [11. 11.]
 [ 6.  6.]
 [ 5.  9.]
 [ 8. 12.]
 [ 3.  3.]
 [11. 11.]
 [ 6.  6.]
 [ 6.  9.]
 [ 9. 12.]
 [ 3.  3.]
 [11. 11.]
 [ 6.  6.]
 [ 6.  8.]
 [10. 12.]
 [ 3.  3.]
 [12. 11.]
 [ 6.  6.]
 [ 6.  7.]
 [11. 12.]
 [ 3.  3.]
 [13. 11.]
 [ 6.  6.]
 [ 6.  7.]
 [12. 12.]
 [ 3.  2.]
 [14. 11.]
 [ 6.  6.]
 [ 6.  7.]
 [13. 12.]
 [ 3.  2.]
 [15. 11.]
 [ 6.  6.]
 [ 6.  7.]
 [14. 12.]
 [ 3.  2.]
 [16. 11.]
 [ 6.  6.]
 [ 6.  7.]
 [15. 12.]
 [ 3.  2.]
 [17. 11.]
 [ 6.  6.]
 [ 6.  7.]
 [16. 12.]
 [ 3.  2.]
 [17. 11.]
 [ 6.  6.]
 [ 6.  7.]
 [17. 11.]
 [ 3.  2.]
 [17. 10.]
 [ 6.  6.]
 [ 6.  7.]
 [17. 10.]
 [ 3.  2.]
 [17.  9.]
 [ 6.  6.]
 [ 6.  7.]
 [17.  9.]
 [ 3.  2.]
 [17.  8.]
 [ 6.  6.]
 [ 6.  7.]
 [17.  8.]
 [ 3.  2.]
 [17.  7.]
 [ 6.  6.]
 [ 6.  7.]
 [17.  7.]
 [ 3.  2.]
 [17.  6.]
 [ 6.  6.]
 [ 6.  7.]
 [17.  6.]
 [ 3.  2.]
 [17.  5.]
 [ 6.  6.]
 [ 6.  7.]
 [17.  5.]
 [ 3.  2.]
 [17.  4.]
 [ 6.  6.]
 [ 6.  7.]
 [17.  5.]
 [ 3.  2.]
 [17.  4.]
 [ 6.  6.]
 [ 6.  7.]
 [17.  4.]
 [ 3.  2.]
 [17.  3.]]
