Maze:
##########################
#                        #
#                        #
#                        #
#                        #
#                        #
#     ##############     #
#     #            #     #
#     #         B  #     #
#     #      C     #     #
#     #            #     #
#     #            #     #
#     #     A      #     #
#     #            #     #
#     #            #     #
#     #       D    #     #
#     #            #     #
#     #            #     #
#     #   S        #     #
#     ##############     #
#                        #
#                        #
#                        #
#                        #
#                        #
##########################
[[ 4. 12.]
 [ 6.  6.]
 [10.  2.]
 [ 7.  3.]
 [ 8.  9.]
 [ 4. 12.]
 [ 6.  6.]
 [ 9.  2.]
 [ 6.  3.]
 [ 8.  8.]
 [ 4. 12.]
 [ 6.  6.]
 [ 8.  2.]
 [ 5.  3.]
 [ 8.  7.]
 [ 4. 12.]
 [ 6.  6.]
 [ 7.  3.]
 [ 4.  3.]
 [ 7.  6.]
 [ 4. 12.]
 [ 6.  6.]
 [ 6.  4.]
 [ 3.  3.]
 [ 7.  6.]
 [ 4. 12.]
 [ 6.  6.]
 [ 7.  5.]
 [ 2.  3.]
 [ 7.  6.]
 [ 4. 12.]
 [ 6.  6.]
 [ 7.  6.]
 [ 1.  3.]
 [ 6.  7.]
 [ 4. 13.]
 [ 6.  6.]
 [ 7.  7.]
 [ 0.  3.]
 [ 6.  7.]
 [ 4. 13.]
 [ 6.  6.]
 [ 6.  7.]
 [ 0.  3.]
 [ 5.  6.]
 [ 4. 14.]
 [ 6.  6.]
 [ 5.  7.]
 [ 0.  3.]
 [ 5.  6.]
 [ 4. 14.]
 [ 6.  6.]
 [ 5.  6.]
 [ 0.  3.]
 [ 6.  5.]
 [ 4. 14.]
 [ 6.  6.]
 [ 5.  5.]
 [ 0.  3.]
 [ 6.  5.]
 [ 4. 14.]
 [ 6.  6.]
 [ 6.  5.]
 [-1.  3.]
 [ 7.  6.]
 [ 4. 14.]
 [ 6.  6.]
 [ 7.  5.]
 [-1.  3.]
 [ 7.  6.]
 [ 4. 14.]
 [ 6.  6.]
 [ 7.  6.]
 [-1.  3.]
 [ 6.  7.]
 [ 4. 14.]
 [ 6.  6.]
 [ 7.  7.]
 [-1.  3.]
 [ 6.  7.]
 [ 4. 14.]
 [ 6.  6.]
 [ 6.  7.]
 [-1.  3.]
 [ 5.  6.]
 [ 4. 14.]
 [ 6.  6.]
 [ 5.  7.]
 [-1.  3.]
 [ 5.  6.]
 [ 4. 14.]
 [ 6.  6.]
 [ 5.  6.]
 [-1.  3.]
 [ 6.  5.]
 [ 4. 14.]
 [ 6.  6.]
 [ 5.  5.]
 [-1.  3.]
 [ 6.  5.]
 [ 4. 14.]
 [ 6.  6.]
 [ 5.  5.]
 [-1.  3.]
 [ 6.  5.]
 [ 4. 14.]
 [ 6.  6.]
 [ 6.  5.]
 [-1.  3.]
 [ 7.  6.]]
