Maze:
##########################
#                        #
#                        #
#                        #
#                        #
#                        #
#     ##############     #
#     #            #     #
#     #            #     #
#     #            #     #
#     #    A       #     #
#     #            #     #
#     # S   D      #     #
#     #            #     #
#     #   B        #     #
#     #            #     #
#     #C           #     #
#     #            #     #
#     #            #     #
#     ##############     #
#                        #
#                        #
#                        #
#                        #
#                        #
##########################
[[ 2.  6.]
 [ 5.  4.]
 [ 4.  8.]
 [ 1. 10.]
 [ 6.  6.]
 [ 1.  6.]
 [ 4.  4.]
 [ 5.  8.]
 [ 0. 11.]
 [ 6.  6.]
 [ 0.  7.]
 [ 3.  4.]
 [ 6.  7.]
 [ 0. 11.]
 [ 6.  6.]
 [ 0.  8.]
 [ 2.  5.]
 [ 6.  7.]
 [ 0. 11.]
 [ 6.  6.]
 [ 0.  9.]
 [ 2.  6.]
 [ 6.  7.]
 [ 0. 11.]
 [ 6.  6.]
 [ 0. 10.]
 [ 2.  7.]
 [ 6.  7.]
 [ 0. 11.]
 [ 6.  6.]
 [ 0. 11.]
 [ 2.  8.]
 [ 6.  7.]
 [ 0. 10.]
 [ 6.  6.]
 [ 0. 10.]
 [ 2.  9.]
 [ 6.  7.]
 [ 0. 11.]
 [ 6.  6.]
 [ 0. 11.]
 [ 1.  9.]
 [ 6.  7.]
 [-1. 11.]
 [ 6.  6.]
 [-1. 11.]
 [ 1. 10.]
 [ 6.  7.]
 [-1. 12.]
 [ 6.  6.]
 [-1. 12.]
 [ 0. 10.]
 [ 6.  7.]
 [-2. 12.]
 [ 6.  6.]
 [-2. 12.]
 [ 0. 11.]
 [ 6.  7.]
 [-2. 13.]
 [ 6.  6.]
 [-2. 13.]
 [-1. 11.]
 [ 6.  7.]
 [-3. 13.]
 [ 6.  6.]
 [-3. 13.]
 [-1. 12.]
 [ 6.  7.]
 [-3. 14.]
 [ 6.  6.]
 [-3. 14.]
 [-2. 12.]
 [ 6.  7.]
 [-4. 14.]
 [ 6.  6.]
 [-4. 14.]
 [-2. 13.]
 [ 6.  7.]
 [-4. 15.]
 [ 6.  6.]
 [-4. 15.]
 [-3. 13.]
 [ 6.  7.]
 [-5. 15.]
 [ 6.  6.]
 [-5. 15.]
 [-3. 14.]
 [ 6.  7.]
 [-5. 16.]
 [ 6.  6.]
 [-5. 15.]
 [-4. 14.]
 [ 6.  7.]
 [-5. 16.]
 [ 6.  6.]
 [-5. 16.]
 [-5. 15.]
 [ 6.  7.]
 [-5. 17.]
 [ 6.  6.]
 [-5. 16.]
 [-5. 15.]
 [ 6.  7.]
 [-5. 17.]
 [ 6.  6.]]
