Maze:
##########################
#                        #
#                        #
#                        #
#                        #
#                        #
#     ##############     #
#     #            #     #
#     #            #     #
#     #            #     #
#     #            #     #
#     #            #     #
#     #     D  A   #     #
#     #            #     #
#     #    B       #     #
#     #            #     #
#     #     C      #     #
#     #           S#     #
#     #            #     #
#     ##############     #
#                        #
#                        #
#                        #
#                        #
#                        #
##########################
[[12. 11.]
 [ 9.  6.]
 [ 5.  8.]
 [ 6. 10.]
 [ 6.  6.]
 [12. 11.]
 [ 9.  6.]
 [ 4.  8.]
 [ 6.  9.]
 [ 6.  6.]
 [12. 11.]
 [ 9.  7.]
 [ 3.  8.]
 [ 5.  8.]
 [ 6.  6.]
 [12. 11.]
 [ 8.  7.]
 [ 2.  8.]
 [ 4.  8.]
 [ 6.  6.]
 [12. 11.]
 [ 8.  8.]
 [ 1.  8.]
 [ 3.  8.]
 [ 6.  6.]
 [12. 11.]
 [ 7.  8.]
 [ 0.  8.]
 [ 2.  8.]
 [ 6.  6.]
 [12. 11.]
 [ 7.  9.]
 [-1.  8.]
 [ 1.  8.]
 [ 6.  6.]
 [12. 11.]
 [ 6. 10.]
 [-2.  8.]
 [ 0.  8.]
 [ 6.  6.]
 [12. 11.]
 [ 5. 10.]
 [-3.  8.]
 [-1.  8.]
 [ 6.  6.]
 [12. 11.]
 [ 4. 10.]
 [-4.  8.]
 [-2.  8.]
 [ 6.  6.]
 [12. 11.]
 [ 3. 10.]
 [-5.  8.]
 [-3.  8.]
 [ 6.  6.]
 [12. 11.]
 [ 2. 10.]
 [-5.  8.]
 [-4.  8.]
 [ 6.  6.]
 [12. 11.]
 [ 1. 10.]
 [-5.  8.]
 [-4.  8.]
 [ 6.  6.]
 [12. 11.]
 [ 0. 10.]
 [-5.  8.]
 [-4.  8.]
 [ 6.  6.]
 [12. 11.]
 [-1. 10.]
 [-5.  8.]
 [-4.  8.]
 [ 6.  6.]
 [12. 11.]
 [-2. 10.]
 [-5.  8.]
 [-4.  8.]
 [ 6.  6.]
 [12. 11.]
 [-3.  9.]
 [-5.  8.]
 [-4.  8.]
 [ 6.  6.]
 [12. 11.]
 [-4.  8.]
 [-5.  8.]
 [-5.  9.]
 [ 6.  6.]
 [12. 11.]
 [-5.  9.]
 [-5.  7.]
 [-5.  8.]
 [ 6.  6.]
 [12. 11.]
 [-5.  8.]
 [-5.  6.]
 [-5.  9.]
 [ 6.  6.]
 [12. 11.]
 [-5.  8.]
 [-5.  6.]
 [-5.  9.]
 [ 6.  6.]
 [12. 11.]
 [-5.  9.]
 [-5.  6.]
 [-5.  8.]
 [ 6.  6.]]
