Maze:
##########################
#                        #
#                        #
#                        #
#                        #
#                        #
#     ##############     #
#     #            #     #
#     #            #     #
#     #            #     #
#     #            #     #
#     #C           #     #
#     #     B     A#     #
#     #            #     #
#     #       D    #     #
#     #            #     #
#     #            #     #
#     #            #     #
#     #    S       #     #
#     ##############     #
#                        #
#                        #
#                        #
#                        #
#                        #
##########################
[[ 5. 12.]
 [12.  6.]
 [ 6.  6.]
 [ 1.  5.]
 [ 8.  8.]
 [ 5. 12.]
 [12.  6.]
 [ 6.  6.]
 [ 1.  5.]
 [ 9.  8.]
 [ 5. 12.]
 [13.  5.]
 [ 6.  6.]
 [ 1.  5.]
 [10.  8.]
 [ 5. 12.]
 [13.  5.]
 [ 6.  6.]
 [ 1.  5.]
 [11.  8.]
 [ 5. 12.]
 [13.  4.]
 [ 6.  6.]
 [ 1.  5.]
 [12.  7.]
 [ 5. 12.]
 [13.  3.]
 [ 6.  6.]
 [ 1.  5.]
 [12.  6.]
 [ 5. 12.]
 [13.  2.]
 [ 6.  6.]
 [ 1.  5.]
 [12.  5.]
 [ 5. 12.]
 [13.  1.]
 [ 6.  6.]
 [ 1.  5.]
 [12.  4.]
 [ 5. 13.]
 [13.  0.]
 [ 6.  6.]
 [ 1.  5.]
 [12.  3.]
 [ 5. 13.]
 [13. -1.]
 [ 6.  6.]
 [ 1.  5.]
 [12.  2.]
 [ 5. 13.]
 [13. -2.]
 [ 6.  6.]
 [ 1.  5.]
 [12.  1.]
 [ 5. 13.]
 [13. -3.]
 [ 6.  6.]
 [ 1.  5.]
 [12.  0.]
 [ 5. 13.]
 [13. -4.]
 [ 6.  6.]
 [ 1.  5.]
 [12. -1.]
 [ 5. 13.]
 [13. -5.]
 [ 6.  6.]
 [ 1.  5.]
 [12. -2.]
 [ 5. 13.]
 [13. -5.]
 [ 6.  6.]
 [ 1.  5.]
 [12. -3.]
 [ 5. 13.]
 [13. -5.]
 [ 6.  6.]
 [ 1.  5.]
 [12. -4.]
 [ 5. 13.]
 [14. -5.]
 [ 6.  6.]
 [ 1.  5.]
 [13. -5.]
 [ 5. 13.]
 [15. -5.]
 [ 6.  6.]
 [ 1.  5.]
 [14. -5.]
 [ 5. 13.]
 [16. -5.]
 [ 6.  6.]
 [ 1.  5.]
 [15. -5.]
 [ 5. 13.]
 [17. -5.]
 [ 6.  6.]
 [ 1.  5.]
 [16. -5.]
 [ 5. 13.]
 [17. -5.]
 [ 6.  6.]
 [ 1.  5.]
 [16. -5.]]
