Maze:
##########################
#                        #
#                        #
#                        #
#                        #
#                        #
#     ##############     #
#     #            #     #
#     #   D        #     #
#     #     C      #     #
#     #          A #     #
#     #            #     #
#     #     S      #     #
#     #            #     #
#     #            #     #
#     #           B#     #
#     #            #     #
#     #            #     #
#     #            #     #
#     ##############     #
#                        #
#                        #
#                        #
#                        #
#                        #
##########################
[[ 6.  6.]
 [11.  4.]
 [12.  9.]
 [ 6.  3.]
 [ 4.  2.]
 [ 6.  6.]
 [12.  4.]
 [12.  9.]
 [ 5.  3.]
 [ 3.  2.]
 [ 6.  6.]
 [12.  4.]
 [11. 10.]
 [ 4.  3.]
 [ 2.  2.]
 [ 6.  6.]
 [12.  4.]
 [10. 10.]
 [ 3.  3.]
 [ 1.  2.]
 [ 6.  6.]
 [12.  4.]
 [ 9. 10.]
 [ 2.  3.]
 [ 0.  2.]
 [ 6.  6.]
 [12.  4.]
 [ 8. 10.]
 [ 1.  3.]
 [-1.  2.]
 [ 6.  6.]
 [12.  4.]
 [ 7.  9.]
 [ 0.  3.]
 [-2.  2.]
 [ 6.  6.]
 [12.  4.]
 [ 6.  8.]
 [-1.  3.]
 [-3.  2.]
 [ 6.  6.]
 [12.  4.]
 [ 6.  7.]
 [-2.  3.]
 [-4.  2.]
 [ 6.  6.]
 [12.  4.]
 [ 6.  7.]
 [-3.  3.]
 [-5.  2.]
 [ 6.  6.]
 [12.  4.]
 [ 6.  7.]
 [-4.  3.]
 [-5.  2.]
 [ 6.  6.]
 [12.  4.]
 [ 6.  7.]
 [-5.  2.]
 [-5.  1.]
 [ 6.  6.]
 [12.  4.]
 [ 6.  7.]
 [-5.  1.]
 [-5.  0.]
 [ 6.  6.]
 [12.  4.]
 [ 6.  7.]
 [-5.  0.]
 [-5. -1.]
 [ 6.  6.]
 [12.  4.]
 [ 6.  7.]
 [-5. -1.]
 [-5. -2.]
 [ 6.  6.]
 [12.  4.]
 [ 6.  7.]
 [-5. -2.]
 [-5. -3.]
 [ 6.  6.]
 [12.  4.]
 [ 6.  7.]
 [-5. -3.]
 [-5. -4.]
 [ 6.  6.]
 [12.  4.]
 [ 6.  7.]
 [-5. -4.]
 [-5. -5.]
 [ 6.  6.]
 [12.  4.]
 [ 6.  7.]
 [-5. -4.]
 [-5. -5.]]
