Maze:
##########################
#                        #
#                        #
#                        #
#                        #
#                        #
#     ##############     #
#     #           A#     #
#     #            #     #
#     #            #     #
#     #            #     #
#     #            #     #
#     #     B      #     #
#     #            #     #
#     #            #     #
#     #S           #     #
#     #            #     #
#     #          C #     #
#     #       D    #     #
#     ##############     #
#                        #
#                        #
#                        #
#                        #
#                        #
##########################
[[ 1.  9.]
 [12.  1.]
 [ 6.  6.]
 [11. 11.]
 [ 8. 12.]
 [ 1.  9.]
 [12.  1.]
 [ 6.  6.]
 [10. 11.]
 [ 7. 13.]
 [ 1. 10.]
 [12.  1.]
 [ 6.  6.]
 [ 9. 11.]
 [ 6. 14.]
 [ 1. 11.]
 [12.  1.]
 [ 6.  6.]
 [ 8. 11.]
 [ 5. 15.]
 [ 2. 12.]
 [12.  1.]
 [ 6.  6.]
 [ 7. 11.]
 [ 4. 15.]
 [ 3. 13.]
 [12.  1.]
 [ 6.  6.]
 [ 6. 11.]
 [ 3. 15.]
 [ 3. 13.]
 [12.  1.]
 [ 6.  6.]
 [ 5. 11.]
 [ 3. 15.]
 [ 4. 14.]
 [12.  1.]
 [ 6.  6.]
 [ 4. 12.]
 [ 3. 14.]
 [ 3. 14.]
 [12.  1.]
 [ 6.  6.]
 [ 4. 13.]
 [ 4. 14.]
 [ 3. 14.]
 [12.  1.]
 [ 6.  6.]
 [ 4. 13.]
 [ 3. 15.]
 [ 4. 15.]
 [12.  1.]
 [ 6.  6.]
 [ 4. 13.]
 [ 3. 15.]
 [ 3. 15.]
 [12.  1.]
 [ 6.  6.]
 [ 4. 14.]
 [ 4. 15.]
 [ 3. 15.]
 [12.  1.]
 [ 6.  6.]
 [ 4. 14.]
 [ 3. 16.]
 [ 4. 16.]
 [12.  1.]
 [ 6.  6.]
 [ 4. 14.]
 [ 3. 16.]
 [ 3. 16.]
 [12.  1.]
 [ 6.  6.]
 [ 4. 15.]
 [ 4. 16.]
 [ 3. 16.]
 [12.  1.]
 [ 6.  6.]
 [ 4. 15.]
 [ 3. 17.]
 [ 4. 17.]
 [12.  1.]
 [ 6.  6.]
 [ 4. 15.]
 [ 3. 17.]
 [ 3. 17.]
 [12.  1.]
 [ 6.  6.]
 [ 4. 16.]
 [ 4. 17.]
 [ 3. 17.]
 [12.  1.]
 [ 6.  6.]
 [ 4. 16.]
 [ 4. 17.]]
