Maze:
##########################
#                        #
#                        #
#                        #
#                        #
#                        #
#     ##############     #
#     #     B      #     #
#     #            #     #
#     #S           #     #
#     #            #     #
#     #    C       #     #
#     #     D      #     #
#     #         A  #     #
#     #            #     #
#     #            #     #
#     #            #     #
#     #            #     #
#     #            #     #
#     ##############     #
#                        #
#                        #
#                        #
#                        #
#                        #
##########################
[[ 1.  3.]
 [10.  7.]
 [ 6.  1.]
 [ 5.  5.]
 [ 6.  6.]
 [ 1.  4.]
 [ 9.  7.]
 [ 5.  1.]
 [ 5.  5.]
 [ 6.  6.]
 [ 1.  5.]
 [ 8.  7.]
 [ 4.  2.]
 [ 5.  5.]
 [ 6.  6.]
 [ 1.  6.]
 [ 7.  7.]
 [ 3.  3.]
 [ 5.  5.]
 [ 6.  6.]
 [ 1.  7.]
 [ 7.  7.]
 [ 3.  4.]
 [ 5.  5.]
 [ 6.  6.]
 [ 1.  8.]
 [ 7.  7.]
 [ 3.  5.]
 [ 5.  5.]
 [ 6.  6.]
 [ 1.  9.]
 [ 7.  7.]
 [ 3.  6.]
 [ 5.  6.]
 [ 6.  6.]
 [ 1. 10.]
 [ 7.  7.]
 [ 3.  7.]
 [ 5.  6.]
 [ 6.  6.]
 [ 1. 11.]
 [ 7.  7.]
 [ 2.  8.]
 [ 5.  6.]
 [ 6.  6.]
 [ 1. 12.]
 [ 7.  7.]
 [ 2.  9.]
 [ 5.  6.]
 [ 6.  6.]
 [ 1. 13.]
 [ 7.  7.]
 [ 2. 10.]
 [ 5.  6.]
 [ 6.  6.]
 [ 1. 14.]
 [ 7.  7.]
 [ 2. 11.]
 [ 5.  6.]
 [ 6.  6.]
 [ 1. 15.]
 [ 7.  7.]
 [ 2. 12.]
 [ 5.  6.]
 [ 6.  6.]
 [ 1. 16.]
 [ 7.  7.]
 [ 2. 13.]
 [ 5.  6.]
 [ 6.  6.]
 [ 1. 17.]
 [ 7.  7.]
 [ 2. 14.]
 [ 5.  6.]
 [ 6.  6.]
 [ 1. 17.]
 [ 7.  7.]
 [ 2. 15.]
 [ 5.  6.]
 [ 6.  6.]
 [ 1. 17.]
 [ 7.  7.]
 [ 2. 16.]
 [ 5.  6.]
 [ 6.  6.]
 [ 0. 17.]
 [ 7.  7.]
 [ 1. 17.]
 [ 5.  6.]
 [ 6.  6.]
 [-1. 17.]
 [ 7.  7.]
 [ 0. 17.]
 [ 5.  6.]
 [ 6.  6.]
 [-2. 17.]
 [ 7.  7.]
 [-1. 17.]
 [ 5.  6.]
 [ 6.  6.]
 [-2. 17.]
 [ 7.  7.]
 [-1. 17.]
 [ 5.  6.]
 [ 6.  6.]
 [-3. 17.]
 [ 7.  7.]
 [-2. 17.]
 [ 5.  6.]
 [ 6.  6.]]
