Maze:
##########################
#                        #
#                        #
#                        #
#                        #
#                        #
#     ##############     #
#     #            #     #
#     #            #     #
#     #  B         #     #
#     #         D  #     #
#     #            #     #
#     #     CS     #     #
#     #            #     #
#     #            #     #
#     #            #     #
#     #            #     #
#     #     A      #     #
#     #            #     #
#     ##############     #
#                        #
#                        #
#                        #
#                        #
#                        #
##########################
[[ 7.  6.]
 [ 6. 11.]
 [ 3.  3.]
 [ 6.  6.]
 [10.  4.]
 [ 6.  7.]
 [ 6. 12.]
 [ 3.  3.]
 [ 6.  6.]
 [ 9.  4.]
 [ 5.  8.]
 [ 6. 13.]
 [ 3.  3.]
 [ 6.  6.]
 [ 8.  4.]
 [ 4.  9.]
 [ 6. 14.]
 [ 4.  3.]
 [ 6.  6.]
 [ 7.  5.]
 [ 4. 10.]
 [ 6. 14.]
 [ 5.  4.]
 [ 6.  6.]
 [ 7.  5.]
 [ 4. 11.]
 [ 6. 15.]
 [ 5.  4.]
 [ 6.  6.]
 [ 7.  5.]
 [ 4. 12.]
 [ 6. 16.]
 [ 5.  4.]
 [ 6.  6.]
 [ 7.  5.]
 [ 4. 13.]
 [ 6. 16.]
 [ 5.  4.]
 [ 6.  6.]
 [ 7.  5.]
 [ 4. 14.]
 [ 6. 17.]
 [ 5.  4.]
 [ 6.  6.]
 [ 7.  5.]
 [ 4. 15.]
 [ 6. 17.]
 [ 5.  4.]
 [ 6.  6.]
 [ 7.  5.]
 [ 5. 16.]
 [ 7. 17.]
 [ 5.  4.]
 [ 6.  6.]
 [ 7.  5.]
 [ 6. 16.]
 [ 8. 17.]
 [ 5.  4.]
 [ 6.  6.]
 [ 7.  5.]
 [ 7. 16.]
 [ 9. 17.]
 [ 5.  4.]
 [ 6.  6.]
 [ 7.  5.]
 [ 8. 16.]
 [10. 17.]
 [ 5.  4.]
 [ 6.  6.]
 [ 7.  5.]
 [ 9. 16.]
 [11. 17.]
 [ 5.  4.]
 [ 6.  6.]
 [ 7.  5.]
 [10. 16.]
 [12. 17.]
 [ 5.  4.]
 [ 6.  6.]
 [ 7.  5.]
 [11. 16.]
 [13. 17.]
 [ 5.  4.]
 [ 6.  6.]
 [ 7.  5.]
 [12. 16.]
 [14. 17.]
 [ 5.  4.]
 [ 6.  6.]
 [ 7.  5.]
 [13. 16.]
 [15. 17.]
 [ 5.  4.]
 [ 6.  6.]
 [ 7.  5.]
 [14. 16.]
 [16. 17.]
 [ 5.  4.]
 [ 6.  6.]
 [ 7.  5.]
 [14. 16.]
 [16. 17.]
 [ 5.  4.]
 [ 6.  6.]
 [ 7.  5.]
 [15. 16.]
 [17. 17.]
 [ 5.  4.]
 [ 6.  6.]
 [ 7.  5.]]
