Maze:
##########################
#                        #
#                        #
#                        #
#                        #
#                        #
#     ##############     #
#     #            #     #
#     #            #     #
#     #    D       #     #
#     #         S  #     #
#     #            #     #
#     #     B      #     #
#     #            #     #
#     #            #     #
#     #   C        #     #
#     #           A#     #
#     #            #     #
#     #            #     #
#     ##############     #
#                        #
#                        #
#                        #
#                        #
#                        #
##########################
[[10.  4.]
 [12. 10.]
 [ 6.  6.]
 [ 4.  9.]
 [ 5.  3.]
 [11.  5.]
 [12. 10.]
 [ 6.  6.]
 [ 3. 10.]
 [ 5.  4.]
 [11.  6.]
 [12. 10.]
 [ 6.  6.]
 [ 2. 11.]
 [ 5.  5.]
 [11.  7.]
 [12. 11.]
 [ 6.  6.]
 [ 1. 11.]
 [ 5.  5.]
 [11.  8.]
 [12. 12.]
 [ 6.  6.]
 [ 0. 11.]
 [ 5.  5.]
 [11.  9.]
 [12. 13.]
 [ 6.  6.]
 [ 0. 11.]
 [ 5.  5.]
 [11. 10.]
 [12. 13.]
 [ 6.  6.]
 [ 0. 11.]
 [ 5.  5.]
 [11. 11.]
 [12. 14.]
 [ 6.  6.]
 [ 0. 11.]
 [ 5.  5.]
 [11. 12.]
 [12. 15.]
 [ 6.  6.]
 [ 0. 11.]
 [ 5.  5.]
 [11. 13.]
 [12. 16.]
 [ 6.  6.]
 [ 0. 11.]
 [ 5.  5.]
 [11. 14.]
 [12. 17.]
 [ 6.  6.]
 [ 0. 11.]
 [ 5.  5.]
 [11. 15.]
 [12. 17.]
 [ 6.  6.]
 [ 0. 11.]
 [ 5.  5.]
 [11. 16.]
 [12. 17.]
 [ 6.  6.]
 [ 0. 11.]
 [ 5.  5.]
 [12. 17.]
 [13. 17.]
 [ 6.  6.]
 [ 0. 11.]
 [ 5.  5.]
 [13. 17.]
 [14. 17.]
 [ 6.  6.]
 [ 0. 11.]
 [ 5.  5.]
 [14. 17.]
 [15. 17.]
 [ 6.  6.]
 [ 0. 11.]
 [ 5.  5.]
 [15. 17.]
 [16. 17.]
 [ 6.  6.]
 [ 0. 11.]
 [ 5.  5.]
 [16. 17.]
 [17. 17.]
 [ 6.  6.]
 [ 0. 11.]
 [ 5.  5.]
 [16. 17.]
 [17. 17.]
 [ 6.  6.]
 [ 0. 11.]
 [ 5.  5.]]
