Maze:
##########################
#                        #
#                        #
#                        #
#                        #
#                        #
#     ##############     #
#     #     A      #     #
#     #            #     #
#     #      S     #     #
#     #            #     #
#     #            #     #
#     #     D      #     #
#     #  B         #     #
#     #            #     #
#     # C          #     #
#     #            #     #
#     #            #     #
#     #            #     #
#     ##############     #
#                        #
#                        #
#                        #
#                        #
#                        #
##########################
[[ 7.  3.]
 [ 6.  1.]
 [ 3.  7.]
 [ 2.  9.]
 [ 6.  6.]
 [ 7.  2.]
 [ 6.  0.]
 [ 3.  8.]
 [ 2. 10.]
 [ 6.  6.]
 [ 7.  1.]
 [ 6. -1.]
 [ 3.  9.]
 [ 2. 11.]
 [ 6.  6.]
 [ 7.  0.]
 [ 6. -2.]
 [ 3. 10.]
 [ 2. 12.]
 [ 6.  6.]
 [ 7. -1.]
 [ 6. -3.]
 [ 3. 11.]
 [ 2. 13.]
 [ 6.  6.]
 [ 7. -2.]
 [ 6. -4.]
 [ 3. 12.]
 [ 2. 14.]
 [ 6.  6.]
 [ 7. -3.]
 [ 6. -5.]
 [ 3. 13.]
 [ 2. 15.]
 [ 6.  6.]
 [ 7. -4.]
 [ 6. -5.]
 [ 3. 14.]
 [ 2. 16.]
 [ 6.  6.]
 [ 6. -5.]
 [ 5. -5.]
 [ 3. 15.]
 [ 2. 17.]
 [ 6.  6.]
 [ 5. -5.]
 [ 4. -5.]
 [ 3. 16.]
 [ 2. 17.]
 [ 6.  6.]
 [ 4. -5.]
 [ 3. -5.]
 [ 2. 17.]
 [ 1. 17.]
 [ 6.  6.]
 [ 3. -5.]
 [ 2. -5.]
 [ 1. 17.]
 [ 0. 17.]
 [ 6.  6.]
 [ 2. -5.]
 [ 1. -5.]
 [ 0. 17.]
 [-1. 17.]
 [ 6.  6.]
 [ 1. -5.]
 [ 0. -5.]
 [-1. 17.]
 [-2. 17.]
 [ 6.  6.]
 [ 0. -5.]
 [-1. -5.]
 [-2. 17.]
 [-3. 17.]
 [ 6.  6.]
 [-1. -5.]
 [-2. -5.]
 [-3. 17.]
 [-4. 17.]
 [ 6.  6.]
 [-2. -5.]
 [-3. -5.]
 [-4. 17.]
 [-5. 17.]
 [ 6.  6.]
 [-3. -5.]
 [-4. -5.]
 [-4. 17.]
 [-5. 17.]
 [ 6.  6.]
 [-4. -5.]
 [-5. -5.]
 [-4. 17.]
 [-5. 17.]
 [ 6.  6.]
 [-4. -5.]
 [-5. -5.]
 [-4. 17.]
 [-5. 17.]
 [ 6.  6.]]
