Maze:
##########################
#                        #
#                        #
#                        #
#                        #
#                        #
#     ##############     #
#     #            #     #
#     #            #     #
#     #            #     #
#     #            #     #
#     #   S        #     #
#     #     A      #     #
#     #            #     #
#     #          D #     #
#     #            #     #
#     #            #     #
#     # C          #     #
#     #     B      #     #
#     ##############     #
#                        #
#                        #
#                        #
#                        #
#                        #
##########################
[[ 4.  5.]
 [ 6.  6.]
 [ 6. 12.]
 [ 2. 11.]
 [11.  8.]
 [ 5.  5.]
 [ 6.  6.]
 [ 5. 12.]
 [ 1. 11.]
 [10.  8.]
 [ 5.  5.]
 [ 6.  6.]
 [ 4. 12.]
 [ 0. 11.]
 [ 9.  8.]
 [ 5.  5.]
 [ 6.  6.]
 [ 3. 12.]
 [-1. 11.]
 [ 8.  8.]
 [ 5.  5.]
 [ 6.  6.]
 [ 2. 12.]
 [-2. 11.]
 [ 7.  8.]
 [ 5.  5.]
 [ 6.  6.]
 [ 1. 12.]
 [-3. 11.]
 [ 6.  7.]
 [ 6.  5.]
 [ 6.  6.]
 [ 0. 12.]
 [-4. 11.]
 [ 6.  7.]
 [ 6.  5.]
 [ 6.  6.]
 [-1. 12.]
 [-5. 11.]
 [ 6.  7.]
 [ 6.  5.]
 [ 6.  6.]
 [-2. 12.]
 [-5. 11.]
 [ 6.  7.]
 [ 6.  5.]
 [ 6.  6.]
 [-3. 12.]
 [-5. 11.]
 [ 6.  7.]
 [ 6.  5.]
 [ 6.  6.]
 [-4. 12.]
 [-5. 11.]
 [ 6.  7.]
 [ 6.  5.]
 [ 6.  6.]
 [-5. 11.]
 [-5. 10.]
 [ 6.  7.]
 [ 6.  5.]
 [ 6.  6.]
 [-5. 10.]
 [-5.  9.]
 [ 6.  7.]
 [ 6.  5.]
 [ 6.  6.]
 [-5.  9.]
 [-5.  8.]
 [ 6.  7.]
 [ 6.  5.]
 [ 6.  6.]
 [-5.  8.]
 [-5.  7.]
 [ 6.  7.]
 [ 6.  5.]
 [ 6.  6.]
 [-5.  7.]
 [-5.  6.]
 [ 6.  7.]
 [ 6.  5.]
 [ 6.  6.]
 [-5.  6.]
 [-5.  5.]
 [ 6.  7.]
 [ 6.  5.]
 [ 6.  6.]
 [-5.  5.]
 [-5.  4.]
 [ 6.  7.]
 [ 6.  5.]
 [ 6.  6.]
 [-5.  4.]
 [-5.  3.]
 [ 6.  7.]
 [ 6.  5.]
 [ 6.  6.]
 [-5.  3.]
 [-5.  2.]
 [ 6.  7.]
 [ 6.  5.]
 [ 6.  6.]
 [-5.  3.]
 [-5.  2.]
 [ 6.  7.]
 [ 6.  5.]
 [ 6.  6.]
 [-5.  2.]
 [-5.  1.]
 [ 6.  7.]]
