Maze:
##########################
#                        #
#                        #
#                        #
#                        #
#                        #
#     ##############     #
#     #            #     #
#     #            #     #
#     #            #     #
#     #            #     #
#     #        B   #     #
#     #     D      #     #
#     #            #     #
#     #            #     #
#     #            #     #
#     #         C  #     #
#     #S           #     #
#     #    A       #     #
#     ##############     #
#                        #
#                        #
#                        #
#                        #
#                        #
##########################
[[ 1. 11.]
 [ 5. 12.]
 [ 9.  5.]
 [10. 10.]
 [ 6.  6.]
 [ 2. 12.]
 [ 5. 12.]
 [ 8.  6.]
 [11. 10.]
 [ 6.  6.]
 [ 3. 12.]
 [ 5. 12.]
 [ 7.  6.]
 [12. 10.]
 [ 6.  6.]
 [ 4. 12.]
 [ 6. 12.]
 [ 7.  6.]
 [13. 10.]
 [ 6.  6.]
 [ 5. 12.]
 [ 7. 12.]
 [ 7.  6.]
 [14. 10.]
 [ 6.  6.]
 [ 6. 12.]
 [ 8. 12.]
 [ 7.  6.]
 [15. 10.]
 [ 6.  6.]
 [ 7. 12.]
 [ 9. 12.]
 [ 7.  6.]
 [16. 10.]
 [ 6.  6.]
 [ 8. 12.]
 [10. 12.]
 [ 7.  6.]
 [17. 10.]
 [ 6.  6.]
 [ 9. 12.]
 [11. 12.]
 [ 7.  6.]
 [17. 10.]
 [ 6.  6.]
 [10. 12.]
 [12. 12.]
 [ 7.  6.]
 [17. 10.]
 [ 6.  6.]
 [11. 12.]
 [13. 12.]
 [ 7.  6.]
 [17. 10.]
 [ 6.  6.]
 [12. 12.]
 [14. 12.]
 [ 7.  6.]
 [17. 10.]
 [ 6.  6.]
 [13. 12.]
 [15. 12.]
 [ 7.  6.]
 [17. 10.]
 [ 6.  6.]
 [14. 12.]
 [16. 13.]
 [ 7.  6.]
 [17.  9.]
 [ 6.  6.]
 [15. 12.]
 [17. 14.]
 [ 7.  6.]
 [17.  8.]
 [ 6.  6.]
 [16. 13.]
 [17. 15.]
 [ 7.  6.]
 [17.  7.]
 [ 6.  6.]
 [16. 14.]
 [17. 16.]
 [ 7.  6.]
 [17.  6.]
 [ 6.  6.]
 [16. 15.]
 [17. 17.]
 [ 7.  6.]
 [17.  6.]
 [ 6.  6.]
 [16. 16.]
 [17. 17.]
 [ 7.  6.]
 [17.  6.]
 [ 6.  6.]
 [16. 16.]
 [17. 17.]
 [ 7.  6.]
 [17.  6.]
 [ 6.  6.]]
