Maze:
##########################
#                        #
#                        #
#                        #
#                        #
#                        #
#     ##############     #
#     #            #     #
#     #            #     #
#     #            #     #
#     #            #     #
#     #       C    #     #
#     #   D B      #     #
#     #S           #     #
#     #            #     #
#     #            #     #
#     #            #     #
#     # A          #     #
#     #            #     #
#     ##############     #
#                        #
#                        #
#                        #
#                        #
#                        #
##########################
[[ 1.  7.]
 [ 2. 11.]
 [ 6.  6.]
 [ 8.  5.]
 [ 4.  6.]
 [ 0.  8.]
 [ 2. 12.]
 [ 6.  6.]
 [ 9.  5.]
 [ 5.  6.]
 [ 0.  9.]
 [ 2. 13.]
 [ 6.  6.]
 [10.  5.]
 [ 5.  6.]
 [ 0. 10.]
 [ 2. 14.]
 [ 6.  6.]
 [11.  5.]
 [ 5.  6.]
 [ 0. 11.]
 [ 2. 14.]
 [ 6.  6.]
 [12.  5.]
 [ 5.  6.]
 [ 0. 12.]
 [ 2. 15.]
 [ 6.  6.]
 [13.  5.]
 [ 5.  6.]
 [ 0. 13.]
 [ 2. 16.]
 [ 6.  6.]
 [13.  5.]
 [ 5.  6.]
 [ 0. 14.]
 [ 2. 17.]
 [ 6.  6.]
 [13.  5.]
 [ 5.  6.]
 [ 0. 15.]
 [ 2. 17.]
 [ 6.  6.]
 [13.  5.]
 [ 5.  6.]
 [ 1. 16.]
 [ 2. 17.]
 [ 6.  6.]
 [13.  5.]
 [ 5.  6.]
 [ 2. 17.]
 [ 3. 17.]
 [ 6.  6.]
 [13.  5.]
 [ 5.  6.]
 [ 3. 17.]
 [ 4. 17.]
 [ 6.  6.]
 [13.  5.]
 [ 5.  6.]
 [ 4. 17.]
 [ 5. 17.]
 [ 6.  6.]
 [13.  5.]
 [ 5.  6.]
 [ 5. 17.]
 [ 6. 17.]
 [ 6.  6.]
 [13.  5.]
 [ 5.  6.]
 [ 6. 17.]
 [ 7. 17.]
 [ 6.  6.]
 [13.  5.]
 [ 5.  6.]
 [ 7. 17.]
 [ 8. 17.]
 [ 6.  6.]
 [13.  5.]
 [ 5.  6.]
 [ 8. 17.]
 [ 9. 17.]
 [ 6.  6.]
 [13.  5.]
 [ 5.  6.]
 [ 9. 17.]
 [10. 17.]
 [ 6.  6.]
 [13.  5.]
 [ 5.  6.]
 [10. 17.]
 [11. 17.]
 [ 6.  6.]
 [13.  5.]
 [ 5.  6.]
 [11. 17.]
 [12. 17.]
 [ 6.  6.]
 [13.  5.]
 [ 5.  6.]
 [11. 17.]
 [12. 17.]
 [ 6.  6.]
 [13.  5.]
 [ 5.  6.]
 [12. 17.]
 [13. 17.]
 [ 6.  6.]
 [13.  5.]
 [ 5.  6.]]
