Maze:
##########################
#                        #
#                        #
#                        #
#                        #
#                        #
#     ##############     #
#     #            #     #
#     #            #     #
#     #            #     #
#     #        A   #     #
#     #            #     #
#     # C   S      #     #
#     #            #     #
#     #            #     #
#     #  B         #     #
#     #       D    #     #
#     #            #     #
#     #            #     #
#     ##############     #
#                        #
#                        #
#                        #
#                        #
#                        #
##########################
[[ 6.  6.]
 [ 9.  4.]
 [ 3.  9.]
 [ 2.  6.]
 [ 8. 10.]
 [ 6.  6.]
 [10.  4.]
 [ 2.  8.]
 [ 1.  5.]
 [ 7.  9.]
 [ 6.  6.]
 [11.  4.]
 [ 1.  7.]
 [ 0.  4.]
 [ 6.  8.]
 [ 6.  6.]
 [11.  4.]
 [ 1.  6.]
 [ 0.  3.]
 [ 6.  7.]
 [ 6.  6.]
 [11.  4.]
 [ 1.  5.]
 [ 0.  2.]
 [ 6.  7.]
 [ 6.  6.]
 [11.  4.]
 [ 1.  4.]
 [ 0.  1.]
 [ 6.  7.]
 [ 6.  6.]
 [11.  4.]
 [ 1.  3.]
 [ 0.  0.]
 [ 6.  7.]
 [ 6.  6.]
 [11.  4.]
 [ 1.  2.]
 [ 0. -1.]
 [ 6.  7.]
 [ 6.  6.]
 [11.  4.]
 [ 1.  1.]
 [ 0. -2.]
 [ 6.  7.]
 [ 6.  6.]
 [11.  4.]
 [ 1.  0.]
 [ 0. -3.]
 [ 6.  7.]
 [ 6.  6.]
 [11.  4.]
 [ 1. -1.]
 [ 0. -4.]
 [ 6.  7.]
 [ 6.  6.]
 [11.  4.]
 [ 1. -2.]
 [ 0. -5.]
 [ 6.  7.]
 [ 6.  6.]
 [11.  4.]
 [ 1. -3.]
 [ 0. -5.]
 [ 6.  7.]
 [ 6.  6.]
 [11.  4.]
 [ 1. -4.]
 [ 0. -5.]
 [ 6.  7.]
 [ 6.  6.]
 [11.  4.]
 [ 0. -5.]
 [-1. -5.]
 [ 6.  7.]
 [ 6.  6.]
 [11.  4.]
 [-1. -5.]
 [-2. -5.]
 [ 6.  7.]
 [ 6.  6.]
 [11.  4.]
 [-2. -5.]
 [-3. -5.]
 [ 6.  7.]
 [ 6.  6.]
 [11.  4.]
 [-3. -5.]
 [-4. -5.]
 [ 6.  7.]
 [ 6.  6.]
 [11.  4.]
 [-4. -5.]
 [-5. -5.]
 [ 6.  7.]
 [ 6.  6.]
 [11.  4.]
 [-4. -5.]
 [-5. -5.]
 [ 6.  7.]]
