Maze:
##########################
#                        #
#                        #
#                        #
#                        #
#                        #
#     ##############     #
#     #            #     #
#     #            #     #
#     #            #     #
#     #            #     #
#     #            #     #
#     #     BC     #     #
#     #       S    #     #
#     #          A #     #
#     #            #     #
#     #   D        #     #
#     #            #     #
#     #            #     #
#     ##############     #
#                        #
#                        #
#                        #
#                        #
#                        #
##########################
[[ 8.  7.]
 [11.  8.]
 [ 6.  6.]
 [ 7.  6.]
 [ 4. 10.]
 [ 9.  6.]
 [12.  8.]
 [ 6.  6.]
 [ 8.  6.]
 [ 5.  9.]
 [10.  6.]
 [13.  8.]
 [ 6.  6.]
 [ 7.  6.]
 [ 6.  8.]
 [11.  6.]
 [14.  8.]
 [ 6.  6.]
 [ 8.  6.]
 [ 6.  7.]
 [12.  6.]
 [15.  8.]
 [ 6.  6.]
 [ 9.  6.]
 [ 6.  7.]
 [13.  6.]
 [16.  8.]
 [ 6.  6.]
 [ 9.  6.]
 [ 6.  7.]
 [14.  6.]
 [17.  8.]
 [ 6.  6.]
 [ 9.  6.]
 [ 6.  7.]
 [15.  6.]
 [17.  8.]
 [ 6.  6.]
 [10.  6.]
 [ 6.  7.]
 [16.  7.]
 [17.  9.]
 [ 6.  6.]
 [10.  6.]
 [ 6.  7.]
 [16.  8.]
 [17. 10.]
 [ 6.  6.]
 [10.  6.]
 [ 6.  7.]
 [16.  9.]
 [17. 11.]
 [ 6.  6.]
 [10.  6.]
 [ 6.  7.]
 [16. 10.]
 [17. 12.]
 [ 6.  6.]
 [10.  6.]
 [ 6.  7.]
 [16. 11.]
 [17. 13.]
 [ 6.  6.]
 [11.  6.]
 [ 6.  7.]
 [16. 12.]
 [17. 14.]
 [ 6.  6.]
 [11.  6.]
 [ 6.  7.]
 [16. 13.]
 [17. 15.]
 [ 6.  6.]
 [11.  6.]
 [ 6.  7.]
 [16. 14.]
 [17. 16.]
 [ 6.  6.]
 [11.  6.]
 [ 6.  7.]
 [16. 15.]
 [17. 17.]
 [ 6.  6.]
 [11.  6.]
 [ 6.  7.]
 [16. 16.]
 [17. 17.]
 [ 6.  6.]
 [11.  6.]
 [ 6.  7.]
 [16. 16.]
 [17. 17.]
 [ 6.  6.]
 [12.  6.]
 [ 6.  7.]
 [16. 16.]
 [17. 17.]
 [ 6.  6.]
 [12.  6.]
 [ 6.  7.]]
