Maze:
##########################
#                        #
#                        #
#                        #
#                        #
#                        #
#     ##############     #
#     #            #     #
#     #            #     #
#     #            #     #
#     #            #     #
#     #S           #     #
#     #     D      #     #
#     # A          #     #
#     #            #     #
#     #      B     #     #
#     #            #     #
#     #        C   #     #
#     #            #     #
#     ##############     #
#                        #
#                        #
#                        #
#                        #
#                        #
##########################
[[ 1.  5.]
 [ 2.  7.]
 [ 7.  9.]
 [ 9. 11.]
 [ 6.  6.]
 [ 1.  6.]
 [ 2.  8.]
 [ 8.  9.]
 [10. 12.]
 [ 6.  6.]
 [ 1.  7.]
 [ 2.  9.]
 [ 8.  9.]
 [11. 13.]
 [ 6.  6.]
 [ 1.  8.]
 [ 2. 10.]
 [ 8.  9.]
 [12. 14.]
 [ 6.  6.]
 [ 1.  9.]
 [ 2. 11.]
 [ 8.  9.]
 [13. 15.]
 [ 6.  6.]
 [ 1. 10.]
 [ 2. 12.]
 [ 8.  9.]
 [13. 15.]
 [ 6.  6.]
 [ 1. 11.]
 [ 2. 13.]
 [ 8.  9.]
 [13. 15.]
 [ 6.  6.]
 [ 1. 12.]
 [ 2. 14.]
 [ 8.  9.]
 [13. 15.]
 [ 6.  6.]
 [ 1. 13.]
 [ 2. 15.]
 [ 8.  9.]
 [13. 15.]
 [ 6.  6.]
 [ 1. 14.]
 [ 2. 16.]
 [ 8.  9.]
 [13. 15.]
 [ 6.  6.]
 [ 1. 15.]
 [ 2. 17.]
 [ 8.  9.]
 [13. 15.]
 [ 6.  6.]
 [ 1. 16.]
 [ 2. 17.]
 [ 8.  9.]
 [13. 15.]
 [ 6.  6.]
 [ 2. 17.]
 [ 3. 17.]
 [ 8.  9.]
 [13. 15.]
 [ 6.  6.]
 [ 3. 17.]
 [ 4. 17.]
 [ 8.  9.]
 [14. 15.]
 [ 6.  6.]
 [ 4. 17.]
 [ 5. 17.]
 [ 8.  9.]
 [15. 15.]
 [ 6.  6.]
 [ 5. 17.]
 [ 6. 17.]
 [ 8.  9.]
 [15. 15.]
 [ 6.  6.]
 [ 6. 17.]
 [ 7. 17.]
 [ 8.  9.]
 [16. 15.]
 [ 6.  6.]
 [ 7. 17.]
 [ 8. 17.]
 [ 8.  8.]
 [17. 15.]
 [ 6.  6.]
 [ 8. 17.]
 [ 9. 17.]
 [ 7.  7.]
 [17. 15.]
 [ 6.  6.]
 [ 9. 17.]
 [10. 17.]
 [ 7.  7.]
 [17. 15.]
 [ 6.  6.]
 [ 9. 17.]
 [10. 17.]
 [ 7.  7.]
 [17. 15.]
 [ 6.  6.]
 [10. 17.]
 [11. 17.]
 [ 7.  7.]
 [17. 15.]
 [ 6.  6.]]
