Maze:
##########################
#                        #
#                        #
#                        #
#                        #
#                        #
#     ##############     #
#     #         S  #     #
#     #       D    #     #
#     #            #     #
#     #            #     #
#     #    C       #     #
#     #     B     A#     #
#     #            #     #
#     #            #     #
#     #            #     #
#     #            #     #
#     #            #     #
#     #            #     #
#     ##############     #
#                        #
#                        #
#                        #
#                        #
#                        #
##########################
[[10.  1.]
 [12.  6.]
 [ 6.  6.]
 [ 5.  5.]
 [ 8.  2.]
 [11.  1.]
 [13.  6.]
 [ 6.  6.]
 [ 4.  4.]
 [ 8.  3.]
 [12.  1.]
 [13.  6.]
 [ 6.  6.]
 [ 3.  3.]
 [ 7.  4.]
 [13.  1.]
 [13.  6.]
 [ 6.  6.]
 [ 2.  2.]
 [ 6.  5.]
 [13.  2.]
 [13.  6.]
 [ 6.  6.]
 [ 2.  2.]
 [ 6.  5.]
 [13.  3.]
 [13.  6.]
 [ 6.  6.]
 [ 2.  2.]
 [ 6.  5.]
 [13.  4.]
 [13.  7.]
 [ 6.  6.]
 [ 2.  2.]
 [ 6.  5.]
 [13.  5.]
 [13.  8.]
 [ 6.  6.]
 [ 2.  2.]
 [ 6.  5.]
 [13.  6.]
 [13.  9.]
 [ 6.  6.]
 [ 2.  2.]
 [ 6.  5.]
 [13.  7.]
 [13. 10.]
 [ 6.  6.]
 [ 2.  2.]
 [ 6.  5.]
 [13.  8.]
 [13. 11.]
 [ 6.  6.]
 [ 2.  2.]
 [ 6.  5.]
 [13.  9.]
 [13. 12.]
 [ 6.  6.]
 [ 2.  2.]
 [ 6.  5.]
 [13. 10.]
 [13. 13.]
 [ 6.  6.]
 [ 2.  2.]
 [ 6.  5.]
 [13. 11.]
 [13. 14.]
 [ 6.  6.]
 [ 2.  2.]
 [ 6.  5.]
 [13. 12.]
 [13. 15.]
 [ 6.  6.]
 [ 2.  2.]
 [ 6.  5.]
 [13. 13.]
 [13. 16.]
 [ 6.  6.]
 [ 2.  2.]
 [ 6.  5.]
 [13. 14.]
 [13. 17.]
 [ 6.  6.]
 [ 2.  2.]
 [ 6.  5.]
 [13. 15.]
 [13. 17.]
 [ 6.  6.]
 [ 2.  2.]
 [ 6.  5.]
 [13. 16.]
 [13. 17.]
 [ 6.  6.]
 [ 2.  2.]
 [ 6.  5.]
 [13. 16.]
 [13. 17.]
 [ 6.  6.]
 [ 2.  2.]
 [ 6.  5.]]
