Maze:
##########################
#                        #
#                        #
#                        #
#                        #
#                        #
#     ##############     #
#     #  A         #     #
#     #       B    #     #
#     #            #     #
#     #            #     #
#     #            #     #
#     #     D      #     #
#     #            #     #
#     #            #     #
#     #     S      #     #
#     #C           #     #
#     #            #     #
#     #            #     #
#     ##############     #
#                        #
#                        #
#                        #
#                        #
#                        #
##########################
[[ 6.  9.]
 [ 3.  1.]
 [ 8.  2.]
 [ 1. 10.]
 [ 6.  6.]
 [ 6.  9.]
 [ 4.  1.]
 [ 9.  1.]
 [ 2. 10.]
 [ 6.  6.]
 [ 6.  9.]
 [ 5.  1.]
 [10.  1.]
 [ 3. 10.]
 [ 6.  6.]
 [ 6.  9.]
 [ 6.  1.]
 [11.  1.]
 [ 4. 10.]
 [ 6.  6.]
 [ 6.  9.]
 [ 7.  1.]
 [12.  1.]
 [ 5.  9.]
 [ 6.  6.]
 [ 7.  9.]
 [ 8.  1.]
 [13.  1.]
 [ 6.  9.]
 [ 6.  6.]
 [ 8.  9.]
 [ 9.  1.]
 [14.  1.]
 [ 7.  9.]
 [ 6.  6.]
 [ 9.  9.]
 [10.  0.]
 [15.  1.]
 [ 8.  9.]
 [ 6.  6.]
 [10.  9.]
 [11.  0.]
 [16.  1.]
 [ 9.  9.]
 [ 6.  6.]
 [11.  9.]
 [12.  0.]
 [17.  1.]
 [10.  9.]
 [ 6.  6.]
 [12.  9.]
 [13.  0.]
 [17.  1.]
 [11.  9.]
 [ 6.  6.]
 [13.  9.]
 [14.  0.]
 [17.  1.]
 [12.  9.]
 [ 6.  6.]
 [14.  9.]
 [15.  0.]
 [17.  1.]
 [13.  9.]
 [ 6.  6.]
 [15.  9.]
 [16.  0.]
 [17.  1.]
 [14.  9.]
 [ 6.  6.]
 [16.  9.]
 [17.  1.]
 [17.  2.]
 [15.  9.]
 [ 6.  6.]
 [17.  9.]
 [17.  2.]
 [17.  3.]
 [16.  9.]
 [ 6.  6.]
 [17.  9.]
 [17.  3.]
 [17.  4.]
 [16.  9.]
 [ 6.  6.]
 [17.  9.]
 [17.  4.]
 [17.  5.]
 [16.  9.]
 [ 6.  6.]
 [17.  9.]
 [17.  5.]
 [17.  6.]
 [16.  9.]
 [ 6.  6.]
 [17.  8.]
 [17.  6.]
 [17.  7.]
 [17.  9.]
 [ 6.  6.]
 [17.  8.]
 [17.  6.]
 [17.  7.]
 [17.  9.]
 [ 6.  6.]]
