Maze:
##########################
#                        #
#                        #
#                        #
#                        #
#                        #
#     ##############     #
#     #            #     #
#     #            #     #
#     #            #     #
#     #            #     #
#     #            #     #
#     #     A   C  #     #
#     # B          #     #
#     #   S        #     #
#     #            #     #
#     #     D      #     #
#     #            #     #
#     #            #     #
#     ##############     #
#                        #
#                        #
#                        #
#                        #
#                        #
##########################
[[ 4.  8.]
 [ 6.  6.]
 [ 2.  7.]
 [10.  6.]
 [ 6. 10.]
 [ 3.  8.]
 [ 6.  6.]
 [ 1.  7.]
 [10.  7.]
 [ 6.  9.]
 [ 2.  8.]
 [ 6.  6.]
 [ 0.  7.]
 [ 9.  8.]
 [ 6.  8.]
 [ 1.  8.]
 [ 6.  6.]
 [-1.  7.]
 [ 8.  8.]
 [ 6.  7.]
 [ 0.  8.]
 [ 6.  6.]
 [-2.  7.]
 [ 7.  8.]
 [ 6.  7.]
 [-1.  8.]
 [ 6.  6.]
 [-3.  7.]
 [ 7.  8.]
 [ 6.  7.]
 [-2.  8.]
 [ 6.  6.]
 [-4.  7.]
 [ 7.  8.]
 [ 6.  7.]
 [-3.  8.]
 [ 6.  6.]
 [-5.  7.]
 [ 7.  8.]
 [ 6.  7.]
 [-4.  8.]
 [ 6.  6.]
 [-5.  7.]
 [ 7.  8.]
 [ 6.  7.]
 [-5.  7.]
 [ 6.  6.]
 [-5.  6.]
 [ 7.  8.]
 [ 6.  7.]
 [-5.  6.]
 [ 6.  6.]
 [-5.  5.]
 [ 7.  8.]
 [ 6.  7.]
 [-5.  5.]
 [ 6.  6.]
 [-5.  4.]
 [ 7.  8.]
 [ 6.  7.]
 [-5.  4.]
 [ 6.  6.]
 [-5.  3.]
 [ 7.  8.]
 [ 6.  7.]
 [-5.  3.]
 [ 6.  6.]
 [-5.  2.]
 [ 7.  8.]
 [ 6.  7.]
 [-5.  2.]
 [ 6.  6.]
 [-5.  1.]
 [ 7.  8.]
 [ 6.  7.]
 [-5.  1.]
 [ 6.  6.]
 [-5.  0.]
 [ 7.  8.]
 [ 6.  7.]
 [-5.  0.]
 [ 6.  6.]
 [-5. -1.]
 [ 7.  8.]
 [ 6.  7.]
 [-5. -1.]
 [ 6.  6.]
 [-5. -2.]
 [ 7.  8.]
 [ 6.  7.]
 [-5. -2.]
 [ 6.  6.]
 [-5. -3.]
 [ 7.  8.]
 [ 6.  7.]
 [-5. -3.]
 [ 6.  6.]
 [-5. -4.]
 [ 7.  8.]
 [ 6.  7.]
 [-5. -3.]
 [ 6.  6.]
 [-5. -4.]
 [ 7.  8.]
 [ 6.  7.]
 [-5. -4.]
 [ 6.  6.]
 [-5. -5.]
 [ 7.  8.]
 [ 6.  7.]]
