Maze:
##########################
#                        #
#                        #
#                        #
#                        #
#                        #
#     ##############     #
#     #    D       #     #
#     #            #     #
#     #     S      #     #
#     #            #     #
#     #            #     #
#     #     A      #     #
#     #            #     #
#     #            #     #
#     # B          #     #
#     #            #     #
#     #            #     #
#     #           C#     #
#     ##############     #
#                        #
#                        #
#                        #
#                        #
#                        #
##########################
[[ 6.  3.]
 [ 6.  6.]
 [ 2.  9.]
 [12. 12.]
 [ 5.  1.]
 [ 6.  3.]
 [ 6.  6.]
 [ 1.  9.]
 [12. 12.]
 [ 5.  2.]
 [ 7.  4.]
 [ 6.  6.]
 [ 0.  9.]
 [12. 12.]
 [ 6.  3.]
 [ 8.  4.]
 [ 6.  6.]
 [-1.  9.]
 [12. 12.]
 [ 7.  4.]
 [ 9.  4.]
 [ 6.  6.]
 [-1.  9.]
 [12. 12.]
 [ 8.  4.]
 [10.  4.]
 [ 6.  6.]
 [-1.  9.]
 [12. 12.]
 [ 9.  4.]
 [11.  4.]
 [ 6.  6.]
 [-1.  9.]
 [12. 12.]
 [10.  4.]
 [12.  4.]
 [ 6.  6.]
 [-1.  9.]
 [12. 12.]
 [11.  4.]
 [13.  4.]
 [ 6.  6.]
 [-1.  9.]
 [12. 12.]
 [12.  4.]
 [14.  4.]
 [ 6.  6.]
 [-1.  9.]
 [12. 11.]
 [13.  4.]
 [15.  4.]
 [ 6.  6.]
 [-1.  9.]
 [12. 10.]
 [14.  4.]
 [16.  4.]
 [ 6.  6.]
 [-1.  9.]
 [13.  9.]
 [15.  4.]
 [17.  4.]
 [ 6.  6.]
 [-1.  9.]
 [14.  8.]
 [16.  4.]
 [17.  4.]
 [ 6.  6.]
 [-1.  9.]
 [15.  7.]
 [16.  4.]
 [17.  4.]
 [ 6.  6.]
 [-1.  9.]
 [15.  6.]
 [16.  4.]
 [17.  4.]
 [ 6.  6.]
 [-1.  9.]
 [16.  5.]
 [16.  4.]
 [17.  4.]
 [ 6.  6.]
 [-1.  9.]
 [16.  4.]
 [17.  5.]
 [17.  3.]
 [ 6.  6.]
 [-1.  9.]
 [16.  4.]
 [17.  5.]
 [17.  2.]
 [ 6.  6.]
 [-1.  9.]
 [16.  4.]
 [17.  5.]
 [17.  1.]
 [ 6.  6.]
 [-1.  9.]
 [17.  5.]
 [16.  4.]
 [17.  1.]
 [ 6.  6.]
 [-1.  9.]
 [17.  5.]
 [16.  4.]
 [17.  1.]
 [ 6.  6.]
 [-1.  9.]
 [16.  4.]
 [17.  4.]]
