Maze:
##########################
#                        #
#                        #
#                        #
#                        #
#                        #
#     ##############     #
#     #       D    #     #
#     #            #     #
#     #          C #     #
#     #            #     #
#     #            #     #
#     #     S      #     #
#     #            #     #
#     #            #     #
#     #      B     #     #
#     #        A   #     #
#     #            #     #
#     #            #     #
#     ##############     #
#                        #
#                        #
#                        #
#                        #
#                        #
##########################
[[ 6.  6.]
 [ 9. 10.]
 [ 7.  9.]
 [11.  3.]
 [ 8.  1.]
 [ 6.  6.]
 [ 8. 10.]
 [ 6.  9.]
 [10.  2.]
 [ 8.  2.]
 [ 6.  6.]
 [ 7. 10.]
 [ 5.  9.]
 [ 9.  2.]
 [ 9.  3.]
 [ 6.  6.]
 [ 6. 10.]
 [ 4.  9.]
 [ 9.  3.]
 [ 9.  2.]
 [ 6.  6.]
 [ 5. 10.]
 [ 3.  9.]
 [ 9.  2.]
 [ 9.  3.]
 [ 6.  6.]
 [ 4. 10.]
 [ 2.  9.]
 [ 9.  3.]
 [ 9.  2.]
 [ 6.  6.]
 [ 3. 10.]
 [ 1.  9.]
 [ 9.  2.]
 [ 9.  3.]
 [ 6.  6.]
 [ 2. 10.]
 [ 0.  9.]
 [ 9.  3.]
 [ 9.  2.]
 [ 6.  6.]
 [ 1. 10.]
 [-1.  9.]
 [ 9.  2.]
 [ 9.  3.]
 [ 6.  6.]
 [ 0. 10.]
 [-2.  9.]
 [ 9.  3.]
 [ 9.  2.]
 [ 6.  6.]
 [-1. 10.]
 [-3.  9.]
 [ 9.  2.]
 [ 9.  3.]
 [ 6.  6.]
 [-2. 10.]
 [-4.  9.]
 [ 9.  3.]
 [ 9.  2.]
 [ 6.  6.]
 [-3. 10.]
 [-5.  9.]
 [ 9.  2.]
 [ 9.  3.]
 [ 6.  6.]
 [-4. 10.]
 [-5.  9.]
 [ 9.  3.]
 [ 9.  2.]
 [ 6.  6.]
 [-5.  9.]
 [-5.  8.]
 [ 9.  2.]
 [ 9.  3.]
 [ 6.  6.]
 [-5.  8.]
 [-5.  7.]
 [ 9.  3.]
 [ 9.  2.]
 [ 6.  6.]
 [-5.  7.]
 [-5.  6.]
 [ 9.  2.]
 [ 9.  3.]
 [ 6.  6.]
 [-5.  6.]
 [-5.  5.]
 [ 9.  3.]
 [ 9.  2.]
 [ 6.  6.]
 [-5.  5.]
 [-5.  4.]
 [ 9.  2.]
 [ 9.  3.]
 [ 6.  6.]
 [-5.  4.]
 [-5.  3.]
 [ 9.  3.]
 [ 9.  2.]
 [ 6.  6.]
 [-5.  4.]
 [-5.  3.]
 [ 9.  3.]
 [ 9.  2.]
 [ 6.  6.]
 [-5.  3.]
 [-5.  2.]
 [ 9.  2.]
 [ 9.  3.]]
