Maze:
##########################
#                        #
#                        #
#                        #
#                        #
#                        #
#     ##############     #
#     #S           #     #
#     #       A    #     #
#     #            #     #
#     #            #     #
#     # B          #     #
#     #     D      #     #
#     #            #     #
#     #            #     #
#     #            #     #
#     #          C #     #
#     #            #     #
#     #            #     #
#     ##############     #
#                        #
#                        #
#                        #
#                        #
#                        #
##########################
[[ 1.  1.]
 [ 8.  2.]
 [ 2.  5.]
 [11. 10.]
 [ 6.  6.]
 [ 1.  2.]
 [ 8.  2.]
 [ 1.  6.]
 [11. 10.]
 [ 6.  6.]
 [ 1.  3.]
 [ 8.  2.]
 [ 0.  7.]
 [11. 10.]
 [ 6.  6.]
 [ 1.  4.]
 [ 8.  2.]
 [-1.  8.]
 [11. 10.]
 [ 6.  6.]
 [ 0.  5.]
 [ 8.  2.]
 [-2.  9.]
 [11. 10.]
 [ 6.  6.]
 [-1.  6.]
 [ 8.  2.]
 [-2. 10.]
 [11. 10.]
 [ 6.  6.]
 [-1.  7.]
 [ 8.  2.]
 [-2. 11.]
 [11. 10.]
 [ 6.  6.]
 [-1.  8.]
 [ 8.  2.]
 [-2. 12.]
 [11. 10.]
 [ 6.  6.]
 [-1.  9.]
 [ 8.  2.]
 [-2. 13.]
 [11. 10.]
 [ 6.  6.]
 [-1. 10.]
 [ 8.  2.]
 [-2. 14.]
 [11. 10.]
 [ 6.  6.]
 [-1. 11.]
 [ 8.  2.]
 [-2. 15.]
 [11. 10.]
 [ 6.  6.]
 [-1. 12.]
 [ 8.  2.]
 [-2. 16.]
 [10. 10.]
 [ 6.  6.]
 [-1. 13.]
 [ 8.  2.]
 [-2. 17.]
 [ 9. 10.]
 [ 6.  6.]
 [-1. 14.]
 [ 8.  2.]
 [-2. 17.]
 [ 8.  9.]
 [ 6.  6.]
 [-1. 15.]
 [ 8.  2.]
 [-2. 17.]
 [ 7.  8.]
 [ 6.  6.]
 [-1. 16.]
 [ 8.  2.]
 [-2. 17.]
 [ 7.  7.]
 [ 6.  6.]
 [-2. 17.]
 [ 8.  1.]
 [-3. 17.]
 [ 7.  7.]
 [ 6.  6.]
 [-3. 17.]
 [ 8.  1.]
 [-4. 17.]
 [ 7.  7.]
 [ 6.  6.]
 [-4. 17.]
 [ 8.  1.]
 [-5. 17.]
 [ 7.  7.]
 [ 6.  6.]
 [-4. 17.]
 [ 8.  1.]
 [-5. 17.]
 [ 7.  7.]
 [ 6.  6.]]
