Maze:
##########################
#                        #
#                        #
#                        #
#                        #
#                        #
#     ##############     #
#     #            #     #
#     #            #     #
#     #            #     #
#     #        C   #     #
#     #            #     #
#     #     D      #     #
#     #         B  #     #
#     #            #     #
#     #S           #     #
#     #    A       #     #
#     #            #     #
#     #            #     #
#     ##############     #
#                        #
#                        #
#                        #
#                        #
#                        #
##########################
[[ 1.  9.]
 [ 5. 10.]
 [10.  7.]
 [ 9.  4.]
 [ 6.  6.]
 [ 1.  9.]
 [ 6. 10.]
 [11.  8.]
 [ 8.  4.]
 [ 6.  6.]
 [ 1.  9.]
 [ 7. 10.]
 [12.  8.]
 [ 7.  5.]
 [ 6.  6.]
 [ 1.  9.]
 [ 8. 10.]
 [13.  8.]
 [ 7.  5.]
 [ 6.  6.]
 [ 1.  9.]
 [ 9. 10.]
 [14.  8.]
 [ 7.  5.]
 [ 6.  6.]
 [ 1.  9.]
 [10. 10.]
 [15.  8.]
 [ 7.  5.]
 [ 6.  6.]
 [ 1.  9.]
 [11. 10.]
 [16.  8.]
 [ 7.  5.]
 [ 6.  6.]
 [ 1.  9.]
 [12. 10.]
 [17.  8.]
 [ 7.  5.]
 [ 6.  6.]
 [ 1.  9.]
 [13. 10.]
 [17.  8.]
 [ 7.  5.]
 [ 6.  6.]
 [ 1.  9.]
 [14. 10.]
 [17.  8.]
 [ 7.  5.]
 [ 6.  6.]
 [ 1.  9.]
 [15. 10.]
 [17.  8.]
 [ 7.  5.]
 [ 6.  6.]
 [ 1.  9.]
 [16.  9.]
 [17.  7.]
 [ 7.  5.]
 [ 6.  6.]
 [ 1.  9.]
 [17.  8.]
 [17.  6.]
 [ 7.  5.]
 [ 6.  6.]
 [ 1.  9.]
 [17.  7.]
 [17.  5.]
 [ 7.  5.]
 [ 6.  6.]
 [ 1.  9.]
 [17.  6.]
 [17.  4.]
 [ 7.  5.]
 [ 6.  6.]
 [ 1.  9.]
 [17.  5.]
 [17.  3.]
 [ 7.  5.]
 [ 6.  6.]
 [ 1.  9.]
 [17.  4.]
 [17.  2.]
 [ 7.  5.]
 [ 6.  6.]
 [ 1.  9.]
 [17.  3.]
 [17.  1.]
 [ 7.  5.]
 [ 6.  6.]
 [ 1.  9.]
 [17.  2.]
 [17.  0.]
 [ 7.  5.]
 [ 6.  6.]
 [ 1.  9.]
 [17.  1.]
 [17. -1.]
 [ 7.  5.]
 [ 6.  6.]
 [ 1.  9.]
 [17.  1.]
 [17. -1.]
 [ 7.  5.]
 [ 6.  6.]
 [ 1.  9.]
 [17.  0.]
 [17. -2.]
 [ 7.  5.]
 [ 6.  6.]]
