Maze:
##########################
#                        #
#                        #
#                        #
#                        #
#                        #
#     ##############     #
#     #            #     #
#     #            #     #
#     #     A      #     #
#     #            #     #
#     #            #     #
#     #     DC     #     #
#     #B           #     #
#     #            #     #
#     #   S        #     #
#     #            #     #
#     #            #     #
#     #            #     #
#     ##############     #
#                        #
#                        #
#                        #
#                        #
#                        #
##########################
[[ 4.  9.]
 [ 6.  3.]
 [ 1.  7.]
 [ 7.  6.]
 [ 6.  6.]
 [ 3.  9.]
 [ 6.  2.]
 [ 0.  7.]
 [ 7.  6.]
 [ 6.  6.]
 [ 2.  9.]
 [ 6.  1.]
 [-1.  7.]
 [ 7.  6.]
 [ 6.  6.]
 [ 1.  9.]
 [ 6.  0.]
 [-2.  7.]
 [ 7.  6.]
 [ 6.  6.]
 [ 0.  9.]
 [ 6. -1.]
 [-3.  7.]
 [ 7.  6.]
 [ 6.  6.]
 [-1.  9.]
 [ 6. -1.]
 [-4.  7.]
 [ 7.  6.]
 [ 6.  6.]
 [-2.  9.]
 [ 6. -1.]
 [-5.  7.]
 [ 7.  6.]
 [ 6.  6.]
 [-3.  9.]
 [ 6. -1.]
 [-5.  7.]
 [ 7.  6.]
 [ 6.  6.]
 [-4.  8.]
 [ 6. -1.]
 [-5.  6.]
 [ 7.  6.]
 [ 6.  6.]
 [-4.  7.]
 [ 6. -1.]
 [-5.  5.]
 [ 7.  6.]
 [ 6.  6.]
 [-4.  6.]
 [ 6. -1.]
 [-5.  4.]
 [ 7.  6.]
 [ 6.  6.]
 [-4.  5.]
 [ 6. -1.]
 [-5.  3.]
 [ 7.  6.]
 [ 6.  6.]
 [-4.  4.]
 [ 6. -1.]
 [-5.  2.]
 [ 7.  6.]
 [ 6.  6.]
 [-4.  3.]
 [ 6. -1.]
 [-5.  1.]
 [ 7.  6.]
 [ 6.  6.]
 [-4.  2.]
 [ 6. -1.]
 [-5.  0.]
 [ 7.  6.]
 [ 6.  6.]
 [-4.  1.]
 [ 6. -1.]
 [-5. -1.]
 [ 7.  6.]
 [ 6.  6.]
 [-4.  0.]
 [ 6. -1.]
 [-5. -2.]
 [ 7.  6.]
 [ 6.  6.]
 [-4. -1.]
 [ 6. -1.]
 [-5. -3.]
 [ 7.  6.]
 [ 6.  6.]
 [-4. -2.]
 [ 6. -1.]
 [-5. -4.]
 [ 7.  6.]
 [ 6.  6.]
 [-4. -3.]
 [ 6. -1.]
 [-5. -5.]
 [ 7.  6.]
 [ 6.  6.]
 [-4. -3.]
 [ 6. -1.]
 [-5. -5.]
 [ 7.  6.]
 [ 6.  6.]
 [-4. -4.]
 [ 6. -1.]
 [-5. -5.]
 [ 7.  6.]
 [ 6.  6.]]
