Maze:
##########################
#                        #
#                        #
#                        #
#                        #
#                        #
#     ##############     #
#     #  C         #     #
#     #            #     #
#     #            #     #
#     #            #     #
#     #      S     #     #
#     #     A      #     #
#     #           B#     #
#     #            #     #
#     #       D    #     #
#     #            #     #
#     #            #     #
#     #            #     #
#     ##############     #
#                        #
#                        #
#                        #
#                        #
#                        #
##########################
[[ 7.  5.]
 [ 6.  6.]
 [12.  7.]
 [ 3.  1.]
 [ 8.  9.]
 [ 8.  4.]
 [ 6.  6.]
 [13.  7.]
 [ 3.  1.]
 [ 8.  8.]
 [ 9.  4.]
 [ 6.  6.]
 [14.  7.]
 [ 3.  1.]
 [ 8.  7.]
 [10.  4.]
 [ 6.  6.]
 [15.  7.]
 [ 3.  1.]
 [ 7.  6.]
 [11.  4.]
 [ 6.  6.]
 [16.  7.]
 [ 3.  1.]
 [ 7.  6.]
 [12.  4.]
 [ 6.  6.]
 [17.  7.]
 [ 3.  1.]
 [ 7.  6.]
 [13.  4.]
 [ 6.  6.]
 [17.  7.]
 [ 3.  1.]
 [ 7.  6.]
 [14.  4.]
 [ 6.  6.]
 [17.  7.]
 [ 3.  1.]
 [ 7.  6.]
 [15.  5.]
 [ 6.  6.]
 [17.  7.]
 [ 3.  1.]
 [ 7.  6.]
 [16.  6.]
 [ 6.  6.]
 [17.  8.]
 [ 3.  1.]
 [ 7.  6.]
 [16.  7.]
 [ 6.  6.]
 [17.  9.]
 [ 3.  1.]
 [ 7.  6.]
 [16.  8.]
 [ 6.  6.]
 [17. 10.]
 [ 3.  1.]
 [ 7.  6.]
 [16.  9.]
 [ 6.  6.]
 [17. 11.]
 [ 3.  1.]
 [ 7.  6.]
 [16. 10.]
 [ 6.  6.]
 [17. 12.]
 [ 3.  1.]
 [ 7.  6.]
 [16. 11.]
 [ 6.  6.]
 [17. 13.]
 [ 3.  1.]
 [ 7.  6.]
 [16. 12.]
 [ 6.  6.]
 [17. 14.]
 [ 3.  1.]
 [ 7.  6.]
 [16. 13.]
 [ 6.  6.]
 [17. 15.]
 [ 3.  1.]
 [ 7.  6.]
 [16. 14.]
 [ 6.  6.]
 [17. 16.]
 [ 3.  1.]
 [ 7.  6.]
 [16. 15.]
 [ 6.  6.]
 [17. 17.]
 [ 3.  1.]
 [ 7.  6.]
 [16. 16.]
 [ 6.  6.]
 [17. 17.]
 [ 3.  1.]
 [ 7.  6.]
 [16. 16.]
 [ 6.  6.]
 [17. 17.]
 [ 3.  1.]
 [ 7.  6.]]
