Maze:
##########################
#                        #
#                        #
#                        #
#                        #
#                        #
#     ##############     #
#     #            #     #
#     #            #     #
#     #            #     #
#     #            #     #
#     #            #     #
#     #     A      #     #
#     #            #     #
#     #   B        #     #
#     #       D    #     #
#     #        C   #     #
#     #S           #     #
#     #            #     #
#     ##############     #
#                        #
#                        #
#                        #
#                        #
#                        #
##########################
[[ 1. 11.]
 [ 6.  6.]
 [ 4.  8.]
 [ 9. 10.]
 [ 8.  9.]
 [ 1. 11.]
 [ 6.  6.]
 [ 3.  8.]
 [ 8.  9.]
 [ 9. 10.]
 [ 1. 10.]
 [ 6.  6.]
 [ 2.  8.]
 [ 9. 10.]
 [ 8.  9.]
 [ 1.  9.]
 [ 6.  6.]
 [ 2.  7.]
 [ 8.  9.]
 [ 9. 10.]
 [ 1.  8.]
 [ 6.  6.]
 [ 2.  6.]
 [ 9. 10.]
 [ 8.  9.]
 [ 1.  7.]
 [ 6.  6.]
 [ 2.  5.]
 [ 8.  9.]
 [ 9. 10.]
 [ 1.  6.]
 [ 6.  6.]
 [ 2.  4.]
 [ 9. 10.]
 [ 8.  9.]
 [ 1.  5.]
 [ 6.  6.]
 [ 2.  3.]
 [ 8.  9.]
 [ 9. 10.]
 [ 1.  4.]
 [ 6.  6.]
 [ 2.  2.]
 [ 9. 10.]
 [ 8.  9.]
 [ 1.  3.]
 [ 6.  6.]
 [ 2.  1.]
 [ 8.  9.]
 [ 9. 10.]
 [ 1.  2.]
 [ 6.  6.]
 [ 2.  0.]
 [ 9. 10.]
 [ 8.  9.]
 [ 1.  1.]
 [ 6.  6.]
 [ 2. -1.]
 [ 8.  9.]
 [ 9. 10.]
 [ 1.  0.]
 [ 6.  6.]
 [ 2. -2.]
 [ 9. 10.]
 [ 8.  9.]
 [ 1. -1.]
 [ 6.  6.]
 [ 2. -3.]
 [ 8.  9.]
 [ 9. 10.]
 [ 1. -2.]
 [ 6.  6.]
 [ 2. -4.]
 [ 9. 10.]
 [ 8.  9.]
 [ 1. -3.]
 [ 6.  6.]
 [ 2. -5.]
 [ 8.  9.]
 [ 9. 10.]
 [ 1. -4.]
 [ 6.  6.]
 [ 2. -5.]
 [ 9. 10.]
 [ 8.  9.]
 [ 2. -5.]
 [ 6.  6.]
 [ 3. -5.]
 [ 8.  9.]
 [ 9. 10.]
 [ 3. -5.]
 [ 6.  6.]
 [ 4. -5.]
 [ 9. 10.]
 [ 8.  9.]
 [ 4. -5.]
 [ 6.  6.]
 [ 5. -5.]
 [ 8.  9.]
 [ 9. 10.]
 [ 4. -5.]
 [ 6.  6.]
 [ 5. -5.]
 [ 8.  9.]
 [ 9. 10.]
 [ 5. -5.]
 [ 6.  6.]
 [ 6. -5.]
 [ 9. 10.]
 [ 8.  9.]]
