Maze:
##########################
#                        #
#                        #
#                        #
#                        #
#                        #
#     ##############     #
#     #  D         #     #
#     #          C #     #
#     #    A       #     #
#     #            #     #
#     #            #     #
#     #     B      #     #
#     #            #     #
#     #           S#     #
#     #            #     #
#     #            #     #
#     #            #     #
#     #            #     #
#     ##############     #
#                        #
#                        #
#                        #
#                        #
#                        #
##########################
[[12.  8.]
 [ 5.  3.]
 [ 6.  6.]
 [11.  2.]
 [ 3.  1.]
 [12.  8.]
 [ 4.  2.]
 [ 6.  6.]
 [11.  3.]
 [ 2.  0.]
 [12.  8.]
 [ 3.  1.]
 [ 6.  6.]
 [11.  4.]
 [ 1. -1.]
 [12.  9.]
 [ 2.  0.]
 [ 6.  6.]
 [11.  5.]
 [ 0. -2.]
 [12. 10.]
 [ 1. -1.]
 [ 6.  6.]
 [11.  6.]
 [-1. -3.]
 [12. 11.]
 [ 0. -2.]
 [ 6.  6.]
 [11.  7.]
 [-2. -4.]
 [12. 12.]
 [-1. -3.]
 [ 6.  6.]
 [11.  8.]
 [-3. -5.]
 [12. 13.]
 [-2. -4.]
 [ 6.  6.]
 [11.  9.]
 [-4. -5.]
 [12. 14.]
 [-3. -4.]
 [ 6.  6.]
 [11. 10.]
 [-5. -5.]
 [12. 15.]
 [-4. -4.]
 [ 6.  6.]
 [11. 11.]
 [-5. -5.]
 [12. 16.]
 [-4. -4.]
 [ 6.  6.]
 [11. 12.]
 [-5. -5.]
 [12. 17.]
 [-4. -4.]
 [ 6.  6.]
 [11. 13.]
 [-5. -5.]
 [12. 17.]
 [-4. -4.]
 [ 6.  6.]
 [11. 14.]
 [-5. -5.]
 [12. 17.]
 [-4. -4.]
 [ 6.  6.]
 [11. 15.]
 [-5. -5.]
 [12. 17.]
 [-4. -4.]
 [ 6.  6.]
 [11. 16.]
 [-5. -5.]
 [13. 17.]
 [-4. -4.]
 [ 6.  6.]
 [12. 17.]
 [-5. -5.]
 [14. 17.]
 [-4. -4.]
 [ 6.  6.]
 [13. 17.]
 [-5. -5.]
 [15. 17.]
 [-4. -4.]
 [ 6.  6.]
 [14. 17.]
 [-5. -5.]
 [16. 17.]
 [-4. -4.]
 [ 6.  6.]
 [15. 17.]
 [-5. -5.]
 [17. 17.]
 [-4. -4.]
 [ 6.  6.]
 [16. 17.]
 [-5. -5.]
 [17. 17.]
 [-4. -4.]
 [ 6.  6.]
 [16. 17.]
 [-5. -5.]]
