Maze:
##########################
#                        #
#                        #
#                        #
#                        #
#                        #
#     ##############     #
#     #            #     #
#     #            #     #
#     #     S      #     #
#     #          D #     #
#     #            #     #
#     #     C      #     #
#     #            #     #
#     #            #     #
#     #      A     #     #
#     #            #     #
#     #            #     #
#     #         B  #     #
#     ##############     #
#                        #
#                        #
#                        #
#                        #
#                        #
##########################
[[ 6.  3.]
 [ 7.  9.]
 [10. 12.]
 [ 6.  6.]
 [11.  4.]
 [ 7.  2.]
 [ 7. 10.]
 [10. 11.]
 [ 6.  6.]
 [12.  4.]
 [ 8.  2.]
 [ 7. 11.]
 [10. 10.]
 [ 6.  6.]
 [13.  4.]
 [ 9.  2.]
 [ 7. 12.]
 [10. 10.]
 [ 6.  6.]
 [13.  4.]
 [10.  2.]
 [ 7. 13.]
 [10. 10.]
 [ 6.  6.]
 [14.  4.]
 [11.  2.]
 [ 7. 14.]
 [10. 10.]
 [ 6.  6.]
 [15.  4.]
 [12.  2.]
 [ 7. 15.]
 [10. 10.]
 [ 6.  6.]
 [16.  4.]
 [13.  2.]
 [ 7. 16.]
 [10. 10.]
 [ 6.  6.]
 [17.  4.]
 [14.  2.]
 [ 7. 16.]
 [10. 10.]
 [ 6.  6.]
 [17.  4.]
 [15.  2.]
 [ 7. 16.]
 [10. 10.]
 [ 6.  6.]
 [17.  5.]
 [16.  3.]
 [ 7. 16.]
 [10. 10.]
 [ 6.  6.]
 [17.  6.]
 [16.  4.]
 [ 7. 16.]
 [10. 10.]
 [ 6.  6.]
 [17.  7.]
 [16.  5.]
 [ 7. 16.]
 [10. 10.]
 [ 6.  6.]
 [17.  8.]
 [16.  6.]
 [ 7. 16.]
 [10. 10.]
 [ 6.  6.]
 [17.  9.]
 [16.  7.]
 [ 7. 16.]
 [10. 10.]
 [ 6.  6.]
 [17. 10.]
 [16.  8.]
 [ 7. 16.]
 [10. 10.]
 [ 6.  6.]
 [17. 11.]
 [16.  9.]
 [ 7. 16.]
 [10. 10.]
 [ 6.  6.]
 [17. 12.]
 [16. 10.]
 [ 7. 16.]
 [10. 10.]
 [ 6.  6.]
 [17. 13.]
 [16. 11.]
 [ 7. 17.]
 [10. 10.]
 [ 6.  6.]
 [17. 14.]
 [16. 12.]
 [ 7. 17.]
 [10. 10.]
 [ 6.  6.]
 [17. 15.]
 [16. 12.]
 [ 7. 17.]
 [10. 10.]
 [ 6.  6.]
 [17. 15.]
 [16. 13.]
 [ 7. 17.]
 [10. 10.]
 [ 6.  6.]
 [17. 16.]]
