Maze:
##########################
#                        #
#                        #
#                        #
#                        #
#                        #
#     ##############     #
#     #            #     #
#     #            #     #
#     #            #     #
#     #            #     #
#     #       D    #     #
#     #     C      #     #
#     #   A        #     #
#     #            #     #
#     #            #     #
#     #            #     #
#     #  S         #     #
#     #B           #     #
#     ##############     #
#                        #
#                        #
#                        #
#                        #
#                        #
##########################
[[ 3. 11.]
 [ 4.  7.]
 [ 1. 12.]
 [ 6.  6.]
 [ 8.  5.]
 [ 4. 10.]
 [ 3.  7.]
 [ 1. 12.]
 [ 6.  6.]
 [ 9.  5.]
 [ 5.  9.]
 [ 2.  7.]
 [ 1. 12.]
 [ 6.  6.]
 [10.  5.]
 [ 5.  9.]
 [ 1.  7.]
 [ 1. 12.]
 [ 6.  6.]
 [11.  5.]
 [ 5.  9.]
 [ 0.  7.]
 [ 1. 12.]
 [ 6.  6.]
 [11.  5.]
 [ 6.  9.]
 [-1.  7.]
 [ 1. 12.]
 [ 6.  6.]
 [11.  5.]
 [ 7.  9.]
 [-2.  7.]
 [ 1. 12.]
 [ 6.  6.]
 [11.  5.]
 [ 8.  9.]
 [-3.  7.]
 [ 1. 12.]
 [ 6.  6.]
 [11.  5.]
 [ 9.  9.]
 [-4.  7.]
 [ 1. 12.]
 [ 6.  6.]
 [11.  5.]
 [10.  8.]
 [-4.  7.]
 [ 1. 12.]
 [ 6.  6.]
 [11.  4.]
 [11.  7.]
 [-4.  7.]
 [ 1. 12.]
 [ 6.  6.]
 [11.  3.]
 [11.  6.]
 [-4.  7.]
 [ 1. 12.]
 [ 6.  6.]
 [11.  2.]
 [11.  5.]
 [-4.  7.]
 [ 1. 12.]
 [ 6.  6.]
 [11.  1.]
 [11.  4.]
 [-4.  7.]
 [ 1. 12.]
 [ 6.  6.]
 [11.  0.]
 [11.  3.]
 [-4.  7.]
 [ 1. 12.]
 [ 6.  6.]
 [11. -1.]
 [11.  2.]
 [-4.  7.]
 [ 1. 12.]
 [ 6.  6.]
 [11. -2.]
 [11.  1.]
 [-4.  7.]
 [ 1. 12.]
 [ 6.  6.]
 [11. -3.]
 [11.  0.]
 [-4.  7.]
 [ 1. 12.]
 [ 6.  6.]
 [11. -4.]
 [11. -1.]
 [-4.  7.]
 [ 1. 12.]
 [ 6.  6.]
 [11. -5.]
 [11. -2.]
 [-4.  7.]
 [ 1. 12.]
 [ 6.  6.]
 [11. -5.]
 [11. -2.]
 [-4.  7.]
 [ 1. 12.]
 [ 6.  6.]
 [11. -5.]
 [11. -3.]
 [-4.  7.]
 [ 1. 12.]
 [ 6.  6.]
 [11. -5.]]
