Maze:
##########################
#                        #
#                        #
#                        #
#                        #
#                        #
#     ##############     #
#     #            #     #
#     # B          #     #
#     #            #     #
#     #            #     #
#     #    C       #     #
#     #     D      #     #
#     #            #     #
#     #            #     #
#     #            #     #
#     #            #     #
#     #      A     #     #
#     #   S        #     #
#     ##############     #
#                        #
#                        #
#                        #
#                        #
#                        #
##########################
[[ 4. 12.]
 [ 7. 11.]
 [ 2.  2.]
 [ 5.  5.]
 [ 6.  6.]
 [ 5. 12.]
 [ 8. 11.]
 [ 3.  3.]
 [ 5.  5.]
 [ 6.  6.]
 [ 6. 12.]
 [ 9. 11.]
 [ 4.  4.]
 [ 5.  5.]
 [ 6.  6.]
 [ 7. 12.]
 [10. 11.]
 [ 5.  5.]
 [ 4.  4.]
 [ 6.  6.]
 [ 8. 12.]
 [11. 11.]
 [ 5.  5.]
 [ 4.  4.]
 [ 6.  6.]
 [ 9. 12.]
 [12. 11.]
 [ 5.  5.]
 [ 4.  4.]
 [ 6.  6.]
 [10. 12.]
 [13. 11.]
 [ 5.  5.]
 [ 4.  4.]
 [ 6.  6.]
 [11. 12.]
 [14. 11.]
 [ 5.  5.]
 [ 4.  4.]
 [ 6.  6.]
 [12. 12.]
 [15. 11.]
 [ 5.  5.]
 [ 4.  4.]
 [ 6.  6.]
 [13. 12.]
 [16. 11.]
 [ 5.  5.]
 [ 4.  4.]
 [ 6.  6.]
 [14. 12.]
 [17. 11.]
 [ 5.  5.]
 [ 4.  4.]
 [ 6.  6.]
 [15. 12.]
 [17. 11.]
 [ 5.  5.]
 [ 4.  4.]
 [ 6.  6.]
 [16. 12.]
 [17. 11.]
 [ 5.  5.]
 [ 4.  4.]
 [ 6.  6.]
 [17. 11.]
 [17. 10.]
 [ 5.  5.]
 [ 4.  4.]
 [ 6.  6.]
 [17. 10.]
 [17.  9.]
 [ 5.  5.]
 [ 4.  4.]
 [ 6.  6.]
 [17.  9.]
 [17.  8.]
 [ 5.  5.]
 [ 4.  4.]
 [ 6.  6.]
 [17.  8.]
 [17.  7.]
 [ 5.  5.]
 [ 4.  4.]
 [ 6.  6.]
 [17.  7.]
 [17.  6.]
 [ 5.  5.]
 [ 4.  4.]
 [ 6.  6.]
 [17.  6.]
 [17.  5.]
 [ 5.  5.]
 [ 4.  4.]
 [ 6.  6.]
 [17.  5.]
 [17.  4.]
 [ 5.  5.]
 [ 4.  4.]
 [ 6.  6.]
 [17.  5.]
 [17.  4.]
 [ 5.  5.]
 [ 4.  4.]
 [ 6.  6.]
 [17.  4.]
 [17.  3.]
 [ 5.  5.]
 [ 4.  4.]
 [ 6.  6.]]
