Maze:
##########################
#                        #
#                        #
#                        #
#                        #
#                        #
#     ##############     #
#     #            #     #
#     #       A    #     #
#     #            #     #
#     #            #     #
#     #            #     #
#     # D   C      #     #
#     #            #     #
#     #            #     #
#     #    S       #     #
#     #            #     #
#     #          B #     #
#     #            #     #
#     ##############     #
#                        #
#                        #
#                        #
#                        #
#                        #
##########################
[[ 5.  9.]
 [ 8.  2.]
 [11. 11.]
 [ 6.  6.]
 [ 2.  6.]
 [ 4.  9.]
 [ 8.  1.]
 [11. 11.]
 [ 6.  6.]
 [ 1.  6.]
 [ 3.  9.]
 [ 8.  0.]
 [11. 11.]
 [ 6.  6.]
 [ 0.  6.]
 [ 2.  9.]
 [ 8. -1.]
 [11. 11.]
 [ 6.  6.]
 [-1.  6.]
 [ 1.  8.]
 [ 8. -2.]
 [11. 11.]
 [ 6.  6.]
 [-2.  6.]
 [ 0.  8.]
 [ 8. -3.]
 [11. 11.]
 [ 6.  6.]
 [-3.  6.]
 [-1.  8.]
 [ 8. -3.]
 [11. 11.]
 [ 6.  6.]
 [-4.  6.]
 [-2.  7.]
 [ 8. -3.]
 [11. 11.]
 [ 6.  6.]
 [-5.  6.]
 [-3.  7.]
 [ 8. -3.]
 [11. 11.]
 [ 6.  6.]
 [-5.  6.]
 [-4.  7.]
 [ 8. -3.]
 [11. 11.]
 [ 6.  6.]
 [-5.  6.]
 [-5.  6.]
 [ 8. -3.]
 [11. 11.]
 [ 6.  6.]
 [-5.  5.]
 [-5.  5.]
 [ 8. -3.]
 [11. 11.]
 [ 6.  6.]
 [-5.  4.]
 [-5.  4.]
 [ 8. -3.]
 [11. 11.]
 [ 6.  6.]
 [-5.  3.]
 [-5.  3.]
 [ 8. -3.]
 [11. 11.]
 [ 6.  6.]
 [-5.  2.]
 [-5.  2.]
 [ 8. -3.]
 [11. 11.]
 [ 6.  6.]
 [-5.  1.]
 [-5.  1.]
 [ 8. -3.]
 [11. 11.]
 [ 6.  6.]
 [-5.  0.]
 [-5.  0.]
 [ 8. -3.]
 [11. 11.]
 [ 6.  6.]
 [-5. -1.]
 [-5. -1.]
 [ 8. -3.]
 [11. 11.]
 [ 6.  6.]
 [-5. -2.]
 [-5. -2.]
 [ 8. -3.]
 [11. 11.]
 [ 6.  6.]
 [-5. -3.]
 [-5. -3.]
 [ 8. -3.]
 [11. 11.]
 [ 6.  6.]
 [-5. -4.]
 [-5. -3.]
 [ 8. -3.]
 [11. 11.]
 [ 6.  6.]
 [-5. -4.]
 [-5. -4.]
 [ 8. -3.]
 [11. 11.]
 [ 6.  6.]
 [-5. -5.]]
