Maze:
##########################
#                        #
#                        #
#                        #
#                        #
#                        #
#     ##############     #
#     #            #     #
#     #            #     #
#     #            #     #
#     #            #     #
#     #   S        #     #
#     #     B      #     #
#     #           D#     #
#     #            #     #
#     #            #     #
#     #            #     #
#     #     A      #     #
#     #C           #     #
#     ##############     #
#                        #
#                        #
#                        #
#                        #
#                        #
##########################
[[ 4.  5.]
 [ 6. 11.]
 [ 6.  6.]
 [ 1. 12.]
 [12.  7.]
 [ 3.  5.]
 [ 7. 11.]
 [ 6.  6.]
 [ 1. 12.]
 [12.  7.]
 [ 2.  5.]
 [ 8. 11.]
 [ 6.  6.]
 [ 1. 12.]
 [12.  7.]
 [ 1.  5.]
 [ 9. 11.]
 [ 6.  6.]
 [ 1. 12.]
 [12.  6.]
 [ 0.  5.]
 [10. 11.]
 [ 6.  6.]
 [ 1. 12.]
 [12.  5.]
 [ 0.  5.]
 [11. 11.]
 [ 6.  6.]
 [ 1. 12.]
 [12.  4.]
 [ 0.  5.]
 [11. 11.]
 [ 6.  6.]
 [ 1. 11.]
 [12.  4.]
 [ 0.  5.]
 [12. 11.]
 [ 6.  6.]
 [ 1. 10.]
 [12.  4.]
 [ 0.  5.]
 [12. 11.]
 [ 6.  6.]
 [ 1.  9.]
 [12.  4.]
 [ 0.  4.]
 [12. 11.]
 [ 6.  6.]
 [ 1.  8.]
 [12.  4.]
 [ 0.  3.]
 [12. 11.]
 [ 6.  6.]
 [ 1.  7.]
 [12.  4.]
 [ 0.  2.]
 [12. 11.]
 [ 6.  6.]
 [ 1.  6.]
 [12.  4.]
 [ 0.  1.]
 [12. 11.]
 [ 6.  6.]
 [ 1.  5.]
 [12.  4.]
 [ 0.  0.]
 [12. 11.]
 [ 6.  6.]
 [ 1.  4.]
 [12.  4.]
 [ 0. -1.]
 [12. 11.]
 [ 6.  6.]
 [ 1.  3.]
 [12.  4.]
 [ 0. -2.]
 [12. 11.]
 [ 6.  6.]
 [ 1.  2.]
 [12.  4.]
 [ 0. -3.]
 [12. 11.]
 [ 6.  6.]
 [ 1.  1.]
 [12.  4.]
 [ 0. -4.]
 [12. 11.]
 [ 6.  6.]
 [ 1.  0.]
 [12.  4.]
 [ 0. -5.]
 [12. 11.]
 [ 6.  6.]
 [ 1. -1.]
 [12.  4.]
 [ 0. -5.]
 [12. 11.]
 [ 6.  6.]
 [ 1. -2.]
 [12.  4.]
 [ 0. -5.]
 [12. 11.]
 [ 6.  6.]
 [ 1. -2.]
 [12.  4.]
 [ 0. -5.]
 [12. 11.]
 [ 6.  6.]
 [ 1. -3.]
 [12.  4.]]
