Maze:
##########################
#                        #
#                        #
#                        #
#                        #
#                        #
#     ##############     #
#     #            #     #
#     #            #     #
#     #      S     #     #
#     #            #     #
#     #       A    #     #
#     #     B     C#     #
#     #            #     #
#     #            #     #
#     #            #     #
#     #            #     #
#     #    D       #     #
#     #            #     #
#     ##############     #
#                        #
#                        #
#                        #
#                        #
#                        #
##########################
[[ 7.  3.]
 [ 8.  5.]
 [ 6.  6.]
 [12.  6.]
 [ 5. 11.]
 [ 8.  4.]
 [ 8.  6.]
 [ 6.  6.]
 [13.  6.]
 [ 5. 11.]
 [ 8.  5.]
 [ 8.  7.]
 [ 6.  6.]
 [13.  6.]
 [ 5. 11.]
 [ 9.  6.]
 [ 8.  8.]
 [ 6.  6.]
 [13.  6.]
 [ 6. 11.]
 [ 9.  7.]
 [ 7.  9.]
 [ 6.  6.]
 [13.  6.]
 [ 7. 10.]
 [ 9.  8.]
 [ 7.  8.]
 [ 6.  6.]
 [13.  6.]
 [ 7.  9.]
 [ 8.  8.]
 [ 7.  7.]
 [ 6.  6.]
 [13.  6.]
 [ 7.  8.]
 [ 7.  8.]
 [ 7.  6.]
 [ 6.  6.]
 [13.  6.]
 [ 8.  7.]
 [ 8.  7.]
 [ 6.  5.]
 [ 6.  6.]
 [13.  6.]
 [ 7.  7.]
 [ 7.  7.]
 [ 5.  5.]
 [ 6.  6.]
 [13.  6.]
 [ 8.  7.]
 [ 8.  7.]
 [ 4.  5.]
 [ 6.  6.]
 [12.  6.]
 [ 7.  7.]
 [ 7.  7.]
 [ 3.  5.]
 [ 6.  6.]
 [11.  6.]
 [ 8.  7.]
 [ 8.  8.]
 [ 2.  5.]
 [ 6.  6.]
 [10.  6.]
 [ 7.  7.]
 [ 7.  8.]
 [ 1.  5.]
 [ 6.  6.]
 [ 9.  6.]
 [ 8.  8.]
 [ 8.  9.]
 [ 0.  5.]
 [ 6.  6.]
 [ 8.  7.]
 [ 7.  8.]
 [ 7. 10.]
 [-1.  5.]
 [ 6.  6.]
 [ 7.  8.]
 [ 8.  9.]
 [ 8. 11.]
 [-2.  5.]
 [ 6.  6.]
 [ 8.  9.]
 [ 7.  9.]
 [ 8. 12.]
 [-2.  5.]
 [ 6.  6.]
 [ 7.  9.]
 [ 8.  9.]
 [ 8. 13.]
 [-2.  5.]
 [ 6.  6.]
 [ 8.  9.]
 [ 7.  9.]
 [ 8. 14.]
 [-2.  5.]
 [ 6.  6.]
 [ 7.  9.]
 [ 8.  9.]
 [ 8. 14.]
 [-2.  5.]
 [ 6.  6.]
 [ 7.  9.]
 [ 8.  9.]
 [ 8. 14.]
 [-2.  5.]
 [ 6.  6.]
 [ 8.  9.]
 [ 7.  9.]]
