Maze:
##########################
#                        #
#                        #
#                        #
#                        #
#                        #
#     ##############     #
#     #     B      #     #
#     #            #     #
#     #          S #     #
#     #            #     #
#     #            #     #
#     #     A      #     #
#     #            #     #
#     #            #     #
#     #    C       #     #
#     #   D        #     #
#     #            #     #
#     #            #     #
#     ##############     #
#                        #
#                        #
#                        #
#                        #
#                        #
##########################
[[11.  3.]
 [ 6.  6.]
 [ 6.  1.]
 [ 5.  9.]
 [ 4. 10.]
 [11.  3.]
 [ 6.  6.]
 [ 7.  2.]
 [ 4. 10.]
 [ 5.  9.]
 [11.  3.]
 [ 6.  6.]
 [ 8.  3.]
 [ 5.  9.]
 [ 4. 10.]
 [12.  3.]
 [ 6.  6.]
 [ 9.  4.]
 [ 4. 10.]
 [ 5.  9.]
 [13.  3.]
 [ 6.  6.]
 [10.  4.]
 [ 5.  9.]
 [ 4. 10.]
 [14.  3.]
 [ 6.  6.]
 [11.  4.]
 [ 4. 10.]
 [ 5.  9.]
 [15.  3.]
 [ 6.  6.]
 [12.  4.]
 [ 5.  9.]
 [ 4.  9.]
 [16.  3.]
 [ 6.  6.]
 [13.  4.]
 [ 4.  9.]
 [ 5.  9.]
 [17.  3.]
 [ 6.  6.]
 [14.  4.]
 [ 5.  9.]
 [ 4.  9.]
 [17.  3.]
 [ 6.  6.]
 [15.  4.]
 [ 4.  9.]
 [ 5.  9.]
 [17.  3.]
 [ 6.  6.]
 [16.  4.]
 [ 5.  9.]
 [ 4.  9.]
 [17.  2.]
 [ 6.  6.]
 [17.  3.]
 [ 4.  9.]
 [ 5.  9.]
 [17.  1.]
 [ 6.  6.]
 [17.  2.]
 [ 5.  9.]
 [ 4.  9.]
 [17.  0.]
 [ 6.  6.]
 [17.  1.]
 [ 4.  9.]
 [ 5.  9.]
 [17. -1.]
 [ 6.  6.]
 [17.  0.]
 [ 5.  9.]
 [ 4.  9.]
 [17. -2.]
 [ 6.  6.]
 [17. -1.]
 [ 4.  9.]
 [ 5.  9.]
 [17. -3.]
 [ 6.  6.]
 [17. -2.]
 [ 5.  9.]
 [ 4.  9.]
 [17. -4.]
 [ 6.  6.]
 [17. -3.]
 [ 4.  9.]
 [ 5.  9.]
 [17. -5.]
 [ 6.  6.]
 [17. -4.]
 [ 5.  9.]
 [ 4.  9.]
 [17. -5.]
 [ 6.  6.]
 [17. -4.]
 [ 4.  9.]
 [ 5.  9.]
 [17. -5.]
 [ 6.  6.]
 [17. -4.]
 [ 5.  9.]
 [ 4.  9.]]
