Maze:
##########################
#                        #
#                        #
#                        #
#                        #
#                        #
#     ##############     #
#     #     A      #     #
#     #            #     #
#     #            #     #
#     #        D   #     #
#     #            #     #
#     # S   B      #     #
#     #  C         #     #
#     #            #     #
#     #            #     #
#     #            #     #
#     #            #     #
#     #            #     #
#     ##############     #
#                        #
#                        #
#                        #
#                        #
#                        #
##########################
[[ 2.  6.]
 [ 6.  1.]
 [ 6.  6.]
 [ 3.  7.]
 [ 9.  4.]
 [ 1.  5.]
 [ 6.  0.]
 [ 6.  6.]
 [ 2.  6.]
 [ 9.  3.]
 [ 0.  4.]
 [ 6. -1.]
 [ 6.  6.]
 [ 1.  5.]
 [ 9.  2.]
 [-1.  3.]
 [ 6. -2.]
 [ 6.  6.]
 [ 0.  4.]
 [ 9.  1.]
 [-2.  2.]
 [ 6. -3.]
 [ 6.  6.]
 [-1.  3.]
 [ 9.  0.]
 [-3.  1.]
 [ 6. -4.]
 [ 6.  6.]
 [-2.  2.]
 [ 8. -1.]
 [-4.  0.]
 [ 6. -5.]
 [ 6.  6.]
 [-3.  1.]
 [ 8. -2.]
 [-5. -1.]
 [ 6. -5.]
 [ 6.  6.]
 [-4.  0.]
 [ 7. -3.]
 [-5. -2.]
 [ 6. -5.]
 [ 6.  6.]
 [-5. -1.]
 [ 7. -4.]
 [-5. -3.]
 [ 5. -5.]
 [ 6.  6.]
 [-5. -2.]
 [ 6. -5.]
 [-5. -4.]
 [ 4. -5.]
 [ 6.  6.]
 [-5. -3.]
 [ 5. -5.]
 [-5. -5.]
 [ 3. -5.]
 [ 6.  6.]
 [-5. -4.]
 [ 4. -5.]
 [-5. -5.]
 [ 2. -5.]
 [ 6.  6.]
 [-5. -4.]
 [ 3. -5.]
 [-5. -5.]
 [ 1. -5.]
 [ 6.  6.]
 [-5. -4.]
 [ 2. -5.]
 [-5. -5.]
 [ 0. -5.]
 [ 6.  6.]
 [-5. -4.]
 [ 1. -5.]
 [-5. -5.]
 [-1. -5.]
 [ 6.  6.]
 [-5. -4.]
 [ 0. -5.]
 [-5. -5.]
 [-2. -5.]
 [ 6.  6.]
 [-5. -4.]
 [-1. -5.]
 [-5. -5.]
 [-3. -5.]
 [ 6.  6.]
 [-5. -4.]
 [-2. -5.]
 [-5. -5.]
 [-4. -5.]
 [ 6.  6.]
 [-5. -4.]
 [-3. -5.]
 [-5. -5.]
 [-4. -5.]
 [ 6.  6.]
 [-5. -4.]
 [-3. -5.]]
