Maze:
##########################
#                        #
#                        #
#                        #
#                        #
#                        #
#     ##############     #
#     #  S         #     #
#     #A           #     #
#     #            #     #
#     #          C #     #
#     #            #     #
#     #     B      #     #
#     #            #     #
#     #      D     #     #
#     #            #     #
#     #            #     #
#     #            #     #
#     #            #     #
#     ##############     #
#                        #
#                        #
#                        #
#                        #
#                        #
##########################
[[ 3.  1.]
 [ 1.  2.]
 [ 6.  6.]
 [11.  4.]
 [ 7.  8.]
 [ 2.  1.]
 [ 0.  2.]
 [ 6.  6.]
 [11.  4.]
 [ 7.  9.]
 [ 1.  1.]
 [-1.  2.]
 [ 6.  6.]
 [11.  4.]
 [ 7. 10.]
 [ 0.  1.]
 [-2.  2.]
 [ 6.  6.]
 [11.  4.]
 [ 7. 11.]
 [-1.  1.]
 [-3.  2.]
 [ 6.  6.]
 [11.  4.]
 [ 7. 12.]
 [-2.  1.]
 [-4.  2.]
 [ 6.  6.]
 [11.  4.]
 [ 7. 12.]
 [-3.  1.]
 [-5.  2.]
 [ 6.  6.]
 [11.  4.]
 [ 7. 12.]
 [-4.  1.]
 [-5.  2.]
 [ 6.  6.]
 [11.  4.]
 [ 7. 12.]
 [-5.  2.]
 [-5.  3.]
 [ 6.  6.]
 [11.  4.]
 [ 7. 12.]
 [-5.  3.]
 [-5.  4.]
 [ 6.  6.]
 [11.  4.]
 [ 7. 12.]
 [-5.  4.]
 [-5.  5.]
 [ 6.  6.]
 [11.  4.]
 [ 7. 12.]
 [-5.  5.]
 [-5.  6.]
 [ 6.  6.]
 [11.  4.]
 [ 7. 12.]
 [-5.  6.]
 [-5.  7.]
 [ 6.  6.]
 [11.  4.]
 [ 7. 12.]
 [-5.  7.]
 [-5.  8.]
 [ 6.  6.]
 [11.  4.]
 [ 7. 12.]
 [-5.  8.]
 [-5.  9.]
 [ 6.  6.]
 [11.  4.]
 [ 7. 12.]
 [-5.  9.]
 [-5. 10.]
 [ 6.  6.]
 [11.  4.]
 [ 7. 12.]
 [-5. 10.]
 [-5. 11.]
 [ 6.  6.]
 [11.  4.]
 [ 7. 13.]
 [-5. 11.]
 [-5. 12.]
 [ 6.  6.]
 [11.  4.]
 [ 7. 13.]
 [-5. 12.]
 [-5. 13.]
 [ 6.  6.]
 [11.  4.]
 [ 7. 13.]
 [-5. 13.]
 [-5. 14.]
 [ 6.  6.]
 [11.  4.]
 [ 7. 13.]
 [-5. 13.]
 [-5. 14.]
 [ 6.  6.]
 [11.  4.]
 [ 7. 13.]
 [-5. 14.]
 [-5. 15.]
 [ 6.  6.]
 [11.  4.]
 [ 7. 13.]]
