Maze:
##########################
#                        #
#                        #
#                        #
#                        #
#                        #
#     ##############     #
#     #            #     #
#     #            #     #
#     #            #     #
#     #A           #     #
#     #            #     #
#     #     C      #     #
#     #           B#     #
#     #            #     #
#     # D          #     #
#     #            #     #
#     #            #     #
#     #        S   #     #
#     ##############     #
#                        #
#                        #
#                        #
#                        #
#                        #
##########################
[[ 9. 12.]
 [ 1.  4.]
 [12.  7.]
 [ 6.  6.]
 [ 2.  9.]
 [ 9. 12.]
 [ 0.  3.]
 [12.  8.]
 [ 6.  6.]
 [ 2.  8.]
 [ 9. 13.]
 [-1.  2.]
 [11.  9.]
 [ 6.  6.]
 [ 2.  7.]
 [ 9. 14.]
 [-2.  1.]
 [11. 10.]
 [ 6.  6.]
 [ 2.  6.]
 [ 9. 15.]
 [-3.  0.]
 [11. 11.]
 [ 6.  6.]
 [ 2.  6.]
 [ 9. 16.]
 [-3.  0.]
 [11. 12.]
 [ 6.  6.]
 [ 2.  6.]
 [ 9. 17.]
 [-3.  0.]
 [11. 13.]
 [ 6.  6.]
 [ 2.  6.]
 [ 9. 17.]
 [-3.  0.]
 [11. 14.]
 [ 6.  6.]
 [ 2.  6.]
 [ 8. 17.]
 [-3.  0.]
 [10. 15.]
 [ 6.  6.]
 [ 2.  6.]
 [ 7. 17.]
 [-3.  0.]
 [ 9. 16.]
 [ 6.  6.]
 [ 2.  6.]
 [ 6. 17.]
 [-3.  0.]
 [ 8. 16.]
 [ 6.  6.]
 [ 2.  6.]
 [ 5. 17.]
 [-3.  0.]
 [ 7. 16.]
 [ 6.  6.]
 [ 2.  6.]
 [ 4. 17.]
 [-3.  0.]
 [ 6. 16.]
 [ 6.  6.]
 [ 2.  6.]
 [ 3. 17.]
 [-3.  0.]
 [ 5. 16.]
 [ 6.  6.]
 [ 2.  6.]
 [ 2. 17.]
 [-3.  0.]
 [ 4. 16.]
 [ 6.  6.]
 [ 2.  6.]
 [ 1. 17.]
 [-3.  0.]
 [ 3. 16.]
 [ 6.  6.]
 [ 2.  6.]
 [ 0. 17.]
 [-3.  0.]
 [ 2. 16.]
 [ 6.  6.]
 [ 2.  6.]
 [-1. 17.]
 [-3.  0.]
 [ 1. 16.]
 [ 6.  6.]
 [ 2.  6.]
 [-2. 17.]
 [-3.  0.]
 [ 0. 16.]
 [ 6.  6.]
 [ 2.  6.]
 [-3. 17.]
 [-3.  0.]
 [-1. 16.]
 [ 6.  6.]
 [ 2.  6.]
 [-3. 17.]
 [-3.  0.]
 [-1. 16.]
 [ 6.  6.]
 [ 2.  6.]
 [-4. 17.]
 [-3.  0.]
 [-2. 16.]
 [ 6.  6.]
 [ 2.  6.]]
