Maze:
##########################
#                        #
#                        #
#                        #
#                        #
#                        #
#     ##############     #
#     #            #     #
#     #            #     #
#     #            #     #
#     #            #     #
#     #            #     #
#     #    AC      #     #
#     #            #     #
#     #            #     #
#     #       B    #     #
#     #D           #     #
#     #  S         #     #
#     #            #     #
#     ##############     #
#                        #
#                        #
#                        #
#                        #
#                        #
##########################
[[ 3. 11.]
 [ 5.  6.]
 [ 8.  9.]
 [ 6.  6.]
 [ 1. 10.]
 [ 2. 11.]
 [ 4.  6.]
 [ 7.  9.]
 [ 6.  6.]
 [ 2. 10.]
 [ 2. 10.]
 [ 3.  6.]
 [ 6.  9.]
 [ 6.  6.]
 [ 2. 11.]
 [ 2. 11.]
 [ 2.  5.]
 [ 5.  9.]
 [ 6.  6.]
 [ 2. 10.]
 [ 2. 10.]
 [ 1.  4.]
 [ 4.  9.]
 [ 6.  6.]
 [ 2. 11.]
 [ 2. 11.]
 [ 0.  3.]
 [ 3.  9.]
 [ 6.  6.]
 [ 2. 10.]
 [ 1. 10.]
 [-1.  2.]
 [ 3. 10.]
 [ 6.  6.]
 [ 2. 11.]
 [ 0. 11.]
 [-1.  1.]
 [ 2. 10.]
 [ 6.  6.]
 [ 1. 11.]
 [ 1. 12.]
 [-1.  0.]
 [ 1. 10.]
 [ 6.  6.]
 [ 0. 11.]
 [ 0. 13.]
 [-1.  0.]
 [ 1. 11.]
 [ 6.  6.]
 [ 0. 12.]
 [-1. 12.]
 [-1.  0.]
 [ 1. 12.]
 [ 6.  6.]
 [ 0. 13.]
 [-2. 13.]
 [-1.  0.]
 [ 0. 12.]
 [ 6.  6.]
 [-1. 13.]
 [-1. 14.]
 [-1.  0.]
 [-1. 12.]
 [ 6.  6.]
 [-2. 13.]
 [-2. 15.]
 [-1.  0.]
 [-1. 13.]
 [ 6.  6.]
 [-2. 14.]
 [-3. 14.]
 [-1.  0.]
 [-1. 14.]
 [ 6.  6.]
 [-2. 15.]
 [-4. 15.]
 [-1.  0.]
 [-2. 14.]
 [ 6.  6.]
 [-3. 15.]
 [-3. 16.]
 [-1.  0.]
 [-3. 14.]
 [ 6.  6.]
 [-4. 15.]
 [-4. 17.]
 [-1.  0.]
 [-3. 15.]
 [ 6.  6.]
 [-4. 16.]
 [-5. 16.]
 [-1.  0.]
 [-3. 16.]
 [ 6.  6.]
 [-4. 17.]
 [-5. 16.]
 [-1.  0.]
 [-4. 16.]
 [ 6.  6.]
 [-4. 17.]
 [-5. 16.]
 [-1.  0.]
 [-4. 16.]
 [ 6.  6.]
 [-4. 17.]]
